f/Hz	Re{Y}/µS	Im{Y}/µS	Re{Z}/mOhm	Im{Z}/mOhm
1000	2147390	-249358	459	53
11000	791156	-950597	517	621
21000	307398	-697921	529	1200
31000	157246	-521293	530	1758
41000	93052	-408350	530	2328
51000	62532	-333532	543	2896
61000	43701	-283099	533	3450
71000	32684	-243613	541	4032
81000	25189	-214825	538	4592
91000	20075	-191836	540	5156
101000	16596	-173196	548	5721
111000	13628	-157760	544	6292
121000	11538	-144747	547	6865
131000	9942	-133907	551	7427
141000	8687	-124471	558	7995
151000	7546	-116321	555	8561
161000	6734	-109142	563	9128
171000	6020	-102858	567	9689
181000	5416	-97183	572	10258
191000	4849	-92118	570	10826
201000	4485	-87489	584	11400
211000	4044	-83378	580	11965
221000	3752	-79627	591	12531
231000	3488	-76308	598	13077
241000	3171	-73097	592	13655
251000	2947	-70237	596	14212
261000	2785	-67547	609	14779
271000	2548	-65026	602	15355
281000	2369	-62763	601	15910
291000	2249	-60606	611	16477
301000	2140	-58584	623	17047
311000	2034	-56690	632	17617
321000	1902	-54918	630	18187
331000	1793	-53287	631	18745
341000	1680	-51740	627	19307
351000	1639	-50258	648	19876
361000	1550	-48881	648	20437
371000	1479	-47571	653	21001
381000	1424	-46297	664	21579
391000	1352	-45124	663	22141
401000	1278	-43998	660	22709
411000	1234	-42925	669	23277
421000	1197	-41940	680	23824
431000	1155	-40960	688	24394
441000	1114	-40035	695	24959
451000	1038	-39125	678	25541
461000	1011	-38298	689	26093
471000	981	-37493	697	26653
481000	964	-36693	715	27235
491000	939	-35957	726	27792
501000	870	-35242	700	28358
511000	877	-34598	732	28885
521000	829	-33910	721	29472
531000	804	-33259	726	30049
541000	773	-32679	723	30583
551000	767	-32065	746	31169
561000	737	-31500	743	31729
571000	715	-30949	746	32294
581000	702	-30425	758	32851
591000	686	-29901	766	33426
601000	655	-29410	757	33985
611000	642	-28927	767	34552
621000	623	-28470	768	35107
631000	614	-28024	782	35667
641000	621	-27573	816	36250
651000	585	-27153	793	36812
661000	564	-26760	787	37352
671000	550	-26341	793	37947
681000	553	-25967	820	38493
691000	529	-25584	807	39071
701000	527	-25229	828	39620
711000	515	-24881	832	40174
721000	498	-24529	827	40751
731000	495	-24191	846	41321
741000	470	-23872	824	41875
751000	462	-23547	833	42451
761000	467	-23240	864	43011
771000	461	-22937	876	43580
781000	453	-22652	882	44128
791000	440	-22368	878	44689
801000	429	-22087	879	45258
811000	423	-21812	890	45829
821000	414	-21561	890	46364
831000	409	-21290	903	46952
841000	395	-21021	894	47556
851000	384	-20784	888	48096
861000	377	-20542	894	48665
871000	384	-20300	931	49243
881000	378	-20081	937	49781
891000	367	-19854	931	50351
901000	365	-19646	944	50883
911000	351	-19415	930	51491
921000	348	-19220	941	52012
931000	352	-18994	976	52630
941000	343	-18807	970	53154
951000	334	-18601	966	53742
961000	329	-18408	969	54305
971000	330	-18222	993	54860
981000	315	-18035	969	55430
991000	323	-17854	1014	55993
1001000	307	-17680	980	56544
1011000	303	-17495	989	57141
1021000	298	-17333	991	57677
1031000	297	-17161	1006	58253
1041000	298	-16982	1033	58868
1051000	291	-16833	1026	59391
1061000	279	-16678	1002	59943
1071000	286	-16519	1048	60516
1081000	278	-16372	1037	61062
1091000	274	-16212	1043	61666
1101000	268	-16079	1036	62175
1111000	273	-15912	1076	62828
1121000	258	-15775	1035	63373
1131000	265	-15651	1083	63875
1141000	253	-15504	1054	64481
1151000	253	-15364	1073	65070
1161000	261	-15240	1121	65596
1171000	251	-15102	1102	66199
1181000	244	-14974	1089	66766
1191000	245	-14849	1110	67326
1201000	242	-14729	1117	67874
1211000	241	-14599	1129	68478
1221000	240	-14484	1146	69021
1231000	235	-14360	1141	69621
1241000	234	-14246	1155	70177
1251000	213	-14141	1066	70699
1261000	220	-14023	1120	71293
1271000	216	-13908	1117	71882
1281000	214	-13802	1122	72434
1291000	213	-13695	1138	73000
1301000	219	-13583	1188	73601
1311000	213	-13481	1173	74158
1321000	207	-13383	1158	74706
1331000	208	-13280	1176	75283
1341000	206	-13189	1186	75802
1351000	206	-13092	1200	76364
1361000	203	-12995	1201	76932
1371000	209	-12911	1252	77431
1381000	204	-12816	1244	78005
1391000	198	-12715	1226	78630
1401000	195	-12622	1226	79206
1411000	193	-12533	1225	79770
1421000	196	-12445	1264	80335
1431000	187	-12353	1224	80934
1441000	183	-12259	1219	81555
1451000	182	-12178	1226	82098
1461000	183	-12094	1249	82668
1471000	182	-12009	1264	83249
1481000	177	-11928	1243	83816
1491000	180	-11844	1283	84412
1501000	182	-11777	1312	84889
1511000	179	-11695	1312	85484
1521000	173	-11617	1283	86060
1531000	167	-11533	1258	86689
1541000	165	-11465	1257	87202
1551000	161	-11389	1244	87788
1561000	165	-11316	1286	88348
1571000	164	-11238	1294	88964
1581000	169	-11159	1358	89591
1591000	167	-11095	1354	90113
1601000	164	-11026	1346	90671
1611000	165	-10958	1377	91239
1621000	156	-10890	1316	91805
1631000	154	-10821	1317	92395
1641000	148	-10750	1279	93002
1651000	158	-10693	1377	93500
1661000	150	-10624	1325	94112
1671000	150	-10557	1346	94703
1681000	153	-10503	1388	95187
1691000	145	-10433	1331	95835
1701000	151	-10370	1406	96408
1711000	158	-10320	1487	96881
1721000	144	-10255	1371	97493
1731000	135	-10193	1303	98087
1741000	138	-10138	1338	98616
1751000	134	-10073	1319	99255
1761000	137	-10015	1364	99827
1771000	142	-9964	1428	100337
1781000	131	-9905	1336	100937
1791000	129	-9846	1330	101551
1801000	141	-9793	1470	102090
1811000	133	-9728	1408	102781
1821000	132	-9681	1410	103274
1831000	134	-9630	1448	103824
1841000	124	-9582	1354	104345
1851000	127	-9532	1393	104894
1861000	127	-9471	1416	105565
1871000	126	-9418	1420	106164
1881000	125	-9366	1429	106750
1891000	126	-9311	1455	107376
1901000	127	-9267	1483	107889
1911000	123	-9216	1449	108484
1921000	120	-9175	1420	108979
1931000	116	-9123	1388	109594
1941000	119	-9079	1445	110124
1951000	114	-9021	1396	110838
1961000	115	-8976	1423	111386
1971000	116	-8930	1457	111959
1981000	122	-8882	1540	112570
1991000	123	-8842	1568	113079
2001000	117	-8791	1508	113734
2011000	116	-8758	1515	114163
2021000	109	-8705	1438	114861
2031000	108	-8663	1445	115414
2041000	111	-8616	1494	116038
2051000	112	-8581	1524	116522
2061000	112	-8531	1533	117196
2071000	111	-8484	1544	117844
2081000	110	-8444	1544	118402
2091000	108	-8414	1526	118825
2101000	106	-8373	1509	119413
2111000	103	-8326	1483	120087
2121000	108	-8294	1568	120548
2131000	97	-8251	1421	121186
2141000	107	-8214	1592	121723
2151000	109	-8166	1627	122430
2161000	108	-8129	1638	122992
2171000	100	-8087	1522	123630
2181000	100	-8057	1533	124104
2191000	100	-8029	1555	124537
2201000	100	-7977	1578	125335
2211000	101	-7949	1603	125787
2221000	99	-7902	1585	126531
2231000	101	-7863	1639	127161
2241000	102	-7832	1667	127657
2251000	101	-7797	1656	128235
2261000	99	-7765	1647	128759
2271000	99	-7720	1656	129516
2281000	93	-7688	1571	130057
2291000	96	-7660	1630	130533
2301000	89	-7623	1539	131170
2311000	99	-7593	1708	131673
2321000	98	-7550	1728	132434
2331000	101	-7528	1786	132807
2341000	96	-7492	1718	133454
2351000	90	-7460	1610	134030
2361000	92	-7426	1662	134639
2371000	87	-7386	1602	135377
2381000	89	-7360	1648	135845
2391000	97	-7329	1814	136420
2401000	96	-7290	1797	137154
2411000	87	-7262	1648	137690
2421000	88	-7242	1674	138057
2431000	82	-7205	1574	138780
2441000	87	-7179	1685	139273
2451000	91	-7154	1775	139758
2461000	82	-7115	1610	140531
2471000	84	-7085	1669	141120
2481000	91	-7055	1822	141722
2491000	86	-7020	1735	142424
2501000	81	-6990	1651	143034
2511000	84	-6976	1728	143336
2521000	75	-6943	1560	144019
2531000	75	-6909	1581	144716
2541000	84	-6890	1769	145119
2551000	79	-6854	1676	145880
2561000	91	-6827	1943	146455
2571000	90	-6802	1934	146985
2581000	82	-6774	1788	147602
2591000	75	-6744	1647	148264
2601000	77	-6724	1706	148702
2611000	73	-6688	1636	149499
2621000	78	-6669	1743	149938
2631000	73	-6645	1662	150462
2641000	75	-6622	1715	150986
2651000	77	-6584	1785	151859
2661000	79	-6555	1849	152525
2671000	83	-6536	1948	152966
2681000	75	-6500	1781	153818
2691000	75	-6483	1774	154222
2701000	74	-6462	1770	154733
2711000	76	-6438	1834	155317
2721000	73	-6411	1767	155966
2731000	74	-6384	1816	156619
2741000	85	-6361	2091	157191
2751000	77	-6326	1929	158056
2761000	80	-6310	2000	158459
2771000	71	-6285	1804	159088
2781000	80	-6267	2043	159536
2791000	73	-6241	1872	160203
2801000	68	-6215	1762	160873
2811000	68	-6199	1766	161289
2821000	70	-6179	1831	161817
2831000	72	-6148	1894	162645
2841000	81	-6131	2150	163089
2851000	77	-6111	2072	163603
2861000	69	-6089	1863	164198
2871000	67	-6066	1820	164831
2881000	64	-6042	1754	165487
2891000	71	-6018	1957	166132
2901000	69	-5996	1916	166759
2911000	63	-5971	1778	167458
2921000	72	-5949	2027	168059
2931000	73	-5930	2071	168622
2941000	76	-5912	2184	169117
2951000	67	-5889	1941	169788
2961000	62	-5863	1802	170555
2971000	69	-5844	2023	171094
2981000	71	-5831	2075	171479
2991000	62	-5803	1847	172301
3001000	64	-5791	1915	172670
3011000	70	-5772	2098	173237
3021000	71	-5750	2147	173901
3031000	72	-5721	2192	174768
3041000	69	-5702	2133	175352
3051000	63	-5681	1964	176014
3061000	67	-5670	2082	176332
3071000	66	-5650	2071	176954
3081000	59	-5623	1859	177825
3091000	61	-5607	1940	178333
3101000	58	-5587	1859	178952
3111000	64	-5569	2057	179526
3121000	67	-5550	2181	180169
3131000	63	-5527	2052	180908
3141000	58	-5505	1918	181619
3151000	56	-5496	1864	181919
3161000	62	-5482	2068	182391
3171000	55	-5456	1864	183272
3181000	60	-5440	2014	183795
3191000	55	-5423	1883	184386
3201000	55	-5407	1877	184932
3211000	64	-5394	2209	185357
3221000	64	-5368	2210	186263
3231000	66	-5348	2304	186960
3241000	59	-5332	2083	187508
3251000	61	-5318	2162	188033
3261000	59	-5307	2108	188415
3271000	53	-5282	1908	189290
3281000	53	-5267	1927	189830
3291000	63	-5252	2267	190382
3301000	60	-5233	2194	191085
3311000	62	-5219	2276	191568
3321000	65	-5200	2390	192277
3331000	63	-5177	2346	193129
3341000	59	-5158	2235	193854
3351000	54	-5144	2035	194381
3361000	55	-5136	2067	194686
3371000	54	-5123	2060	195176
3381000	49	-5101	1870	196040
3391000	54	-5084	2080	196671
3401000	54	-5069	2106	197270
3411000	52	-5053	2032	197876
3421000	55	-5041	2175	198366
3431000	60	-5027	2364	198878
3441000	60	-5001	2412	199913
3451000	60	-4987	2418	200494
3461000	55	-4973	2234	201073
3471000	57	-4961	2319	201541
3481000	56	-4950	2305	201985
3491000	49	-4929	2026	202878
3501000	49	-4912	2038	203558
3511000	53	-4900	2216	204053
3521000	49	-4883	2050	204758
3531000	50	-4868	2098	205407
3541000	56	-4858	2377	205822
3551000	61	-4839	2584	206610
3561000	57	-4824	2454	207279
3571000	51	-4808	2190	207984
3581000	46	-4792	1992	208660
3591000	47	-4785	2049	208986
3601000	51	-4772	2248	209510
3611000	51	-4755	2248	210273
3621000	49	-4736	2189	211133
3631000	49	-4726	2193	211552
3641000	45	-4714	2020	212100
3651000	45	-4698	2047	212842
3661000	56	-4684	2560	213476
3671000	58	-4672	2646	214017
3681000	52	-4652	2417	214928
3691000	51	-4642	2383	215418
3701000	48	-4628	2226	216047
3711000	46	-4616	2148	216624
3721000	47	-4609	2215	216955
3731000	50	-4599	2383	217413
3741000	51	-4578	2419	218391
3751000	45	-4560	2141	219291
3761000	51	-4549	2443	219790
3771000	52	-4537	2524	220358
3781000	54	-4520	2642	221219
3791000	58	-4507	2837	221833
3801000	58	-4497	2861	222315
3811000	53	-4486	2647	222905
3821000	47	-4471	2365	223616
3831000	47	-4455	2392	224430
3841000	47	-4437	2376	225356
3851000	47	-4425	2421	225960
3861000	48	-4419	2472	226284
3871000	49	-4414	2495	226514
3881000	47	-4400	2452	227223
3891000	42	-4384	2167	228068
3901000	46	-4372	2382	228685
3911000	51	-4359	2671	229355
3921000	54	-4346	2858	230052
3931000	56	-4336	2996	230564
3941000	54	-4328	2885	231010
3951000	53	-4317	2834	231628
3961000	48	-4301	2578	232459
3971000	45	-4287	2472	233220
3981000	43	-4278	2341	233757
3991000	44	-4263	2432	234532
4001000	47	-4252	2590	235173
4011000	48	-4243	2693	235643
4021000	51	-4230	2875	236345
4031000	53	-4215	2989	237189
4041000	50	-4192	2840	238506
4051000	49	-4185	2772	238895
4061000	50	-4178	2874	239309
4071000	46	-4167	2633	239930
4081000	43	-4154	2512	240732
4091000	42	-4146	2469	241144
4101000	48	-4138	2812	241604
4111000	50	-4126	2932	242347
4121000	45	-4113	2670	243100
4131000	44	-4103	2587	243670
4141000	39	-4093	2314	244322
4151000	36	-4079	2167	245112
4161000	38	-4071	2305	245636
4171000	44	-4060	2653	246301
4181000	52	-4049	3156	246910
4191000	50	-4039	3080	247531
4201000	41	-4025	2528	248448
4211000	42	-4016	2595	248954
4221000	41	-4010	2579	249348
4231000	41	-4004	2535	249729
4241000	41	-3995	2580	250316
4251000	41	-3981	2586	251195
4261000	44	-3973	2762	251698
4271000	48	-3963	3078	252277
4281000	48	-3954	3075	252891
4291000	45	-3939	2877	253838
4301000	44	-3924	2846	254797
4311000	47	-3914	3075	255486
4321000	47	-3902	3113	256217
4331000	44	-3890	2875	257052
4341000	40	-3884	2672	257407
4351000	42	-3881	2820	257647
4361000	43	-3875	2876	258004
4371000	41	-3865	2757	258718
4381000	32	-3847	2185	259893
4391000	34	-3838	2317	260502
4401000	38	-3829	2597	261119
4411000	43	-3821	2917	261703
4421000	40	-3811	2745	262371
4431000	40	-3800	2752	263124
4441000	38	-3793	2652	263595
4451000	42	-3785	2916	264173
4461000	48	-3774	3404	264910
4471000	46	-3758	3260	266050
4481000	44	-3746	3157	266935
4491000	44	-3738	3114	267520
4501000	41	-3728	2981	268242
4511000	37	-3718	2653	268913
4521000	35	-3710	2558	269489
4531000	38	-3703	2774	270005
4541000	40	-3699	2927	270337
4551000	43	-3691	3166	270909
4561000	44	-3679	3246	271756
4571000	37	-3666	2723	272738
4581000	35	-3656	2656	273516
4591000	40	-3648	2979	274086
4601000	40	-3638	3011	274820
4611000	42	-3628	3156	275602
4621000	44	-3614	3347	276660
4631000	43	-3606	3284	277265
4641000	42	-3601	3250	277669
4651000	45	-3596	3491	278038
4661000	46	-3590	3595	278470
4671000	42	-3579	3284	279403
4681000	41	-3567	3258	280344
4691000	39	-3560	3083	280864
4701000	42	-3552	3338	281529
4711000	38	-3543	3057	282201
4721000	38	-3536	3057	282764
4731000	34	-3529	2748	283323
4741000	36	-3523	2919	283779
4751000	38	-3519	3083	284175
4761000	42	-3510	3441	284884
4771000	44	-3495	3598	286079
4781000	42	-3480	3499	287338
4791000	40	-3471	3322	288075
4801000	38	-3464	3170	288635
4811000	36	-3458	2984	289179
4821000	37	-3453	3136	289543
4831000	33	-3445	2764	290267
4841000	30	-3436	2546	290988
4851000	30	-3430	2511	291551
4861000	35	-3426	2982	291880
4871000	37	-3419	3137	292459
4881000	40	-3409	3478	293269
4891000	39	-3399	3405	294193
4901000	35	-3386	3062	295267
4911000	34	-3380	2999	295854
4921000	37	-3372	3223	296528
4931000	38	-3357	3350	297816
4941000	38	-3347	3386	298727
4951000	37	-3340	3290	299402
4961000	38	-3334	3378	299916
4971000	40	-3329	3610	300307
4981000	41	-3326	3749	300576
4991000	40	-3321	3587	301111
5001000	39	-3312	3518	301928
5011000	37	-3301	3379	302871
5021000	35	-3290	3217	303938
5031000	34	-3283	3143	304578
5041000	35	-3277	3245	305167
5051000	36	-3272	3401	305563
5061000	32	-3266	3037	306120
5071000	31	-3259	2934	306838
5081000	30	-3250	2799	307662
5091000	32	-3242	3063	308380
5101000	34	-3238	3217	308820
5111000	42	-3226	4056	309954
5121000	43	-3219	4149	310607
5131000	43	-3208	4184	311702
5141000	38	-3202	3709	312243
5151000	38	-3194	3719	313041
5161000	38	-3190	3745	313454
5171000	35	-3185	3463	313964
5181000	33	-3175	3306	314945
5191000	32	-3169	3158	315527
5201000	31	-3164	3133	316036
5211000	35	-3157	3478	316701
5221000	37	-3148	3757	317602
5231000	41	-3141	4198	318322
5241000	41	-3137	4215	318723
5251000	40	-3130	4079	319470
5261000	36	-3118	3710	320647
5271000	35	-3108	3616	321721
5281000	36	-3096	3728	322968
5291000	39	-3090	4135	323572
5301000	42	-3085	4441	324036
5311000	41	-3082	4362	324383
5321000	44	-3076	4619	325023
5331000	41	-3070	4320	325646
5341000	38	-3063	4031	326379
5351000	37	-3060	3975	326779
5361000	38	-3052	4032	327554
5371000	38	-3049	4074	327922
5381000	41	-3043	4414	328613
5391000	44	-3034	4785	329522
5401000	39	-3025	4313	330474
5411000	34	-3019	3778	331239
5421000	33	-3013	3581	331901
5431000	31	-3009	3457	332294
5441000	31	-3001	3420	333223
5451000	31	-2992	3425	334135
5461000	27	-2982	3091	335341
5471000	29	-2972	3302	336412
5481000	36	-2966	4058	337122
5491000	35	-2960	4022	337776
5501000	38	-2956	4298	338197
5511000	38	-2953	4369	338614
5521000	37	-2950	4275	338957
5531000	33	-2941	3765	339926
5541000	31	-2938	3563	340344
5551000	26	-2926	3014	341780
5561000	25	-2923	2869	342115
5571000	26	-2916	3005	342906
5581000	31	-2910	3617	343657
5591000	33	-2904	3932	344340
5601000	36	-2897	4236	345190
5611000	35	-2889	4219	346132
5621000	35	-2887	4257	346353
5631000	35	-2881	4248	347048
5641000	37	-2873	4451	347952
5651000	39	-2865	4791	348958
5661000	43	-2861	5195	349508
5671000	44	-2851	5436	350631
5681000	41	-2848	5089	350992
5691000	38	-2837	4687	352388
5701000	33	-2832	4080	353002
5711000	29	-2827	3683	353634
5721000	30	-2823	3757	354230
5731000	29	-2818	3711	354803
5741000	30	-2812	3776	355553
5751000	28	-2806	3498	356303
5761000	27	-2799	3458	357279
5771000	29	-2791	3726	358240
5781000	31	-2786	4044	358836
5791000	32	-2781	4114	359489
5801000	32	-2780	4150	359693
5811000	35	-2775	4518	360290
5821000	33	-2769	4272	361047
5831000	32	-2763	4156	361923
5841000	28	-2755	3660	362895
5851000	30	-2743	3972	364543
5861000	28	-2733	3781	365922
5871000	31	-2726	4115	366811
5881000	34	-2722	4549	367373
5891000	33	-2717	4456	368020
5901000	32	-2713	4390	368570
5911000	34	-2705	4671	369666
5921000	32	-2701	4419	370179
5931000	29	-2696	4015	370819
5941000	28	-2690	3820	371776
5951000	24	-2686	3259	372304
5961000	28	-2683	3940	372648
5971000	30	-2679	4176	373161
5981000	32	-2676	4434	373659
5991000	34	-2673	4814	374055
6001000	34	-2667	4779	374893
6011000	33	-2657	4741	376249
6021000	31	-2650	4414	377360
6031000	28	-2644	3943	378140
6041000	30	-2638	4332	379081
6051000	31	-2635	4529	379397
6061000	29	-2626	4214	380833
6071000	30	-2616	4359	382246
6081000	29	-2610	4315	383121
6091000	31	-2601	4515	384404
6101000	29	-2598	4334	384798
6111000	29	-2594	4266	385418
6121000	30	-2594	4530	385402
6131000	30	-2590	4477	386001
6141000	30	-2587	4461	386556
6151000	31	-2586	4670	386584
6161000	32	-2581	4764	387341
6171000	32	-2576	4839	388099
6181000	31	-2570	4740	389035
6191000	29	-2563	4446	390152
6201000	25	-2552	3886	391752
6211000	25	-2546	3800	392660
6221000	26	-2543	4015	393245
6231000	25	-2538	3824	393944
6241000	27	-2535	4188	394410
6251000	26	-2533	4115	394721
6261000	26	-2528	4094	395590
6271000	30	-2522	4689	396460
6281000	26	-2512	4059	397996
6291000	29	-2505	4690	399205
6301000	30	-2499	4790	400027
6311000	32	-2491	5147	401421
6321000	33	-2490	5346	401471
6331000	36	-2487	5747	401939
6341000	36	-2483	5909	402656
6351000	37	-2482	6031	402816
6361000	35	-2479	5774	403312
6371000	33	-2473	5365	404239
6381000	29	-2469	4798	405032
6391000	28	-2466	4560	405493
6401000	23	-2456	3839	407061
6411000	25	-2453	4107	407682
6421000	27	-2448	4580	408485
6431000	30	-2443	5020	409244
6441000	29	-2437	4937	410242
6451000	30	-2431	5041	411330
6461000	30	-2422	5095	412815
6471000	29	-2418	4996	413504
6481000	29	-2414	4895	414195
6491000	30	-2409	5190	415129
6501000	32	-2407	5553	415430
6511000	37	-2401	6430	416480
6521000	37	-2395	6531	417379
6531000	40	-2387	7103	418766
6541000	40	-2386	7107	419072
6551000	43	-2380	7505	419961
6561000	39	-2378	6875	420484
6571000	37	-2373	6653	421309
6581000	31	-2366	5547	422620
6591000	29	-2360	5121	423593
6601000	27	-2356	4873	424438
6611000	29	-2349	5345	425637
6621000	30	-2348	5428	425872
6631000	31	-2344	5648	426627
6641000	32	-2340	5884	427354
6651000	33	-2335	6063	428185
6661000	35	-2333	6369	428545
6671000	34	-2327	6227	429617
6681000	33	-2323	6081	430351
6691000	32	-2319	6026	431059
6701000	30	-2314	5608	432091
6711000	28	-2311	5297	432640
6721000	29	-2308	5353	433194
6731000	28	-2306	5287	433529
6741000	32	-2300	6113	434774
6751000	35	-2297	6556	435327
6761000	38	-2290	7305	436587
6771000	38	-2284	7243	437718
6781000	37	-2276	7104	439210
6791000	36	-2270	7018	440408
6801000	36	-2264	6957	441515
6811000	33	-2260	6383	442375
6821000	32	-2254	6292	443567
6831000	30	-2253	5960	443782
6841000	30	-2248	5985	444776
6851000	28	-2243	5657	445743
6861000	28	-2239	5587	446485
6871000	24	-2235	4858	447395
6881000	24	-2229	4759	448570
6891000	21	-2226	4271	449266
6901000	23	-2223	4754	449872
6911000	26	-2216	5210	451232
6921000	28	-2213	5668	451826
6931000	29	-2209	5942	452634
6941000	31	-2208	6389	452880
6951000	31	-2205	6425	453525
6961000	30	-2202	6128	454076
6971000	30	-2199	6259	454639
6981000	33	-2194	6750	455669
6991000	35	-2190	7376	456544
7001000	36	-2184	7606	457740
7011000	33	-2177	7048	459335
7021000	31	-2170	6689	460768
7031000	30	-2162	6524	462457
7041000	29	-2159	6179	463074
7051000	28	-2155	6100	463897
7061000	29	-2154	6257	464091
7071000	30	-2152	6548	464523
7081000	29	-2149	6198	465146
7091000	25	-2149	5423	465355
7101000	24	-2147	5299	465772
7111000	22	-2140	4906	467266
7121000	22	-2133	4931	468768
7131000	22	-2130	4902	469531
7141000	22	-2125	4937	470611
7151000	22	-2121	4994	471330
7161000	24	-2118	5432	472005
7171000	26	-2115	5909	472676
7181000	29	-2112	6433	473358
7191000	28	-2112	6340	473391
7201000	28	-2107	6389	474563
7211000	29	-2104	6526	475204
7221000	29	-2103	6615	475400
7231000	30	-2100	6697	476080
7241000	30	-2095	6741	477171
7251000	29	-2093	6633	477656
7261000	27	-2089	6153	478729
7271000	27	-2082	6175	480313
7281000	26	-2073	6156	482385
7291000	29	-2068	6735	483489
7301000	32	-2062	7501	484875
7311000	31	-2058	7254	485783
7321000	32	-2056	7518	486318
7331000	32	-2053	7526	487042
7341000	27	-2051	6441	487481
7351000	27	-2046	6478	488631
7361000	27	-2041	6500	489796
7371000	26	-2040	6183	490010
7381000	24	-2038	5835	490648
7391000	23	-2035	5460	491344
7401000	22	-2033	5297	491803
7411000	22	-2032	5406	492025
7421000	25	-2028	6115	493047
7431000	24	-2026	5936	493520
7441000	27	-2020	6626	495019
7451000	30	-2019	7293	495276
7461000	30	-2012	7373	496958
7471000	30	-2009	7455	497687
7481000	31	-2005	7670	498712
7491000	32	-2000	7956	499755
7501000	30	-1996	7532	500952
7511000	29	-1990	7247	502403
7521000	28	-1986	7074	503419
7531000	25	-1977	6348	505829
7541000	25	-1972	6434	507079
7551000	27	-1965	6903	508856
7561000	27	-1966	7037	508626
7571000	29	-1961	7640	509910
7581000	29	-1958	7637	510715
7591000	29	-1953	7612	512004
7601000	29	-1951	7660	512315
7611000	28	-1951	7260	512561
7621000	27	-1949	7179	513044
7631000	23	-1942	6163	514773
7641000	23	-1941	6152	515062
7651000	21	-1938	5652	515858
7661000	21	-1935	5639	516684
7671000	18	-1931	4852	517748
7681000	21	-1929	5705	518327
7691000	22	-1923	5930	519942
7701000	25	-1919	6887	520989
7711000	24	-1920	6502	520657
7721000	26	-1917	7063	521544
7731000	27	-1913	7358	522634
7741000	30	-1911	8241	523236
7751000	32	-1911	8823	523059
7761000	30	-1905	8199	524940
7771000	30	-1901	8229	525795
7781000	29	-1900	8107	526267
7791000	28	-1895	7693	527574
7801000	26	-1890	7144	528947
7811000	24	-1884	6810	530595
7821000	25	-1880	7102	531753
7831000	24	-1875	6868	533355
7841000	28	-1871	7925	534334
7851000	28	-1865	8176	536075
7861000	30	-1858	8707	538116
7871000	32	-1858	9146	538122
7881000	31	-1851	9152	540128
7891000	30	-1847	8874	541266
7901000	30	-1842	8915	542700
7911000	26	-1841	7532	543219
7921000	27	-1835	8033	544767
7931000	25	-1836	7559	544480
7941000	23	-1833	6960	545372
7951000	24	-1832	7154	545642
7961000	24	-1829	7222	546522
7971000	25	-1827	7523	547181
7981000	24	-1825	7203	547805
7991000	28	-1822	8381	548849
8001000	27	-1822	8137	548849
8011000	28	-1819	8467	549520
8021000	30	-1814	9064	551037
8031000	31	-1812	9405	551689
8041000	30	-1808	9208	552844
8051000	32	-1803	9811	554446
8061000	32	-1800	9915	555342
8071000	28	-1798	8744	556186
8081000	29	-1795	9090	556893
8091000	26	-1790	8066	558674
8101000	25	-1786	7736	559950
8111000	21	-1781	6551	561374
8121000	24	-1775	7602	563292
8131000	27	-1769	8472	565251
8141000	27	-1766	8783	565988
8151000	28	-1762	9051	567312
8161000	28	-1757	9019	568959
8171000	30	-1754	9675	569976
8181000	29	-1750	9322	571293
8191000	28	-1748	9050	571975
8201000	29	-1744	9475	573264
8211000	29	-1739	9491	574856
8221000	26	-1737	8591	575468
8231000	26	-1736	8667	575877
8241000	25	-1734	8443	576560
8251000	27	-1733	9075	576966
8261000	26	-1729	8695	578302
8271000	27	-1727	8989	579030
8281000	28	-1724	9475	579758
8291000	31	-1723	10302	580126
8301000	30	-1720	10249	581166
8311000	31	-1718	10584	581925
8321000	31	-1715	10613	582968
8331000	33	-1713	11328	583388
8341000	30	-1712	10316	584072
8351000	33	-1711	11383	584208
8361000	33	-1708	11430	585252
8371000	34	-1707	11563	585627
8381000	32	-1704	10919	586641
8391000	31	-1700	10550	587996
8401000	29	-1699	10003	588327
8411000	30	-1697	10307	589086
8421000	25	-1690	8795	591461
8431000	24	-1684	8295	593578
8441000	26	-1683	9063	594049
8451000	30	-1675	10820	596941
8461000	30	-1672	10900	598037
8471000	31	-1667	11171	599504
8481000	32	-1663	11471	601027
8491000	30	-1660	10840	602089
8501000	32	-1659	11589	602532
8511000	33	-1657	11908	603333
8521000	29	-1651	10733	605510
8531000	28	-1649	10414	606222
8541000	27	-1648	9820	606579
8551000	26	-1644	9456	608052
8561000	26	-1645	9547	607769
8571000	26	-1642	9589	608904
8581000	25	-1640	9235	609618
8591000	24	-1638	8813	610410
8601000	22	-1636	8379	611188
8611000	24	-1635	8842	611326
8621000	26	-1634	9792	611739
8631000	28	-1631	10510	612919
8641000	29	-1629	10859	613764
8651000	28	-1622	10727	616472
8661000	30	-1620	11458	616974
8671000	31	-1620	11851	617047
8681000	33	-1615	12559	619010
8691000	32	-1613	12188	619825
8701000	32	-1607	12520	622211
8711000	31	-1605	12210	622958
8721000	32	-1602	12640	623799
8731000	31	-1598	12200	625356
8741000	31	-1591	12131	628141
8751000	28	-1589	11277	629300
8761000	25	-1580	10212	632847
8771000	27	-1576	10975	634212
8781000	26	-1572	10593	635822
8791000	28	-1569	11534	637113
8801000	30	-1569	12013	637234
8811000	30	-1563	12232	639762
8821000	30	-1561	12244	640274
8831000	31	-1559	12689	641173
8841000	29	-1560	11909	640811
8851000	32	-1557	13150	641786
8861000	32	-1554	13124	643127
8871000	31	-1552	12823	643938
8881000	30	-1552	12576	643955
8891000	31	-1550	13016	644851
8901000	32	-1546	13436	646619
8911000	30	-1547	12736	646226
8921000	30	-1542	12583	648360
8931000	31	-1538	13289	649784
8941000	31	-1535	13240	651129
8951000	30	-1533	12958	651991
8961000	30	-1530	13018	653270
8971000	31	-1526	13328	655126
8981000	32	-1526	13769	655226
8991000	31	-1521	13228	656982
9001000	30	-1522	12807	656995
9011000	29	-1518	12740	658401
9021000	31	-1517	13547	658900
9031000	31	-1517	13261	658977
9041000	32	-1515	13863	659877
9051000	31	-1513	13461	660777
9061000	31	-1512	13466	661289
9071000	32	-1509	13905	662257
9081000	30	-1506	12996	663601
9091000	31	-1503	13778	665061
9101000	30	-1499	13158	666903
9111000	31	-1497	13654	667909
9121000	30	-1492	13673	670161
9131000	32	-1484	14472	673449
9141000	28	-1478	12876	676138
9151000	31	-1478	14263	676350
9161000	30	-1471	14060	679608
9171000	31	-1467	14440	681565
9181000	33	-1463	15240	683105
9191000	31	-1464	14386	682699
9201000	31	-1461	14351	684188
9211000	31	-1457	14789	686151
9221000	29	-1457	13472	686099
9231000	27	-1453	12897	688044
9241000	28	-1454	13117	687689
9251000	23	-1449	11006	689946
9261000	25	-1446	11804	691585
9271000	25	-1444	11785	692186
9281000	22	-1444	10413	692155
9291000	21	-1439	10360	694648
9301000	22	-1438	10481	695191
9311000	21	-1437	10403	695824
9321000	23	-1433	11261	697517
9331000	24	-1429	11593	699615
9341000	24	-1428	11608	700173
9351000	25	-1426	12074	701289
9361000	24	-1424	12015	701927
9371000	26	-1423	13085	702640
9381000	27	-1418	13494	704723
9391000	28	-1418	14098	704844
9401000	27	-1416	13569	705911
9411000	30	-1414	15050	707095
9421000	27	-1412	13524	708053
9431000	30	-1411	15023	708254
9441000	29	-1411	14534	708370
9451000	33	-1407	16543	710133
9461000	32	-1402	16512	712739
9471000	34	-1399	17511	714442
9481000	36	-1395	18345	716205
9491000	35	-1390	18148	718915
9501000	35	-1387	18060	720612
9511000	29	-1379	15136	724725
9521000	36	-1378	18902	725153
9531000	30	-1374	16118	727203
9541000	30	-1371	16069	728919
9551000	29	-1367	15487	731109
9561000	26	-1365	13849	732115
9571000	30	-1362	16009	734103
9581000	26	-1363	13963	733468
9591000	29	-1357	15846	736479
9601000	30	-1355	16344	737808
9611000	32	-1353	17403	738594
9621000	32	-1352	17504	739248
9631000	33	-1350	18129	740454
9641000	32	-1348	17496	741671
9651000	34	-1346	18568	742466
9661000	35	-1346	19129	742637
9671000	35	-1344	19174	743325
9681000	35	-1342	19653	744589
9691000	34	-1340	19040	745835
9701000	33	-1338	18490	747037
9711000	33	-1337	18570	747722
9721000	34	-1334	19127	749039
9731000	31	-1332	17369	750152
9741000	32	-1332	18028	750343
9751000	30	-1329	16744	752114
9761000	30	-1330	16811	751647
9771000	30	-1328	16771	752387
9781000	31	-1325	17839	754339
9791000	29	-1325	16237	754238
9801000	29	-1324	16293	754904
9811000	28	-1324	15721	754936
9821000	30	-1321	17348	756414
9831000	31	-1317	17764	758909
9841000	32	-1315	18256	760264
9851000	33	-1311	19331	762271
9861000	33	-1310	19254	763052
9871000	34	-1305	19693	765615
9881000	35	-1302	20864	767623
9891000	35	-1299	20761	769546
9901000	39	-1293	23024	772925
9911000	38	-1291	23017	773622
9921000	39	-1289	23582	775021
9931000	37	-1288	22335	775755
9941000	35	-1285	20919	777624
9951000	32	-1282	19591	779548
9961000	32	-1281	19777	780296
9971000	31	-1277	18903	782901
9981000	29	-1276	17596	783576
9991000	29	-1271	17942	786351
10001000	26	-1269	15881	787588
10011000	23	-1269	14090	787549
10021000	25	-1268	15339	788476
10031000	25	-1267	15301	789255
10041000	25	-1264	15861	790772
10051000	25	-1264	15400	790784
10061000	22	-1263	14079	791411
10071000	24	-1260	15187	793595
10081000	24	-1256	14985	795619
10091000	22	-1254	14224	796993
10101000	25	-1254	16162	797393
10111000	26	-1249	16563	800220
10121000	26	-1246	16508	802344
10131000	24	-1242	15698	805076
10141000	25	-1239	16228	806661
10151000	24	-1234	15883	810204
10161000	23	-1234	15168	810339
10171000	24	-1231	15746	811955
10181000	23	-1228	15513	814179
10191000	24	-1223	15958	817149
10201000	24	-1224	16064	816659
10211000	28	-1220	18734	819201
10221000	28	-1217	18599	821424
10231000	27	-1216	18570	822286
10241000	29	-1214	19996	823318
10251000	31	-1212	21330	824295
10261000	34	-1208	23122	827495
10271000	32	-1205	22256	829054
10281000	33	-1201	22831	832188
10291000	35	-1199	24352	833204
10301000	36	-1199	25077	833485
10311000	37	-1196	25629	835187
10321000	37	-1197	25693	834712
10331000	35	-1195	24838	836238
10341000	37	-1193	26188	837255
10351000	34	-1193	24071	837242
10361000	36	-1192	25451	838299
10371000	33	-1190	23344	839707
10381000	33	-1189	23324	840580
10391000	29	-1185	20923	843476
10401000	27	-1184	19449	844280
10411000	29	-1182	20876	845368
10421000	25	-1176	18178	849786
10431000	24	-1174	17242	851404
10441000	21	-1171	15552	853644
10451000	23	-1169	17166	854795
10461000	22	-1167	16244	856404
10471000	20	-1164	14430	858712
10481000	21	-1163	15892	859886
10491000	22	-1158	16393	863207
10501000	22	-1153	16763	866672
10511000	21	-1153	15941	866815
10521000	22	-1153	16668	867144
10531000	22	-1149	16508	869734
10541000	23	-1147	17193	871618
10551000	22	-1145	17137	872664
10561000	22	-1144	17113	873685
10571000	26	-1143	19506	874189
10581000	24	-1141	18488	875942
10591000	23	-1139	17448	877642
10601000	23	-1140	17589	877073
10611000	23	-1138	17565	878029
10621000	22	-1136	16657	879748
10631000	23	-1133	17899	882604
10641000	24	-1132	18672	882949
10651000	23	-1129	18336	885649
10661000	25	-1123	19498	890204
10671000	21	-1121	16860	891795
10681000	24	-1113	19458	898354
10691000	23	-1113	18637	898468
10701000	28	-1107	22629	902561
10711000	27	-1104	22374	905401
10721000	24	-1102	19686	907080
10731000	28	-1098	22853	910307
10741000	27	-1096	22719	911445
10751000	27	-1093	22425	914312
10761000	31	-1091	25749	915831
10771000	29	-1092	24247	915062
10781000	29	-1091	24271	916211
10791000	29	-1089	24119	917391
10801000	30	-1088	25745	918785
10811000	29	-1087	24890	918985
10821000	29	-1086	24734	920155
10831000	30	-1083	25461	922297
10841000	29	-1085	24711	920704
10851000	31	-1084	26422	922061
10861000	31	-1084	26584	921371
10871000	34	-1081	29126	923746
10881000	33	-1081	28314	923931
10891000	34	-1079	29058	926076
10901000	34	-1077	28970	927305
10911000	31	-1076	27036	928311
10921000	32	-1076	27899	928727
10931000	33	-1073	28631	930944
10941000	29	-1067	25427	936373
10951000	31	-1063	26970	939640
10961000	30	-1062	26849	940932
10971000	31	-1057	27360	945066
10981000	29	-1055	26225	947145
10991000	32	-1052	28853	949675
11001000	28	-1050	25759	951592
11011000	27	-1048	24578	953720
11021000	27	-1048	24797	953119
11031000	26	-1046	23624	955252
11041000	25	-1043	23280	958470
11051000	26	-1042	24266	958931
11061000	26	-1041	24134	960225
11071000	26	-1039	23982	961545
11081000	29	-1036	26585	964077
11091000	24	-1036	22648	964951
11101000	29	-1030	27213	969739
11111000	27	-1028	25954	971929
11121000	28	-1026	26655	974365
11131000	30	-1020	29221	979090
11141000	29	-1021	27419	978201
11151000	28	-1016	26727	983656
11161000	28	-1013	27427	986199
11171000	29	-1011	28171	988773
11181000	28	-1010	27273	989034
11191000	27	-1005	26647	994577
11201000	26	-1005	25617	994824
11211000	26	-1003	25535	996240
11221000	24	-1001	24177	998599
11231000	24	-1002	24241	997911
11241000	24	-998	23807	1001466
11251000	25	-997	24849	1001945
11261000	23	-998	22970	1001040
11271000	24	-996	23700	1003697
11281000	22	-996	22527	1003983
11291000	23	-995	23496	1004528
11301000	21	-996	21456	1003611
11311000	23	-992	23143	1007497
11321000	22	-989	22736	1011114
11331000	24	-992	24315	1007334
11341000	23	-990	23110	1009702
11351000	27	-988	27267	1011714
11361000	27	-985	28029	1014401
11371000	28	-982	28929	1017128
11381000	28	-981	28719	1018669
11391000	27	-979	28545	1020181
11401000	27	-978	28333	1021696
11411000	29	-974	30257	1025685
11421000	31	-972	32375	1027511
11431000	31	-973	32449	1026815
11441000	31	-970	33200	1029572
11451000	30	-970	32053	1029889
11461000	31	-967	32911	1032749
11471000	31	-966	32774	1034320
11481000	30	-962	32289	1038194
11491000	30	-961	32145	1039784
11501000	29	-961	31059	1040135
11511000	30	-960	32163	1040717
11521000	27	-957	29446	1044407
11531000	27	-955	29303	1046023
11541000	25	-953	27730	1048650
11551000	22	-948	24537	1054683
11561000	23	-947	25663	1055269
11571000	22	-945	24184	1057936
11581000	22	-942	25016	1060865
11591000	23	-939	25790	1063895
11601000	21	-935	23804	1069091
11611000	24	-928	27777	1076379
11621000	26	-929	30300	1075970
11631000	24	-924	28400	1081288
11641000	26	-922	30673	1083420
11651000	28	-920	33043	1085532
11661000	27	-918	31460	1088452
11671000	30	-917	35173	1089434
11681000	29	-915	35024	1091234
11691000	30	-913	35933	1094501
11701000	30	-911	35674	1096298
11711000	29	-913	34567	1094082
11721000	32	-910	38084	1097707
11731000	31	-912	37277	1095602
11741000	28	-909	34120	1099653
11751000	29	-908	35285	1100351
11761000	29	-906	35081	1102210
11771000	28	-908	34115	1100041
11781000	31	-905	37597	1103676
11791000	29	-906	35020	1102516
11801000	31	-904	37443	1104717
11811000	29	-905	35043	1103641
11821000	29	-900	35602	1109583
11831000	28	-902	34577	1107262
11841000	26	-898	32524	1112921
11851000	30	-899	36767	1111331
11861000	28	-896	35008	1114414
11871000	26	-895	31986	1115947
11881000	25	-895	30662	1116302
11891000	25	-892	31667	1119826
11901000	27	-887	34898	1126313
11911000	29	-885	37328	1128615
11921000	26	-882	33992	1132964
11931000	26	-884	32920	1130679
11941000	25	-878	31863	1138179
11951000	28	-877	35910	1139339
11961000	26	-874	34100	1142599
11971000	26	-869	34740	1149124
11981000	27	-869	36094	1149940
11991000	28	-868	37430	1150806
12001000	29	-865	38357	1154462
12011000	28	-864	38077	1156550
12021000	31	-860	41907	1160646
12031000	30	-862	40772	1158160
12041000	31	-860	41876	1161897
12051000	33	-858	44589	1164390
12061000	33	-856	44311	1166546
12071000	35	-856	47273	1165978
12081000	34	-855	47028	1168095
12091000	37	-851	51099	1172251
12101000	38	-849	52171	1176114
12111000	39	-848	53603	1176978
12121000	42	-843	59201	1182870
12131000	40	-842	55884	1184802
12141000	41	-838	58439	1190507
12151000	40	-840	57099	1187953
12161000	41	-839	58514	1188808
12171000	42	-838	59918	1189610
12181000	41	-836	57946	1193236
12191000	40	-834	57753	1195602
12201000	40	-833	57587	1197819
12211000	42	-831	60435	1200425
12221000	40	-829	58432	1204137
12231000	41	-828	59921	1205074
12241000	40	-827	58222	1205677
12251000	40	-826	57924	1207955
12261000	36	-824	52640	1211355
12271000	37	-823	54220	1212363
12281000	37	-822	53971	1214698
12291000	34	-818	50065	1219882
12301000	32	-818	48339	1220453
12311000	32	-817	48043	1222838
12321000	33	-812	50522	1228994
12331000	32	-810	48322	1232741
12341000	30	-813	45495	1228143
12351000	29	-807	44394	1237362
12361000	29	-806	44042	1239785
12371000	27	-805	42233	1240310
12381000	28	-802	43286	1244682
12391000	31	-799	47835	1249628
12401000	28	-798	44005	1251715
12411000	31	-797	48961	1253171
12421000	32	-793	51621	1259645
12431000	29	-793	46292	1259891
12441000	29	-793	46371	1259043
12451000	29	-788	47044	1267141
12461000	32	-787	52159	1268689
12471000	30	-786	48188	1270853
12481000	29	-785	46202	1271470
12491000	29	-785	47772	1272523
12501000	29	-783	47397	1275221
12511000	27	-781	45018	1279495
12521000	27	-782	43519	1276491
12531000	26	-779	42513	1282668
12541000	25	-777	42153	1285263
12551000	24	-775	39596	1289611
12561000	25	-776	41769	1287075
12571000	23	-774	39181	1291321
12581000	22	-771	36687	1295760
12591000	22	-772	36762	1294880
12601000	22	-772	36810	1293997
12611000	22	-769	37896	1298860
12621000	23	-766	38918	1303794
12631000	22	-765	38384	1306564
12641000	23	-764	39982	1307752
12651000	25	-760	42752	1315111
12661000	23	-759	40616	1315811
12671000	25	-757	43910	1319207
12681000	24	-753	42808	1325930
12691000	27	-750	47784	1331657
12701000	28	-751	50114	1329041
12711000	30	-746	54710	1338663
12721000	30	-741	55402	1347946
12731000	34	-736	62489	1356260
12741000	34	-736	62545	1355288
12751000	33	-738	60819	1352017
12761000	35	-739	63213	1349355
12771000	44	-728	83541	1369334
12781000	36	-736	66231	1356029
12791000	34	-731	62952	1364857
12801000	35	-730	64867	1366363
12811000	33	-728	62015	1371372
12821000	35	-728	66204	1370790
12831000	35	-726	65733	1373855
12841000	33	-726	63436	1374672
12851000	35	-724	67224	1378416
12861000	35	-722	66708	1381623
12871000	35	-723	66728	1380453
12881000	36	-724	69145	1377796
12891000	34	-723	64466	1380585
12901000	34	-720	65808	1386257
12911000	34	-718	65328	1389593
12921000	35	-719	67750	1386572
12931000	33	-718	62894	1389291
12941000	33	-715	64208	1395004
12951000	35	-715	68527	1394628
12961000	31	-713	61287	1399379
12971000	31	-714	61250	1398376
12981000	30	-713	58786	1399234
12991000	29	-710	57566	1406970
13001000	30	-709	59489	1408423
13011000	26	-707	51866	1413048
13021000	29	-702	59498	1422202
13031000	28	-699	56254	1427643
13041000	24	-700	49183	1427841
13051000	27	-698	55676	1430148
13061000	23	-690	48316	1446944
13071000	28	-692	58284	1442597
13081000	28	-690	57725	1446066
13091000	24	-688	49623	1450938
13101000	19	-681	41963	1468244
13111000	20	-681	42030	1467314
13121000	23	-680	48825	1469549
13131000	21	-679	46012	1470317
13141000	24	-676	52035	1477626
13151000	22	-676	49207	1478535
13161000	23	-675	51275	1480195
13171000	22	-674	48364	1481053
13181000	25	-673	55317	1483782
13191000	22	-672	49612	1486870
13201000	26	-667	58031	1497225
13211000	22	-667	50147	1497445
13221000	25	-666	57239	1500124
13231000	25	-660	57792	1512032
13241000	26	-660	59962	1513743
13251000	27	-662	60769	1507393
13261000	27	-657	61332	1519843
13271000	27	-654	62700	1527059
13281000	32	-652	75423	1530183
13291000	30	-649	71674	1536449
13301000	33	-646	78471	1544377
13311000	33	-648	79087	1538011
13321000	32	-645	77534	1547459
13331000	32	-643	76749	1551690
13341000	33	-642	79010	1553780
13351000	33	-641	81243	1555876
13361000	33	-639	80422	1560322
13371000	34	-641	83487	1556719
13381000	33	-637	82018	1566349
13391000	33	-639	79552	1561997
13401000	34	-634	83561	1572787
13411000	33	-636	81147	1568596
13421000	33	-636	81034	1567368
13431000	31	-636	77690	1568694
13441000	32	-633	79211	1576420
13451000	34	-633	84908	1575856
13461000	31	-633	76105	1576120
13471000	33	-633	81603	1575701
13481000	29	-629	74252	1585157
13491000	29	-628	73380	1589720
13501000	28	-630	70807	1585195
13511000	28	-624	71557	1598764
13521000	29	-626	74660	1595168
13531000	27	-623	70445	1602009
13541000	30	-623	76300	1601489
13551000	29	-619	74343	1612231
13561000	26	-618	67475	1616319
13571000	29	-616	75779	1619268
13581000	27	-616	72325	1620415
13591000	28	-613	73828	1628802
13601000	30	-613	79553	1628518
13611000	29	-609	77723	1639229
13621000	28	-607	76719	1643930
13631000	31	-607	82691	1644027
13641000	29	-604	78055	1651437
13651000	28	-602	76898	1656442
13661000	30	-600	82088	1662387
13671000	28	-600	78387	1663574
13681000	29	-599	80788	1665930
13691000	29	-599	80667	1664638
13701000	28	-595	78602	1676159
13711000	27	-597	75690	1671218
13721000	30	-596	84641	1674398
13731000	27	-594	77051	1678549
13741000	29	-596	80683	1674404
13751000	27	-595	77009	1675923
13761000	28	-592	78401	1684609
13771000	25	-593	71470	1682872
13781000	30	-592	84495	1683535
13791000	28	-592	80926	1684805
13801000	29	-591	83643	1687194
13811000	26	-590	75914	1691509
13821000	27	-589	78548	1693818
13831000	29	-587	83977	1699920
13841000	29	-587	83859	1698440
13851000	28	-587	79706	1700403
13861000	29	-584	84925	1707016
13871000	29	-583	83936	1711944
13881000	29	-580	85565	1721034
13891000	32	-578	94904	1724556
13901000	33	-577	97543	1727372
13911000	38	-569	115392	1749360
13921000	35	-570	108090	1746851
13931000	33	-567	102706	1756192
13941000	38	-567	116442	1756867
13951000	39	-562	121776	1770693
13961000	36	-561	113520	1775473
13971000	37	-556	118622	1789646
13981000	36	-558	115149	1783899
13991000	38	-556	121444	1790645
14001000	38	-553	123730	1800722
14011000	36	-552	118910	1803328
14021000	34	-551	110058	1808324
14031000	36	-553	118500	1800088
14041000	36	-551	117474	1805991
14051000	34	-549	111774	1815273
14061000	32	-546	106006	1824910
14071000	36	-543	120061	1833162
14081000	32	-546	108640	1826699
14091000	24	-550	78869	1813256
14101000	32	-544	106420	1832124
14111000	30	-541	100553	1841720
14121000	26	-548	87614	1822026
14131000	25	-538	85437	1855717
14141000	27	-538	92765	1855582
14151000	27	-538	92359	1854809
14161000	25	-535	86146	1864548
14171000	21	-535	73586	1864610
14181000	26	-535	89124	1865942
14191000	25	-533	86999	1872758
14201000	21	-529	76182	1885720
14211000	23	-531	81200	1880706
14221000	23	-531	80685	1879002
14231000	21	-528	74032	1889385
14241000	25	-525	88748	1899043
14251000	20	-527	72078	1894448
14261000	20	-524	73206	1906625
14271000	23	-526	82423	1897917
14281000	22	-520	82901	1917979
14291000	20	-518	76155	1928221
14301000	22	-519	80785	1923302
14311000	22	-516	82029	1935817
14321000	23	-515	85035	1938961
14331000	23	-512	87396	1950909
14341000	24	-510	90507	1954683
14351000	21	-508	82897	1965713
14361000	25	-509	96708	1961754
14371000	20	-504	79017	1979787
14381000	26	-504	102075	1978095
14391000	25	-500	98352	1995075
14401000	23	-500	92094	1997401
14411000	24	-499	95613	2001208
14421000	28	-501	111063	1988370
14431000	22	-496	87276	2010526
14441000	24	-495	99474	2016751
14451000	22	-492	91979	2028771
14461000	22	-490	90311	2036036
14471000	22	-489	93736	2039732
14481000	23	-488	97015	2043808
14491000	24	-487	100852	2047458
14501000	24	-484	102635	2060959
14511000	21	-479	92748	2082866
14521000	23	-477	99868	2093672
14531000	21	-476	93382	2096121
14541000	20	-476	87008	2098235
14551000	23	-470	102916	2121067
14561000	23	-469	106379	2125881
14571000	21	-467	97706	2138453
14581000	22	-466	101760	2142472
14591000	21	-464	99357	2151181
14601000	25	-457	120057	2182599
14611000	25	-467	115096	2135231
14621000	24	-457	112954	2182775
14631000	24	-457	112486	2180776
14641000	24	-456	116119	2185628
14651000	24	-457	115472	2183687
14661000	21	-456	102394	2190591
14671000	21	-454	100158	2199626
14681000	22	-451	106999	2212249
14691000	22	-451	106282	2210084
14701000	22	-452	106326	2208174
14711000	20	-451	99863	2210973
14721000	21	-450	103559	2215632
14731000	18	-455	88249	2193550
14741000	18	-446	91301	2238871
14751000	21	-448	104023	2228403
14761000	17	-452	82446	2211063
14771000	19	-448	94874	2230064
14781000	17	-447	87201	2232436
14791000	22	-446	110742	2234514
14801000	20	-448	98158	2230248
14811000	22	-447	108604	2230418
14821000	17	-447	83187	2235079
14831000	20	-445	98818	2242045
14841000	20	-444	102721	2247469
14851000	17	-443	87245	2255249
14861000	18	-442	90919	2260840
14871000	17	-440	87982	2270179
14881000	18	-439	92357	2274731
14891000	23	-436	120587	2284797
14901000	21	-437	107102	2281104
14911000	22	-435	115886	2293773
14921000	24	-431	130871	2313535
14931000	23	-431	122326	2315844
14941000	22	-428	117930	2327781
14951000	23	-426	128159	2340446
14961000	26	-426	141086	2339842
14971000	26	-425	145918	2344899
14981000	25	-421	139710	2369306
14991000	27	-424	148906	2348970
15001000	29	-418	162930	2382671
15011000	26	-419	148104	2378600
15021000	25	-417	144385	2390280
15031000	28	-415	163469	2397925
15041000	26	-416	149100	2392582
15051000	26	-417	148529	2390404
15061000	25	-415	143485	2403713
15071000	25	-411	145804	2423076
15081000	29	-414	169329	2402771
15091000	28	-412	166228	2414515
15101000	23	-412	134313	2421933
15111000	26	-410	152764	2430099
15121000	21	-408	127753	2444317
15131000	27	-409	157687	2432774
15141000	26	-407	153265	2445888
15151000	28	-407	166173	2445924
15161000	25	-408	151513	2441543
15171000	26	-403	159571	2470094
15181000	27	-401	170374	2484626
15191000	16	-401	98571	2492337
15201000	29	-398	180460	2496605
15211000	32	-397	201426	2505339
15221000	31	-395	197048	2519081
15231000	32	-392	209236	2533824
15241000	33	-391	215003	2539458
15251000	34	-386	226771	2570125
15261000	33	-384	222627	2583675
15271000	35	-384	234666	2584419
15281000	36	-381	248974	2600033
15291000	40	-375	278388	2633826
15301000	37	-374	258536	2647303
15311000	39	-374	272939	2646925
15321000	38	-374	271220	2644911
15331000	37	-370	267141	2675656
15341000	36	-368	264497	2690034
15351000	34	-369	244168	2686098
15361000	25	-373	182487	2669359
15371000	37	-366	273804	2703832
15381000	34	-361	259070	2744457
15391000	35	-364	258988	2724452
15401000	34	-360	260679	2751255
15411000	36	-358	277636	2767947
15421000	34	-359	258394	2762746
15431000	30	-358	233555	2777475
15441000	33	-363	244687	2732442
15451000	32	-357	247914	2776040
15461000	25	-343	208279	2904700
15471000	26	-347	213027	2862794
15481000	32	-355	250191	2796319
15491000	26	-354	209175	2806146
15501000	29	-350	233505	2835898
15511000	26	-351	212044	2830447
15521000	21	-343	174600	2903998
15531000	23	-350	184374	2842829
15541000	24	-348	200057	2860006
15551000	24	-346	196238	2876226
15561000	24	-345	201066	2885696
15571000	20	-345	167679	2886663
15581000	22	-346	179140	2875334
15591000	22	-342	189539	2915851
15601000	17	-337	146296	2960916
15611000	22	-340	190031	2925777
15621000	22	-339	186926	2941657
15631000	23	-340	197617	2929788
15641000	22	-338	192196	2947537
15651000	21	-332	190013	2998521
15661000	19	-330	171967	3025118
15671000	21	-329	193517	3026693
15681000	20	-327	184483	3048098
15691000	22	-329	206408	3026793
15701000	24	-326	224089	3047864
15711000	23	-326	212514	3054667
15721000	19	-324	183726	3070783
15731000	19	-325	179705	3067816
15741000	24	-318	238366	3122814
15751000	21	-321	205011	3103222
15761000	23	-320	224127	3106072
15771000	21	-316	209563	3151570
15781000	21	-316	208571	3147728
15791000	25	-313	253463	3175177
15801000	22	-316	218261	3151938
15811000	22	-315	225651	3160816
15821000	21	-314	208820	3168871
15831000	23	-310	237418	3209167
15841000	21	-310	220581	3215513
15851000	21	-310	216760	3213977
15861000	20	-306	216364	3252082
15871000	22	-307	233081	3235336
15881000	22	-306	229254	3256003
15891000	22	-304	236413	3268619
15901000	23	-303	244449	3278781
15911000	23	-298	259952	3333199
15921000	23	-295	264603	3373681
15931000	24	-297	265156	3344622
15941000	27	-294	307537	3378954
15951000	25	-289	299848	3430121
15961000	26	-292	304434	3395869
15971000	24	-288	292922	3448555
15981000	26	-287	316970	3450924
15991000	34	-276	434328	3574158
16001000	28	-283	348284	3494000
16011000	30	-281	371866	3525092
16021000	27	-280	346363	3537464
16031000	27	-280	344017	3533049
16041000	29	-278	372569	3563665
16051000	32	-276	418690	3579711
16061000	28	-272	370592	3637292
16071000	31	-270	415203	3657555
16081000	25	-285	310766	3483063
16091000	30	-272	396065	3633339
16101000	29	-268	398497	3684451
16111000	29	-267	407198	3698357
16121000	30	-267	409743	3692943
16131000	28	-256	427214	3862929
16141000	23	-267	315478	3720017
16151000	29	-261	421535	3790763
16161000	31	-262	440158	3769324
16171000	29	-265	409601	3724572
16181000	31	-257	464839	3833671
16191000	29	-261	424440	3790312
16201000	36	-255	549492	3846454
16211000	27	-258	401664	3830869
16221000	27	-259	394842	3827078
16231000	28	-259	408611	3811701
16241000	27	-257	399076	3844551
16251000	27	-258	396824	3838481
16261000	28	-253	438232	3896853
16271000	28	-257	421044	3837531
16281000	30	-251	464607	3931333
16291000	26	-251	405176	3935777
16301000	26	-252	405978	3930825
16311000	26	-250	412023	3955530
16321000	27	-247	441799	3996951
16331000	25	-244	417525	4049239
16341000	27	-245	440685	4027152
16351000	27	-244	449082	4046550
16361000	27	-244	442958	4043750
16371000	28	-239	477437	4122919
16381000	25	-242	413753	4087563
16391000	23	-241	383515	4107551
16401000	25	-239	432257	4133209
16411000	24	-239	408859	4144971
16421000	22	-234	390704	4228445
16431000	23	-235	406577	4207780
16441000	23	-234	415047	4230426
16451000	23	-234	414248	4224658
16461000	22	-234	399078	4233591
16471000	23	-233	412133	4255924
16481000	23	-230	440215	4309550
16491000	21	-231	393372	4294220
16501000	23	-236	402581	4194366
16511000	20	-229	378923	4325052
16521000	21	-226	408682	4376967
16531000	21	-227	402911	4371539
16541000	24	-229	463359	4325891
16551000	22	-226	435028	4386171
16561000	25	-224	499612	4417099
16571000	17	-224	332692	4443437
16581000	22	-225	434491	4407682
16591000	18	-221	372064	4489122
16601000	17	-219	347492	4539524
16611000	20	-223	405745	4442027
16621000	18	-220	376216	4509125
16631000	19	-219	399655	4527969
16641000	18	-217	386192	4572272
16651000	19	-218	396880	4558625
16661000	17	-217	365350	4570280
16671000	19	-218	399925	4544579
16681000	17	-214	365455	4642026
16691000	17	-213	373645	4675673
16701000	19	-210	418340	4730523
16711000	20	-212	433624	4669089
16721000	17	-209	393097	4741595
16731000	19	-209	433597	4755507
16741000	19	-207	450170	4785428
16751000	22	-203	523771	4879873
16761000	14	-211	302759	4720242
16771000	22	-199	535447	4954941
