f/Hz	Re{Y}/µS	Im{Y}/µS	Re{Z}/mOhm	Im{Z}/mOhm
1000	859635	-174872	1117	227
11000	167460	-344372	1142	2348
21000	53338	-209550	1141	4482
31000	25198	-146430	1141	6633
41000	14681	-112126	1148	8768
51000	9730	-90675	1170	10903
61000	6763	-76137	1158	13031
71000	5012	-65571	1159	15162
81000	3908	-57506	1176	17310
91000	3095	-51238	1174	19446
101000	2522	-46214	1177	21574
111000	2093	-42063	1180	23715
121000	1787	-38611	1196	25844
131000	1530	-35657	1201	27993
141000	1317	-33142	1197	30126
151000	1149	-30939	1198	32277
161000	1025	-29033	1214	34401
171000	905	-27335	1210	36543
181000	819	-25822	1227	38688
191000	735	-24474	1225	40822
201000	664	-23270	1226	42939
211000	620	-22149	1263	45113
221000	554	-21158	1237	47231
231000	515	-20245	1256	49363
241000	468	-19400	1242	51515
251000	450	-18637	1295	53625
261000	412	-17916	1283	55787
271000	389	-17255	1306	57926
281000	362	-16636	1307	60082
291000	344	-16081	1329	62159
301000	319	-15530	1322	64362
311000	303	-15028	1341	66517
321000	290	-14566	1367	68626
331000	265	-14121	1328	70793
341000	266	-13706	1413	72933
351000	243	-13320	1367	75047
361000	239	-12952	1424	77184
371000	229	-12602	1444	79329
381000	213	-12267	1417	81498
391000	211	-11962	1474	83571
401000	194	-11656	1425	85769
411000	186	-11374	1437	87899
421000	187	-11099	1514	90075
431000	173	-10844	1469	92193
441000	161	-10602	1430	94301
451000	164	-10361	1531	96491
461000	164	-10142	1597	98569
471000	149	-9918	1516	100803
481000	140	-9713	1486	102936
491000	146	-9527	1611	104945
501000	137	-9327	1573	107188
511000	137	-9136	1637	109431
521000	127	-8967	1579	111497
531000	122	-8799	1579	113627
541000	127	-8630	1706	115846
551000	114	-8479	1591	117917
561000	121	-8321	1749	120145
571000	115	-8184	1719	122165
581000	103	-8036	1601	124426
591000	109	-7893	1749	126669
601000	106	-7768	1764	128712
611000	107	-7635	1832	130957
621000	93	-7519	1638	132984
631000	95	-7405	1740	135017
641000	95	-7272	1799	137482
651000	95	-7171	1849	139422
661000	91	-7055	1838	141719
671000	87	-6957	1796	143719
681000	82	-6851	1754	145952
691000	81	-6752	1781	148075
701000	82	-6648	1844	150408
711000	86	-6550	2010	152649
721000	80	-6462	1919	154724
731000	74	-6379	1821	156740
741000	75	-6288	1899	159022
751000	70	-6208	1827	161050
761000	72	-6116	1932	163496
771000	71	-6041	1952	165509
781000	72	-5967	2015	167570
791000	69	-5883	1995	169972
801000	66	-5811	1969	172062
811000	69	-5746	2085	173999
821000	67	-5667	2072	176423
831000	58	-5602	1849	178474
841000	63	-5537	2049	180589
851000	63	-5460	2120	183114
861000	54	-5402	1866	185112
871000	62	-5348	2150	186945
881000	62	-5274	2236	189579
891000	52	-5216	1895	191689
901000	58	-5165	2170	193579
911000	50	-5099	1937	196083
921000	51	-5041	2004	198349
931000	55	-4995	2200	200196
941000	52	-4936	2137	202565
951000	61	-4884	2543	204734
961000	52	-4838	2216	206671
971000	52	-4784	2271	208989
981000	50	-4730	2254	211395
991000	46	-4680	2094	213652
1001000	43	-4640	1983	215478
1011000	47	-4590	2246	217865
1021000	58	-4542	2806	220141
1031000	47	-4495	2307	222425
1041000	51	-4452	2591	224575
1051000	45	-4414	2299	226505
1061000	49	-4362	2561	229204
1071000	45	-4324	2413	231267
1081000	45	-4282	2447	233521
1091000	47	-4251	2607	235202
1101000	50	-4198	2832	238166
1111000	49	-4170	2817	239762
1121000	41	-4124	2387	242433
1131000	41	-4092	2442	244349
1141000	42	-4060	2542	246308
1151000	38	-4012	2362	249244
1161000	39	-3990	2436	250605
1171000	39	-3944	2514	253507
1181000	42	-3920	2704	255055
1191000	51	-3883	3389	257456
1201000	37	-3848	2515	259882
1211000	35	-3819	2380	261834
1221000	38	-3786	2641	264102
1231000	31	-3756	2178	266249
1241000	37	-3713	2691	269277
1251000	43	-3686	3141	271230
1261000	32	-3660	2418	273224
1271000	35	-3627	2626	275718
1281000	37	-3605	2849	277402
1291000	40	-3567	3153	280342
1301000	45	-3542	3547	282279
1311000	44	-3518	3533	284169
1321000	37	-3488	3013	286626
1331000	30	-3462	2489	288866
1341000	33	-3439	2792	290748
1351000	27	-3402	2290	293925
1361000	31	-3381	2708	295717
1371000	31	-3362	2702	297392
1381000	30	-3338	2671	299591
1391000	31	-3307	2822	302326
1401000	33	-3276	3088	305215
1411000	34	-3252	3234	307505
1421000	37	-3238	3499	308797
1431000	27	-3203	2605	312233
1441000	29	-3184	2861	314071
1451000	26	-3165	2606	315907
1461000	29	-3147	2925	317710
1471000	33	-3114	3441	321115
1481000	33	-3094	3401	323180
1491000	29	-3074	3051	325230
1501000	33	-3067	3522	325968
1511000	28	-3031	3075	329845
1521000	28	-3008	3145	332393
1531000	33	-2983	3700	335162
1541000	33	-2961	3775	337664
1551000	34	-2952	3885	338753
1561000	31	-2931	3579	341120
1571000	28	-2907	3352	343978
1581000	25	-2886	2989	346426
1591000	24	-2876	2901	347717
1601000	31	-2854	3862	350387
1611000	27	-2828	3327	353561
1621000	26	-2815	3265	355255
1631000	24	-2800	3120	357054
1641000	21	-2782	2739	359391
1651000	27	-2768	3479	361237
1661000	23	-2745	3041	364319
1671000	25	-2729	3332	366423
1681000	27	-2706	3697	369559
1691000	27	-2694	3762	371200
1701000	27	-2680	3783	373083
1711000	23	-2668	3160	374750
1721000	18	-2640	2587	378791
1731000	24	-2627	3531	380681
1741000	25	-2617	3632	382102
1751000	22	-2600	3191	384552
1761000	28	-2581	4173	387363
1771000	36	-2563	5458	390017
1781000	28	-2546	4292	392717
1791000	24	-2531	3786	395017
1801000	19	-2515	2979	397552
1811000	18	-2503	2904	399518
1821000	23	-2490	3778	401619
1831000	25	-2479	3993	403429
1841000	22	-2460	3622	406480
1851000	22	-2441	3724	409683
1861000	26	-2429	4410	411702
1871000	25	-2419	4339	413334
1881000	23	-2407	3997	415351
1891000	23	-2398	4074	417031
1901000	26	-2386	4511	419100
1911000	24	-2367	4282	422513
1921000	20	-2351	3536	425409
1931000	17	-2341	3085	427190
1941000	19	-2325	3525	430138
1951000	24	-2309	4492	433076
1961000	27	-2299	5181	434891
1971000	27	-2289	5235	436800
1981000	20	-2273	3942	439904
1991000	14	-2260	2756	442534
2001000	16	-2248	3069	444744
2011000	22	-2238	4349	446784
2021000	19	-2221	3752	450175
2031000	15	-2210	3111	452495
2041000	21	-2199	4341	454618
2051000	25	-2189	5218	456826
2061000	27	-2175	5732	459771
2071000	22	-2161	4688	462707
2081000	20	-2153	4228	464476
2091000	16	-2141	3430	467053
2101000	16	-2126	3574	470317
2111000	18	-2117	4101	472428
2121000	21	-2109	4647	474082
2131000	22	-2102	4943	475686
2141000	19	-2095	4369	477225
2151000	13	-2079	3018	480880
2161000	16	-2063	3651	484655
2171000	20	-2050	4698	487664
2181000	22	-2043	5164	489394
2191000	22	-2031	5332	492415
2201000	17	-2019	4268	495208
2211000	17	-2014	4207	496429
2221000	20	-2010	4942	497519
2231000	22	-2002	5429	499364
2241000	23	-1990	5732	502367
2251000	17	-1977	4388	505882
2261000	18	-1967	4752	508403
2271000	18	-1958	4581	510675
2281000	20	-1943	5196	514618
2291000	21	-1932	5745	517520
2301000	22	-1924	6047	519729
2311000	22	-1917	5867	521577
2321000	20	-1912	5544	523031
2331000	18	-1905	4906	524755
2341000	15	-1899	4199	526511
2351000	10	-1884	2778	530661
2361000	12	-1873	3437	533942
2371000	16	-1865	4715	536294
2381000	16	-1856	4526	538634
2391000	18	-1853	5142	539560
2401000	17	-1843	4931	542641
2411000	15	-1833	4420	545408
2421000	20	-1822	6149	548656
2431000	24	-1813	7307	551422
2441000	27	-1806	8123	553500
2451000	23	-1800	7047	555335
2461000	19	-1789	5847	558936
2471000	16	-1781	5042	561544
2481000	14	-1773	4533	563962
2491000	13	-1767	4256	566026
2501000	10	-1758	3317	568685
2511000	11	-1745	3570	573146
2521000	12	-1738	3830	575264
2531000	15	-1732	4912	577428
2541000	16	-1725	5223	579737
2551000	20	-1718	6636	581927
2561000	21	-1709	7206	584997
2571000	20	-1701	6972	587833
2581000	18	-1686	6357	592960
2591000	15	-1680	5426	595330
2601000	14	-1674	4856	597257
2611000	15	-1670	5419	598656
2621000	12	-1664	4265	600784
2631000	11	-1659	4149	602807
2641000	9	-1650	3370	606209
2651000	11	-1642	3949	608896
2661000	7	-1633	2611	612440
2671000	16	-1627	6105	614389
2681000	18	-1625	6952	615466
2691000	17	-1618	6430	617997
2701000	16	-1614	6301	619423
2711000	14	-1606	5238	622630
2721000	11	-1594	4186	627455
2731000	15	-1583	5894	631496
2741000	18	-1574	7307	635115
2751000	20	-1569	8050	637258
2761000	18	-1559	7573	641367
2771000	17	-1554	7132	643263
2781000	16	-1548	6613	646004
2791000	16	-1544	6519	647697
2801000	15	-1540	6376	649374
2811000	16	-1537	6685	650587
2821000	17	-1532	7090	652681
2831000	17	-1527	7341	654695
2841000	19	-1517	8401	659069
2851000	17	-1510	7455	662294
2861000	14	-1502	6115	665935
2871000	12	-1491	5589	670502
2881000	11	-1486	5029	672692
2891000	14	-1479	6562	676009
2901000	16	-1474	7273	678521
2911000	17	-1466	7941	681926
2921000	20	-1457	9511	686201
2931000	19	-1450	8930	689368
2941000	18	-1444	8822	692174
2951000	16	-1439	7780	694965
2961000	15	-1432	7192	698123
2971000	16	-1429	7614	699464
2981000	17	-1428	8231	700415
2991000	20	-1424	9773	702282
3001000	21	-1416	10546	705927
3011000	21	-1412	10411	707880
3021000	18	-1408	9255	709871
3031000	16	-1399	8091	714584
3041000	12	-1394	6005	717477
3051000	13	-1390	6886	719495
3061000	12	-1385	6231	722060
3071000	11	-1382	5565	723609
3081000	7	-1375	3958	727033
3091000	10	-1367	5110	731449
3101000	11	-1358	5728	736481
3111000	10	-1350	5385	740559
3121000	16	-1346	8697	743099
3131000	17	-1340	9502	746067
3141000	17	-1339	9667	746737
3151000	17	-1336	9801	748406
3161000	17	-1332	9441	750553
3171000	16	-1328	9164	752749
3181000	16	-1324	8867	755032
3191000	13	-1320	7579	757299
3201000	12	-1314	6853	761088
3211000	9	-1306	5072	765845
3221000	5	-1301	3179	768585
3231000	7	-1295	4387	772462
3241000	9	-1288	5672	776309
3251000	10	-1283	5894	779191
3261000	11	-1278	6616	782680
3271000	9	-1273	5719	785677
3281000	9	-1267	5406	789132
3291000	8	-1262	5200	792543
3301000	11	-1254	7074	797331
3311000	14	-1248	9014	801102
3321000	15	-1244	9773	803704
3331000	16	-1242	10676	805003
3341000	19	-1236	12689	808692
3351000	20	-1235	12844	809462
3361000	21	-1229	13701	813130
3371000	19	-1230	12876	812690
3381000	19	-1226	12565	815246
3391000	20	-1222	13449	817815
3401000	19	-1219	13077	820372
3411000	17	-1211	11437	825377
3421000	15	-1207	10317	828591
3431000	16	-1197	11039	835025
3441000	17	-1195	11924	836380
3451000	15	-1190	10495	840296
3461000	16	-1186	11346	843173
3471000	16	-1183	11470	845378
3481000	14	-1178	10347	848915
3491000	12	-1176	8588	850369
3501000	10	-1171	7453	853817
3511000	10	-1170	7629	854626
3521000	7	-1164	5117	859407
3531000	12	-1161	8748	860904
3541000	12	-1157	9057	864345
3551000	17	-1149	12558	870034
3561000	18	-1144	14107	873690
3571000	21	-1142	16420	875267
3581000	24	-1135	18737	881004
3591000	23	-1133	17529	881986
3601000	23	-1129	17762	885657
3611000	21	-1124	16688	889504
3621000	22	-1119	17169	893264
3631000	16	-1113	13050	898563
3641000	13	-1110	10234	900966
3651000	11	-1103	8885	906365
3661000	11	-1100	9156	908741
3671000	7	-1096	5650	912014
3681000	12	-1093	10176	914587
3691000	11	-1091	9589	916340
3701000	13	-1088	11384	918866
3711000	14	-1085	11649	921286
3721000	14	-1082	11737	923783
3731000	16	-1078	13519	927844
3741000	15	-1076	12927	929544
3751000	15	-1069	13016	935176
3761000	15	-1068	13175	936251
3771000	14	-1062	12467	941339
3781000	14	-1057	12714	945638
3791000	15	-1054	13137	948306
3801000	18	-1047	16562	954396
3811000	23	-1043	20759	957988
3821000	21	-1040	19195	960780
3831000	22	-1036	20164	964374
3841000	23	-1034	21273	966274
3851000	23	-1030	21515	970741
3861000	24	-1028	22525	972655
3871000	23	-1024	21914	976324
3881000	21	-1019	20592	980938
3891000	20	-1013	19935	986349
3901000	22	-1011	21067	988463
3911000	19	-1006	18584	994035
3921000	21	-1001	20631	998800
3931000	19	-998	19004	1001887
3941000	18	-994	18226	1005851
3951000	18	-989	18475	1010748
3961000	17	-986	17078	1013750
3971000	18	-984	18254	1015950
3981000	14	-979	14521	1020842
3991000	12	-976	12675	1023934
4001000	10	-974	10938	1027010
4011000	9	-970	10092	1031057
4021000	10	-969	10255	1032359
4031000	8	-967	8400	1033571
4041000	7	-964	7617	1037728
4051000	9	-962	9976	1038955
4061000	9	-959	10056	1042282
4071000	9	-956	10167	1045468
4081000	12	-954	13391	1047832
4091000	14	-949	15470	1053182
4101000	16	-946	17478	1056556
4111000	17	-939	19489	1064043
4121000	20	-937	22801	1066399
4131000	22	-936	25312	1067730
4141000	19	-932	22407	1072232
4151000	19	-928	21469	1076861
4161000	18	-924	20527	1081483
4171000	15	-921	17510	1086023
4181000	13	-918	15556	1089568
4191000	10	-912	12310	1096266
4201000	8	-911	10192	1097634
4211000	7	-907	9104	1102256
4221000	9	-907	10500	1102609
4231000	10	-905	11819	1105166
4241000	9	-903	10760	1107616
4251000	10	-899	11959	1112495
4261000	11	-898	13270	1112863
4271000	10	-895	12093	1117732
4281000	12	-892	15529	1120521
4291000	15	-888	19017	1125600
4301000	15	-885	19330	1129345
4311000	16	-880	20620	1136579
4321000	16	-878	20819	1138086
4331000	16	-877	21008	1139754
4341000	16	-874	21114	1143729
4351000	16	-869	21175	1150159
4361000	17	-867	22594	1152957
4371000	17	-864	22618	1157101
4381000	15	-861	20201	1161134
4391000	18	-857	23994	1166492
4401000	20	-853	27875	1171833
4411000	20	-850	28096	1175969
4421000	22	-847	30831	1180136
4431000	22	-844	30956	1184341
4441000	23	-842	32506	1187256
4451000	23	-837	32594	1194148
4461000	24	-836	33989	1194594
4471000	22	-835	31506	1196372
4481000	20	-832	29186	1200631
4491000	18	-831	25525	1203531
4501000	16	-826	22917	1210522
4511000	13	-824	18919	1213516
4521000	12	-820	17400	1219320
4531000	10	-817	14567	1223712
4541000	9	-817	13320	1224101
4551000	9	-814	13284	1228633
4561000	10	-810	14736	1234582
4571000	11	-808	16244	1237791
4581000	11	-805	16494	1242449
4591000	10	-801	15107	1248479
4601000	10	-795	16333	1257628
4611000	12	-794	19404	1259729
4621000	13	-790	20890	1266131
4631000	12	-788	19443	1269520
4641000	11	-785	17931	1272900
4651000	9	-781	14797	1280694
4661000	10	-780	16776	1281134
4671000	8	-778	13804	1285908
4681000	10	-776	16824	1287989
4691000	9	-776	15359	1288484
4701000	10	-774	16858	1292042
4711000	11	-772	18431	1295678
4721000	13	-768	21565	1300909
4731000	12	-766	19990	1304420
4741000	15	-761	26027	1313051
4751000	18	-757	30886	1320050
4761000	18	-754	31110	1325257
4771000	20	-750	35973	1332324
4781000	21	-750	37797	1332954
4791000	21	-745	37961	1341641
4801000	23	-742	41414	1347200
4811000	24	-741	43136	1347758
4821000	22	-736	39692	1356651
4831000	22	-735	39795	1358980
4841000	21	-733	38505	1362885
4851000	16	-728	30053	1373505
4861000	17	-726	31674	1377546
4871000	16	-722	29813	1385202
4881000	10	-719	19165	1390674
4891000	13	-718	24464	1391538
4901000	11	-714	20631	1400822
4911000	11	-712	20702	1403211
4921000	10	-712	19062	1403723
4931000	9	-707	18784	1413318
4941000	8	-708	15581	1411872
4951000	10	-705	19150	1418100
4961000	10	-705	21122	1418930
4971000	9	-701	19089	1426831
4981000	11	-699	22918	1429571
4991000	14	-695	28290	1437968
5001000	13	-693	26225	1442271
5011000	13	-692	26262	1444863
5021000	10	-687	22156	1454877
5031000	12	-686	26253	1457539
5041000	12	-685	26426	1460121
5051000	11	-681	24126	1468511
5061000	10	-679	21973	1473021
5071000	11	-675	23686	1481696
5081000	10	-673	21715	1486245
5091000	9	-671	19605	1490876
5101000	9	-668	19224	1497643
5111000	13	-665	29270	1502966
5121000	15	-662	33459	1510050
5131000	14	-660	31463	1514893
5141000	16	-656	37656	1524306
5151000	17	-653	39752	1529391
5161000	19	-652	44294	1532463
5171000	19	-651	44361	1535493
5181000	20	-650	46527	1536444
5191000	19	-648	44216	1541387
5201000	19	-646	46433	1546613
5211000	20	-648	46994	1540915
5221000	18	-645	42696	1548057
5231000	20	-644	47047	1551129
5241000	18	-643	42582	1553963
5251000	18	-641	44767	1559295
5261000	18	-641	42752	1560001
5271000	16	-638	38149	1567231
5281000	16	-635	40244	1572642
5291000	14	-633	35387	1580111
5301000	13	-632	33331	1580768
5311000	12	-628	30892	1590584
5321000	10	-626	25895	1598154
5331000	10	-623	25672	1605991
5341000	10	-621	25680	1609276
5351000	11	-616	29819	1622312
5361000	11	-615	29744	1625513
5371000	12	-613	31946	1631493
5381000	13	-610	34206	1637350
5391000	15	-606	41494	1648454
5401000	14	-606	39223	1649242
5411000	13	-605	34201	1652368
5421000	13	-601	36118	1663490
5431000	9	-598	25467	1671465
5441000	9	-597	25385	1674997
5451000	9	-594	25016	1683643
5461000	7	-593	19706	1686845
5471000	7	-590	19138	1695655
5481000	5	-586	15774	1707070
5491000	5	-587	13605	1702472
5501000	7	-583	21095	1714812
5511000	9	-580	25989	1724210
5521000	9	-579	25907	1727982
5531000	11	-574	33659	1740529
5541000	11	-573	33434	1744375
5551000	13	-569	41263	1757102
5561000	14	-568	44038	1758274
5571000	16	-565	49454	1768140
5581000	17	-563	52317	1775010
5591000	17	-562	52485	1779002
5601000	19	-561	61131	1780314
5611000	18	-561	58164	1781220
5621000	19	-559	61034	1788263
5631000	18	-556	57970	1795141
5641000	18	-555	57942	1799137
5651000	19	-555	60857	1800375
5661000	19	-555	60887	1798453
5671000	18	-553	57801	1805542
5681000	19	-553	60962	1806601
5691000	18	-551	57890	1813634
5701000	17	-552	55129	1808697
5711000	18	-550	57948	1815903
5721000	15	-545	51257	1832134
5731000	12	-545	41973	1832796
5741000	13	-543	44609	1840269
5751000	13	-540	44056	1850841
5761000	10	-536	33894	1864111
5771000	10	-535	33896	1868514
5781000	7	-531	23438	1881976
5791000	7	-529	26031	1889923
5801000	7	-524	24777	1907671
5811000	8	-523	31096	1912715
5821000	9	-519	33708	1927804
5831000	7	-519	27022	1925060
5841000	12	-516	46881	1937891
5851000	9	-517	33040	1934818
5861000	12	-513	46312	1947339
5871000	12	-512	46267	1952184
5881000	14	-509	52765	1964482
5891000	14	-509	52935	1962205
5901000	16	-507	63373	1971123
5911000	15	-507	59814	1972326
5921000	16	-504	62979	1981010
5931000	17	-502	66281	1989790
5941000	15	-501	58659	1994445
5951000	16	-500	65865	1999782
5961000	18	-496	73198	2012708
5971000	21	-494	84300	2021930
5981000	20	-489	83711	2042500
5991000	20	-488	83432	2047635
6001000	21	-484	90787	2061039
6011000	22	-484	94871	2062605
6021000	21	-480	90531	2079926
6031000	23	-480	98428	2077615
6041000	21	-476	94174	2095304
6051000	20	-476	90300	2096874
6061000	19	-474	86129	2106546
6071000	19	-474	86107	2103976
6081000	19	-473	85981	2109733
6091000	19	-470	85642	2123919
6101000	17	-471	77363	2121083
6111000	19	-468	85136	2135555
6121000	17	-466	76338	2141146
6131000	18	-466	80578	2142917
6141000	17	-465	80634	2148918
6151000	18	-464	84931	2150760
6161000	20	-463	93224	2157018
6171000	20	-461	92853	2162879
6181000	20	-459	96882	2173319
6191000	23	-457	109890	2184116
6201000	21	-457	101062	2181243
6211000	23	-456	109805	2187544
6221000	24	-454	114070	2198190
6231000	24	-451	118431	2209002
6241000	24	-452	118558	2206277
6251000	25	-450	123119	2217241
6261000	24	-448	118447	2228190
6271000	26	-448	127752	2225424
6281000	23	-443	118367	2250618
6291000	23	-445	113590	2242972
6301000	22	-442	113181	2258910
6311000	20	-439	103120	2274776
6321000	20	-439	103065	2271842
6331000	18	-436	93089	2288101
6341000	17	-434	87768	2299717
6351000	18	-435	97552	2296984
6361000	16	-432	86826	2313196
6371000	14	-429	75804	2329673
6381000	15	-428	80648	2331923
6391000	14	-426	74770	2343794
6401000	15	-425	84551	2351376
6411000	11	-424	63420	2357414
6421000	14	-420	77593	2381067
6431000	15	-416	87442	2399836
6441000	15	-417	87644	2396736
6451000	19	-413	108430	2415866
6461000	17	-411	102447	2428809
6471000	19	-409	113146	2436839
6481000	18	-406	106692	2461249
6491000	19	-400	116978	2492383
6501000	21	-400	134131	2494837
6511000	19	-399	122107	2502735
6521000	19	-397	121997	2511270
6531000	19	-392	121229	2543732
6541000	19	-390	126867	2558437
6551000	19	-390	126636	2554739
6561000	17	-389	113877	2562865
6571000	18	-387	119379	2578017
6581000	16	-384	106108	2598880
6591000	18	-385	118624	2595317
6601000	18	-385	118362	2591464
6611000	16	-383	111307	2606489
6621000	18	-383	123980	2603308
6631000	14	-382	98069	2611379
6641000	16	-379	109758	2633667
6651000	15	-381	103602	2623373
6661000	14	-378	96229	2638701
6671000	17	-378	115424	2642032
6681000	17	-377	121471	2644791
6691000	18	-377	127583	2647590
6701000	16	-376	113861	2656299
6711000	14	-375	99973	2665319
6721000	17	-372	119424	2682592
6731000	17	-372	125630	2685547
6741000	18	-371	131923	2688184
6751000	17	-369	124235	2704079
6761000	20	-368	144599	2707180
6771000	19	-365	143708	2730988
6781000	19	-364	143352	2741122
6791000	21	-362	156991	2751236
6801000	21	-363	156723	2747201
6811000	22	-358	170548	2786454
6821000	22	-358	170531	2782521
6831000	24	-357	184774	2792743
6841000	21	-356	162348	2795822
6851000	22	-356	169312	2798718
6861000	22	-352	176353	2831785
6871000	23	-351	183458	2834941
6881000	21	-349	175435	2853114
6891000	21	-348	174953	2864097
6901000	21	-346	174880	2875437
6911000	22	-344	182270	2894670
6921000	20	-338	173485	2945941
6931000	21	-338	180995	2949193
6941000	21	-334	188740	2985742
6951000	21	-332	188354	2997964
6961000	20	-330	179258	3018396
6971000	20	-326	187167	3056984
6981000	19	-323	186376	3087307
6991000	20	-320	194911	3109096
7001000	19	-318	184977	3131484
7011000	20	-318	193786	3135875
7021000	20	-315	202573	3158867
7031000	19	-313	192542	3181969
7041000	19	-314	192106	3176782
7051000	18	-312	181588	3199890
7061000	18	-311	190488	3203800
7071000	18	-310	189623	3217431
7081000	19	-309	198705	3221576
7091000	19	-308	198322	3235617
7101000	19	-308	197595	3230720
7111000	18	-308	187087	3235011
7121000	17	-306	176147	3258653
7131000	17	-307	175510	3252925
7141000	17	-306	184905	3257490
7151000	19	-304	204250	3272382
7161000	17	-305	183269	3266083
7171000	17	-304	182393	3279989
7181000	17	-304	181926	3274019
7191000	19	-302	211385	3299685
7201000	21	-300	231775	3315463
7211000	19	-296	220653	3362238
7221000	20	-299	220159	3335042
7231000	21	-297	240616	3350016
7241000	21	-294	240036	3387118
7251000	19	-293	217445	3402323
7261000	21	-293	238731	3395539
7271000	23	-289	271974	3444595
7281000	22	-288	259728	3450662
7291000	24	-288	281905	3444904
7301000	23	-287	281730	3460848
7311000	19	-284	235125	3500827
7321000	22	-284	269235	3505529
7331000	20	-281	256958	3534528
7341000	18	-280	232445	3552115
7351000	17	-280	219457	3557069
7361000	19	-278	242486	3574307
7371000	20	-278	253639	3579154
7381000	21	-277	265193	3585044
7391000	17	-276	227432	3615331
7401000	17	-274	226430	3633751
7411000	17	-275	225542	3626722
7421000	14	-273	186480	3656555
7431000	16	-273	211037	3650369
7441000	16	-272	209409	3668855
7451000	14	-271	195040	3673778
7461000	15	-269	206596	3705310
7471000	14	-269	192182	3711853
7481000	16	-267	217219	3731939
7491000	14	-267	202717	3737763
7501000	17	-266	241728	3743781
7511000	18	-264	254279	3776210
7521000	19	-260	281195	3823396
7531000	20	-260	293728	3830325
7541000	21	-259	306899	3836773
7551000	20	-258	306255	3857229
7561000	23	-253	350474	3920151
7571000	25	-250	395750	3955517
7581000	25	-251	394692	3947725
7591000	26	-248	411499	3983288
7601000	25	-247	411815	4005769
7611000	27	-243	445188	4058247
7621000	27	-244	443154	4049730
7631000	26	-246	425081	4026430
7641000	26	-244	425138	4048558
7651000	25	-241	427292	4103704
7661000	25	-242	425574	4095453
7671000	26	-239	443304	4134839
7681000	22	-238	377327	4163921
7691000	21	-237	376633	4187813
7701000	22	-236	392215	4194655
7711000	21	-234	375100	4236698
7721000	19	-233	339684	4262470
7731000	19	-234	338188	4253831
7741000	21	-233	388904	4260258
7751000	18	-229	336067	4340024
7761000	17	-229	316578	4347837
7771000	16	-228	296591	4357417
7781000	14	-226	275378	4403347
7791000	15	-226	292545	4412785
7801000	16	-227	309541	4384955
7811000	14	-224	269231	4449545
7821000	14	-223	286169	4458379
7831000	12	-224	246987	4446160
7841000	13	-222	263557	4493261
7851000	12	-222	241711	4500787
7861000	10	-220	199732	4529058
7871000	13	-218	275330	4563199
7881000	13	-215	271194	4632956
7891000	12	-214	269210	4661969
7901000	13	-215	288052	4630640
7911000	12	-211	263450	4722639
7921000	13	-209	304460	4754814
7931000	14	-209	324124	4765311
7941000	12	-208	277858	4796805
7951000	14	-206	318750	4830815
7961000	12	-202	291535	4933215
7971000	15	-201	359660	4947855
7981000	14	-198	356392	5031704
7991000	14	-198	354253	5019235
8001000	15	-196	377081	5079318
8011000	16	-196	424323	5065925
8021000	12	-193	321328	5153152
8031000	12	-194	318618	5138683
8041000	14	-191	393465	5203110
8051000	12	-185	362733	5378373
8061000	10	-189	279107	5283240
8071000	10	-184	298827	5407754
8081000	10	-185	298375	5392295
8091000	12	-181	350544	5491933
8101000	12	-182	347244	5476047
8111000	11	-178	340640	5582412
8121000	12	-178	368047	5597144
8131000	14	-177	456590	5611850
8141000	13	-175	424055	5688056
8151000	15	-173	483325	5736642
8161000	15	-171	515454	5817717
8171000	18	-168	616445	5895572
8181000	19	-169	644180	5843154
8191000	18	-168	642410	5896568
8201000	19	-165	678791	5980932
8211000	18	-165	641684	5999052
8221000	17	-163	642600	6050527
8231000	19	-164	708144	6027062
8241000	19	-164	703650	6011291
8251000	18	-162	671505	6106353
8261000	19	-163	700756	6049856
8271000	20	-163	735808	6062872
8281000	20	-163	729916	6045519
8291000	18	-161	696211	6139143
8301000	19	-160	733537	6153634
8311000	18	-162	689027	6102051
8321000	18	-159	693778	6231607
8331000	18	-159	689658	6210610
8341000	18	-160	685578	6189754
8351000	18	-157	726327	6284905
8361000	18	-159	716466	6193732
8371000	18	-158	713996	6252980
8381000	17	-158	672889	6274449
8391000	20	-157	786412	6286164
8401000	20	-157	780726	6266287
8411000	18	-155	745790	6365498
8421000	18	-154	747930	6422627
8431000	18	-154	743977	6401306
8441000	20	-154	816463	6380115
8451000	20	-152	862035	6483874
8461000	19	-149	825947	6592006
8471000	20	-149	868872	6607379
8481000	21	-147	959836	6660278
8491000	20	-147	912141	6689343
8501000	21	-144	973114	6796019
8511000	23	-143	1111265	6799111
8521000	20	-143	971797	6841299
8531000	20	-140	987171	7009613
8541000	20	-137	1046758	7131022
8551000	19	-135	1004794	7265116
8561000	19	-132	1069409	7394001
8571000	19	-133	1059570	7372597
8581000	17	-130	963925	7579704
8591000	18	-130	1068773	7536316
8601000	14	-129	843589	7642073
8611000	15	-127	903540	7783622
8621000	16	-128	946806	7690222
8631000	14	-124	900254	7967680
8641000	14	-124	892131	7945689
8651000	13	-124	821497	7986909
8661000	11	-122	757884	8144228
8671000	10	-120	689980	8306641
8681000	12	-120	821001	8269677
8691000	10	-117	750111	8448382
8701000	8	-118	600077	8417373
8711000	9	-118	666440	8450850
8721000	10	-115	725013	8627475
8731000	8	-113	644186	8816801
8741000	11	-114	859280	8713154
8751000	14	-111	1090757	8894800
8761000	9	-111	695986	8944591
8771000	12	-109	1007643	9058096
8781000	13	-108	1077885	9103675
8791000	14	-107	1243844	9217570
8801000	15	-104	1347802	9420156
8811000	14	-104	1258045	9475229
8821000	15	-103	1343160	9523626
8831000	17	-98	1674213	9919132
8841000	18	-96	1900833	10037747
8851000	19	-94	2051960	10273343
8861000	21	-94	2236190	10170491
8871000	19	-93	2136172	10264348
8881000	21	-92	2376648	10376657
8891000	19	-90	2195088	10601853
8901000	23	-89	2751392	10498229
8911000	23	-86	2883030	10891184
8921000	21	-89	2549342	10689091
8931000	21	-84	2834573	11195889
8941000	22	-83	2969191	11235430
8951000	19	-83	2596617	11446302
8961000	21	-82	2985995	11408559
8971000	19	-81	2778581	11702870
8981000	20	-78	3019146	12005153
8991000	20	-79	2982397	11937429
9001000	19	-79	2845700	12056550
9011000	19	-79	2810722	11991259
9021000	18	-77	2864982	12234003
9031000	18	-75	3117597	12602154
9041000	18	-76	2872366	12420444
9051000	18	-74	3135238	12764854
9061000	15	-74	2652593	12988101
9071000	15	-74	2612867	12910981
9081000	15	-72	2870286	13325451
9091000	16	-67	3310866	14127293
9101000	15	-69	3030050	13894684
9111000	14	-70	2734263	13701235
9121000	14	-69	2792043	14017476
9131000	16	-69	3134827	13841893
9141000	12	-69	2548370	14093115
9151000	14	-69	2898260	13934028
9161000	14	-65	3050793	14656825
9171000	14	-66	3005047	14554984
9181000	13	-64	3062252	14878598
9191000	13	-63	3114254	15228015
9201000	14	-62	3363208	15317050
9211000	14	-61	3591124	15447936
9221000	14	-60	3685959	15834736
9231000	14	-60	3638773	15725306
9241000	16	-59	4229171	15946893
9251000	15	-57	4358307	16338156
9261000	15	-56	4480241	16756571
9271000	14	-57	4030800	16483378
9281000	16	-54	5101412	16898538
9291000	17	-54	5413651	16933227
9301000	19	-54	5884051	16550561
9311000	17	-52	5501503	17324344
9321000	18	-51	6311600	17521139
9331000	18	-49	6578715	18032083
9341000	19	-50	6615443	17437078
9351000	18	-47	7313553	18559912
9361000	18	-47	7194001	18446621
9371000	18	-48	7044040	18320393
9381000	18	-46	7337277	18840516
9391000	20	-46	7861115	18249393
9401000	17	-45	7518300	19359324
9411000	19	-45	8080609	18768138
9421000	21	-43	9128654	18786522
9431000	20	-43	8897038	19237397
9441000	21	-41	10019262	19184013
9451000	20	-41	9826535	19753748
9461000	23	-39	10997111	18929301
9471000	24	-38	12134475	18683163
9481000	24	-36	12751488	19131001
9491000	25	-35	13283312	18935110
9501000	26	-33	14545947	18488875
9511000	24	-34	13811880	19424109
9521000	26	-30	16237771	19274161
9531000	27	-30	16385655	18152450
9541000	27	-27	18579382	18751754
9551000	27	-26	19059435	18188272
9561000	28	-25	19522724	17609816
9571000	28	-26	19232244	17648923
9581000	31	-23	21041005	15563013
9591000	29	-20	23116037	16081640
9601000	29	-19	24518514	15888175
9611000	30	-18	24742024	15040264
9621000	28	-19	24859900	16892788
9631000	29	-15	27473016	14266528
9641000	27	-14	28569152	15043597
9651000	28	-12	30463003	12908806
9661000	29	-13	28670814	12938214
9671000	24	-10	34763869	14837339
9681000	26	-10	32876532	12953518
9691000	27	-10	32983733	11672288
9701000	26	-8	34696870	10314416
9711000	24	-9	36359816	12758021
9721000	25	-6	38052662	8926646
9731000	22	-6	43014386	11487977
9741000	26	-6	37233689	8061536
9751000	23	-4	41419312	7994884
9761000	22	-4	43760764	8145205
9771000	22	-1	44476650	2611806
9781000	22	0	45697566	-808082
9791000	21	-1	47313686	2834347
9801000	22	1	46092378	-3009034
9811000	23	0	43929158	-329801
9821000	23	5	41784750	-8921400
9831000	22	5	43532334	-10638562
9841000	23	6	41302940	-11157722
9851000	19	6	46967353	-14779671
9861000	21	8	41690605	-15955900
9871000	20	7	45078145	-14766196
9881000	20	8	43440792	-18248247
9891000	22	9	38122032	-15978964
9901000	20	14	33742635	-22857684
9911000	22	11	37018712	-18055409
9921000	21	12	35260475	-20038226
9931000	20	14	32909557	-23985083
9941000	22	14	31927497	-21087764
9951000	19	14	33579428	-26139263
9961000	21	14	32918363	-21210963
9971000	20	16	30230998	-24693706
9981000	23	17	27865353	-21360549
9991000	21	18	27803043	-22817339
10001000	21	19	25872262	-23502253
10011000	20	20	25358838	-24826146
10021000	22	22	23008007	-23046850
10031000	22	19	25547199	-22565404
10041000	20	22	23013242	-24461886
10051000	21	22	22228747	-23648952
10061000	22	23	21312705	-23000658
10071000	20	24	20796564	-24189144
10081000	18	25	18939174	-26406122
10091000	19	26	18315085	-25451061
10101000	22	25	19750890	-22813844
10111000	18	27	17173922	-25506938
10121000	17	25	18370407	-26861570
10131000	21	28	17361296	-22971199
10141000	17	30	14523629	-25061385
10151000	20	28	16760168	-23983199
10161000	17	29	14984057	-25465061
10171000	16	30	14209110	-26169712
10181000	17	30	14014557	-25198076
10191000	16	31	13031862	-25887618
10201000	18	32	13453279	-23526311
10211000	16	33	11742497	-24413605
10221000	16	33	11981958	-24571884
10231000	17	34	11841204	-23804806
10241000	15	34	10865765	-24284785
10251000	14	35	10052450	-24739677
10261000	17	38	9696209	-22177489
10271000	17	41	8702755	-20932112
10281000	18	42	8634546	-20389038
10291000	19	44	8459245	-19225531
10301000	18	42	8795039	-20007837
10311000	15	42	7641512	-21110703
10321000	18	46	7307112	-18682241
10331000	17	47	6769853	-18887309
10341000	18	49	6732862	-17903067
10351000	19	52	6204840	-17094351
10361000	20	51	6732661	-17155672
10371000	19	52	6257347	-16809000
10381000	22	56	6102334	-15629521
10391000	21	57	5745699	-15375782
10401000	23	59	5724089	-14688448
10411000	23	59	5761060	-14737162
10421000	23	59	5767134	-14815451
10431000	25	62	5658002	-13866925
10441000	24	65	4977795	-13420933
10451000	24	62	5378096	-14065129
10461000	23	64	5066165	-13865958
10471000	25	63	5405806	-13601506
10481000	23	65	4846864	-13757518
10491000	23	66	4825019	-13523307
10501000	24	67	4826434	-13280558
10511000	26	63	5486825	-13542555
10521000	23	67	4607958	-13427938
10531000	25	67	4921045	-13179029
10541000	25	68	4678256	-12993630
10551000	23	69	4433626	-13084424
10561000	24	69	4471154	-12873006
10571000	23	68	4507354	-13218178
10581000	23	70	4237724	-12997006
10591000	23	67	4583087	-13297426
10601000	24	70	4502909	-12791513
10611000	25	69	4552314	-12827531
10621000	23	72	4024763	-12666174
10631000	24	71	4313520	-12698685
10641000	24	72	4076181	-12516035
10651000	22	71	3860685	-12825336
10661000	22	72	3916369	-12624056
10671000	22	71	3952353	-12938438
10681000	24	72	4193467	-12463042
10691000	21	72	3689293	-12784309
10701000	24	73	3951988	-12341695
10711000	24	73	3987943	-12399730
10721000	23	75	3773812	-12221662
10731000	23	74	3788853	-12279328
10741000	22	75	3557007	-12335009
10751000	24	75	3829358	-12166244
10761000	24	74	3873999	-12207378
10771000	22	77	3415348	-12011568
10781000	23	79	3411252	-11610472
10791000	23	78	3445618	-11855466
10801000	24	80	3448246	-11461109
10811000	23	80	3251617	-11520174
10821000	25	80	3484979	-11357759
10831000	22	82	3106361	-11401843
10841000	23	82	3147395	-11257873
10851000	22	83	2963892	-11304186
10861000	25	82	3375765	-11170135
10871000	23	85	2971896	-10993621
10881000	25	88	3006885	-10499729
10891000	24	88	2862229	-10538785
10901000	24	91	2728894	-10227839
10911000	23	92	2581663	-10250979
10921000	26	91	2936843	-10140322
10931000	25	93	2633753	-10007511
10941000	25	94	2660708	-9890450
10951000	27	95	2814880	-9760036
10961000	24	98	2372151	-9618142
10971000	24	100	2260749	-9478346
10981000	21	101	1991461	-9467643
10991000	25	102	2301910	-9253193
11001000	26	105	2211527	-9011280
11011000	24	104	2078067	-9157234
11021000	26	104	2240752	-9075067
11031000	23	105	1984516	-9062080
11041000	22	107	1869565	-8944014
11051000	22	109	1762745	-8828796
11061000	18	113	1348895	-8641285
11071000	22	109	1798390	-8766299
11081000	24	110	1939590	-8696350
11091000	21	113	1617020	-8554693
11101000	21	115	1535928	-8453215
11111000	21	117	1487716	-8251464
11121000	21	117	1496035	-8275367
11131000	20	118	1382325	-8267116
11141000	21	120	1421768	-8087479
11151000	18	123	1172675	-7934822
11161000	17	121	1121285	-8127021
11171000	18	125	1119025	-7846093
11181000	22	125	1347961	-7735641
11191000	18	127	1089846	-7696304
11201000	16	127	978481	-7776471
11211000	19	129	1124811	-7563771
11221000	20	130	1141103	-7498828
11231000	19	134	1034881	-7313956
11241000	19	134	1041472	-7333778
11251000	21	136	1089161	-7192876
11261000	21	139	1050420	-7040150
11271000	21	139	1052574	-7053326
11281000	20	140	1007377	-6983725
11291000	20	142	961472	-6911301
11301000	20	143	965650	-6850740
11311000	21	142	1030215	-6888743
11321000	21	144	985607	-6816883
11331000	20	146	941436	-6740860
11341000	19	144	918273	-6818840
11351000	23	147	1045503	-6655100
11361000	20	147	905460	-6694032
11371000	22	147	988022	-6664873
11381000	21	147	978058	-6673703
11391000	21	149	922748	-6599461
11401000	20	149	864758	-6595799
11411000	18	149	807004	-6591154
11421000	18	149	812062	-6602915
11431000	19	150	829575	-6551495
11441000	20	149	888384	-6586054
11451000	20	151	848097	-6520548
11461000	20	152	866054	-6477393
11471000	20	152	853609	-6485838
11481000	18	152	788062	-6479345
11491000	19	153	809810	-6435049
11501000	17	152	723437	-6482310
11511000	18	153	744593	-6431034
11521000	22	154	905555	-6361474
11531000	19	154	773481	-6397959
11541000	20	153	835053	-6428793
11551000	20	156	802238	-6303163
11561000	20	156	795320	-6312274
11571000	17	157	682048	-6289205
11581000	18	155	722839	-6383839
11591000	19	157	760577	-6285626
11601000	21	160	807039	-6128704
11611000	19	158	772082	-6249153
11621000	19	161	704568	-6116555
11631000	20	164	741883	-6024181
11641000	19	164	682278	-6010025
11651000	19	165	696090	-5968243
11661000	22	165	813849	-5962620
11671000	20	166	710248	-5943282
11681000	20	169	688920	-5834908
11691000	21	168	738781	-5865119
11701000	20	168	693293	-5859533
11711000	22	171	728520	-5771543
11721000	22	168	756820	-5838971
11731000	21	170	707959	-5779223
11741000	22	172	730866	-5736463
11751000	18	174	590851	-5701712
11761000	20	174	650266	-5682470
11771000	22	174	704124	-5658874
11781000	22	174	705605	-5667304
11791000	21	175	680777	-5617412
11801000	19	178	605160	-5553110
11811000	19	178	595794	-5559123
11821000	21	178	653692	-5537888
11831000	20	179	607161	-5533279
11841000	18	181	532926	-5467818
11851000	18	179	553323	-5533395
11861000	20	179	612414	-5515771
11871000	21	180	630200	-5482616
11881000	18	181	544362	-5460566
11891000	18	181	540390	-5463239
11901000	17	183	507476	-5407185
11911000	19	182	553131	-5431099
11921000	17	185	488394	-5369688
11931000	17	184	482670	-5379064
11941000	18	185	536910	-5363695
11951000	17	185	494010	-5356750
11961000	17	185	492621	-5369181
11971000	18	186	504346	-5335563
11981000	17	186	494384	-5341769
11991000	16	187	465141	-5293811
12001000	15	188	426050	-5284752
12011000	15	188	419664	-5290033
12021000	14	190	395200	-5244636
12031000	15	191	413817	-5214617
12041000	16	188	435073	-5276742
12051000	14	192	380730	-5173113
12061000	14	194	384791	-5137940
12071000	13	194	349485	-5132636
12081000	13	194	351775	-5142454
12091000	14	193	383889	-5165992
12101000	12	195	326332	-5101467
12111000	14	198	358791	-5033438
12121000	15	199	374901	-5003302
12131000	15	198	372674	-5010647
12141000	15	202	359435	-4931759
12151000	15	202	357448	-4934676
12161000	16	204	384979	-4874478
12171000	17	205	395981	-4843128
12181000	15	208	337909	-4787653
12191000	15	207	338580	-4797817
12201000	18	209	399805	-4753542
12211000	16	211	348809	-4705600
12221000	18	213	396755	-4657519
12231000	17	212	378330	-4694857
12241000	17	215	373104	-4626993
12251000	19	217	397439	-4575271
12261000	17	219	348687	-4529051
12271000	20	219	416358	-4528493
12281000	22	219	459410	-4511358
12291000	19	223	383785	-4455439
12301000	20	222	410365	-4470898
12311000	21	223	413331	-4441270
12321000	21	226	400077	-4380129
12331000	19	226	364136	-4404372
12341000	20	226	396792	-4392360
12351000	20	228	376274	-4360481
12361000	20	229	388999	-4341253
12371000	20	228	388538	-4346324
12381000	20	228	385968	-4351107
12391000	23	230	423252	-4306489
12401000	19	230	357183	-4316716
12411000	21	232	377787	-4269839
12421000	20	231	365631	-4301450
12431000	22	232	406604	-4263089
12441000	21	233	377770	-4257693
12451000	21	233	376700	-4266590
12461000	21	234	387248	-4246948
12471000	22	235	392812	-4223102
12481000	20	235	362986	-4216638
12491000	21	233	378651	-4255363
12501000	20	233	373546	-4257024
12511000	23	235	420232	-4216887
12521000	21	236	365295	-4204783
12531000	19	236	342669	-4200675
12541000	21	237	378260	-4190230
12551000	19	236	333177	-4207460
12561000	21	238	372663	-4170871
12571000	21	238	372857	-4175913
12581000	20	238	347964	-4172412
12591000	22	238	381325	-4162867
12601000	21	240	362005	-4132756
12611000	22	241	369640	-4112644
12621000	21	239	360076	-4144321
12631000	22	239	380909	-4155809
12641000	21	241	359367	-4124277
12651000	21	240	355073	-4129375
12661000	19	241	327752	-4123777
12671000	21	241	358193	-4113095
12681000	20	242	331757	-4108093
12691000	21	244	350764	-4064303
12701000	21	244	351826	-4067570
12711000	21	244	344978	-4065499
12721000	20	244	339040	-4068221
12731000	22	244	371242	-4058169
12741000	21	247	334560	-4021024
12751000	22	247	363423	-4010489
12761000	21	246	349114	-4039284
12771000	21	245	346301	-4045085
12781000	25	248	393961	-3987639
12791000	22	250	346439	-3973401
12801000	24	251	380969	-3939521
12811000	23	250	365796	-3965445
12821000	22	251	340440	-3958692
12831000	23	253	357978	-3916732
12841000	21	252	324763	-3936728
12851000	23	256	350865	-3874238
12861000	25	256	378599	-3863596
12871000	24	255	370103	-3889607
12881000	24	255	361313	-3891010
12891000	25	261	369532	-3801571
12901000	24	259	360404	-3828070
12911000	26	259	384137	-3818149
12921000	25	263	357464	-3761323
12931000	28	262	398494	-3780751
12941000	25	261	368897	-3797286
12951000	27	261	395569	-3784794
12961000	26	262	370460	-3777181
12971000	26	263	375322	-3761002
12981000	27	264	377457	-3743309
12991000	28	263	398630	-3754202
13001000	27	264	379727	-3750423
13011000	27	265	384390	-3734388
13021000	26	266	361232	-3730438
13031000	28	266	386704	-3717195
13041000	29	265	400957	-3725550
13051000	26	267	357574	-3716802
13061000	27	269	369649	-3680006
13071000	27	269	366964	-3683740
13081000	26	269	362977	-3686683
13091000	27	270	368359	-3672558
13101000	27	273	357687	-3629229
13111000	29	273	379319	-3617560
13121000	29	273	378350	-3621292
13131000	27	274	358248	-3618782
13141000	28	276	363824	-3580299
13151000	28	276	365564	-3582203
13161000	29	277	372578	-3566651
13171000	30	275	386705	-3595504
13181000	29	278	376045	-3553287
13191000	29	280	359654	-3529176
13201000	30	279	376250	-3539752
13211000	30	283	368681	-3499582
13221000	30	280	378736	-3529303
13231000	32	284	393486	-3477197
13241000	29	285	353741	-3468418
13251000	32	287	382825	-3442236
13261000	32	287	380635	-3446394
13271000	30	289	359615	-3424599
13281000	32	291	370611	-3391317
13291000	32	291	370508	-3395758
13301000	32	292	371851	-3380341
13311000	34	296	384158	-3331030
13321000	33	295	378917	-3352447
13331000	30	296	344795	-3346858
13341000	32	296	365740	-3338010
13351000	33	295	372114	-3343783
13361000	30	297	336572	-3335700
13371000	31	298	341005	-3323325
13381000	33	299	367925	-3298444
13391000	32	300	348703	-3295283
13401000	31	300	345448	-3298392
13411000	32	301	350383	-3283697
13421000	30	300	328765	-3297039
13431000	29	304	313957	-3259821
13441000	30	303	325793	-3267564
13451000	32	302	341623	-3272372
13461000	30	303	325166	-3269748
13471000	32	303	344393	-3260091
13481000	32	303	342710	-3265475
13491000	30	306	315498	-3241436
13501000	29	306	312644	-3242441
13511000	29	305	307743	-3244412
13521000	27	306	288588	-3240439
13531000	29	305	305210	-3248321
13541000	30	304	321826	-3258906
13551000	30	307	313937	-3224249
13561000	27	306	289684	-3237082
13571000	27	308	277181	-3219244
13581000	26	308	274162	-3221533
13591000	28	307	299545	-3232926
13601000	27	311	273325	-3192767
13611000	26	311	269683	-3196052
13621000	25	309	264342	-3214399
13631000	27	309	282565	-3208823
13641000	24	311	250885	-3200676
13651000	22	310	225993	-3212127
13661000	24	310	243504	-3203576
13671000	24	312	246821	-3189337
13681000	21	313	213146	-3181195
13691000	23	310	233852	-3210681
13701000	23	315	235372	-3160711
13711000	23	313	230224	-3174467
13721000	23	313	229011	-3177059
13731000	24	313	245194	-3172290
13741000	20	316	198838	-3155280
13751000	20	317	202166	-3142831
13761000	21	316	209695	-3149428
13771000	18	318	174911	-3139511
13781000	22	318	215906	-3125921
13791000	21	317	211287	-3143968
13801000	21	320	207194	-3112986
13811000	23	314	234760	-3162232
13821000	20	320	198739	-3116138
13831000	20	321	188651	-3099645
13841000	19	321	186884	-3101724
13851000	20	322	188618	-3090787
13861000	21	323	202733	-3082971
13871000	20	323	190645	-3079830
13881000	20	323	190361	-3082834
13891000	20	328	189458	-3037949
13901000	21	327	198115	-3044507
13911000	20	324	185058	-3073812
13921000	19	330	173665	-3022945
13931000	23	331	205526	-3008097
13941000	20	330	182923	-3019182
13951000	17	333	148461	-2991672
13961000	19	331	175282	-3007182
13971000	21	334	182941	-2981237
13981000	20	334	177486	-2980674
13991000	20	334	174058	-2982086
14001000	17	339	146265	-2941706
14011000	20	339	175028	-2941349
14021000	23	338	200967	-2941861
14031000	19	337	163902	-2959720
14041000	23	340	193926	-2925656
14051000	21	337	181493	-2954512
14061000	20	341	171616	-2923504
14071000	19	339	163487	-2938048
14081000	19	343	158943	-2908590
14091000	20	343	171487	-2902320
14101000	16	343	138055	-2908089
14111000	20	343	167095	-2908317
14121000	20	344	171664	-2897447
14131000	19	345	157913	-2893168
14141000	18	345	150986	-2894005
14151000	16	345	137903	-2890592
14161000	17	346	142004	-2880808
14171000	18	349	150815	-2857275
14181000	18	349	146778	-2858624
14191000	18	350	149539	-2848863
14201000	18	350	149756	-2852344
14211000	19	351	153197	-2842454
14221000	17	353	138738	-2825156
14231000	18	354	141441	-2815611
14241000	17	353	133761	-2829718
14251000	16	356	129453	-2802591
14261000	17	351	141270	-2839621
14271000	19	358	144227	-2788412
14281000	21	360	164478	-2771717
14291000	19	357	151702	-2796791
14301000	20	359	158274	-2774655
14311000	19	360	143728	-2772488
14321000	19	363	139930	-2746254
14331000	16	363	121859	-2752972
14341000	18	363	135797	-2748590
14351000	21	366	157243	-2721669
14361000	20	368	148694	-2706789
14371000	20	368	148433	-2707879
14381000	20	370	149023	-2696196
14391000	19	372	138309	-2683441
14401000	22	374	153699	-2666858
14411000	24	374	167396	-2661093
14421000	23	376	159703	-2648433
14431000	23	374	162634	-2665566
14441000	20	377	139629	-2647988
14451000	26	381	175158	-2613684
14461000	23	382	155205	-2609198
14471000	25	382	168910	-2606090
14481000	23	381	160381	-2617602
14491000	23	380	157808	-2618793
14501000	24	383	164844	-2600638
14511000	26	382	174332	-2606617
14521000	23	385	152440	-2589265
14531000	22	385	149652	-2590798
14541000	26	384	173195	-2590274
14551000	21	386	139970	-2580436
14561000	20	386	136400	-2581452
14571000	25	385	169837	-2585318
14581000	22	385	144755	-2590228
14591000	21	388	140818	-2568106
14601000	21	386	139503	-2581853
14611000	21	388	139873	-2572685
14621000	21	387	140495	-2574680
14631000	20	389	133305	-2562665
14641000	21	388	141760	-2568776
14651000	19	389	127934	-2565194
14661000	20	390	131252	-2557411
14671000	21	391	134290	-2550043
14681000	21	390	136577	-2553933
14691000	19	391	122497	-2550117
14701000	23	391	146953	-2549816
14711000	18	393	115669	-2538310
14721000	18	391	117283	-2554284
14731000	19	390	125615	-2560427
14741000	17	390	114382	-2557794
14751000	20	391	128418	-2552861
14761000	16	392	101648	-2544224
14771000	18	394	115586	-2530838
14781000	23	388	150113	-2565540
14791000	20	393	127600	-2536028
14801000	18	394	116054	-2534225
14811000	17	394	111988	-2535889
14821000	19	393	121815	-2541894
14831000	16	394	102224	-2535588
14841000	17	397	106874	-2516562
14851000	14	396	86953	-2521388
14861000	16	394	102719	-2531360
14871000	16	398	101351	-2509188
14881000	17	397	109946	-2515020
14891000	18	398	110786	-2507049
14901000	16	399	99324	-2504556
14911000	18	399	112129	-2500951
14921000	16	400	99450	-2497170
14931000	16	399	102379	-2501015
14941000	17	402	104356	-2482952
14951000	14	400	88729	-2499619
14961000	14	403	87058	-2478651
14971000	15	406	91580	-2461949
14981000	18	404	108104	-2470661
14991000	19	403	116184	-2477565
15001000	15	406	90837	-2457729
15011000	17	405	104265	-2465548
15021000	16	409	97405	-2444088
15031000	17	411	103190	-2426752
15041000	18	409	106708	-2441211
15051000	17	411	100859	-2430610
15061000	19	411	110279	-2426462
15071000	15	409	89890	-2442596
15081000	18	415	101653	-2406951
15091000	18	416	104578	-2399009
15101000	18	412	103036	-2423776
15111000	18	415	106489	-2406834
15121000	16	414	94837	-2413192
15131000	18	417	102004	-2395225
15141000	17	416	99591	-2397547
15151000	20	420	115222	-2374627
15161000	19	421	106495	-2371153
15171000	16	420	92854	-2376394
15181000	19	424	107113	-2355090
15191000	20	423	110627	-2359003
15201000	19	425	105200	-2348743
15211000	17	424	93877	-2355169
15221000	19	426	106681	-2343038
15231000	21	424	118420	-2349941
15241000	21	424	116419	-2350037
15251000	19	427	101305	-2336875
15261000	17	429	94364	-2327160
15271000	22	432	115536	-2309304
15281000	21	430	111064	-2319058
15291000	17	430	92325	-2322541
15301000	18	433	96752	-2307668
15311000	20	433	105676	-2303627
15321000	20	435	104760	-2295081
15331000	17	432	88918	-2309407
15341000	17	434	89594	-2302174
15351000	19	438	101463	-2281190
15361000	21	436	108448	-2286116
15371000	18	441	91136	-2261394
15381000	18	437	93309	-2282059
15391000	18	439	90833	-2274041
15401000	22	438	113122	-2275996
15411000	23	443	114312	-2250198
15421000	21	445	107511	-2239884
15431000	20	444	99504	-2248653
15441000	20	445	98893	-2242857
15451000	25	448	123018	-2225922
15461000	17	447	87144	-2231359
15471000	20	451	98833	-2211043
15481000	18	447	87938	-2236003
15491000	22	453	108783	-2200876
15501000	23	451	113031	-2213779
15511000	24	453	116442	-2199514
15521000	21	452	103048	-2205525
15531000	24	456	117030	-2186199
15541000	23	453	113459	-2203155
15551000	23	457	108791	-2184785
15561000	20	457	96604	-2181684
15571000	24	457	112502	-2180440
15581000	26	460	125034	-2168884
15591000	24	459	113687	-2174132
15601000	20	460	93566	-2169316
15611000	21	459	99018	-2174491
15621000	22	460	104135	-2166885
15631000	23	459	110483	-2171212
15641000	23	461	109821	-2163321
15651000	22	463	101555	-2153954
15661000	21	462	97311	-2161477
15671000	22	464	102358	-2148385
15681000	21	461	100690	-2166867
15691000	24	463	110686	-2156203
15701000	24	460	114591	-2167594
15711000	21	464	95700	-2151944
15721000	22	465	100481	-2146565
15731000	20	467	92742	-2138742
15741000	21	464	97573	-2149410
15751000	22	466	101371	-2143293
15761000	19	460	90270	-2168123
15771000	19	464	90143	-2152381
15781000	21	465	97630	-2148102
15791000	21	464	98917	-2149814
15801000	20	465	90764	-2148097
15811000	17	465	78946	-2145455
15821000	19	466	87492	-2142295
15831000	19	466	87000	-2143422
15841000	17	466	78897	-2141632
15851000	18	465	83077	-2145681
15861000	15	468	67179	-2135228
15871000	18	469	79507	-2129814
15881000	19	467	85242	-2139357
15891000	18	469	81877	-2131290
15901000	17	468	79088	-2132755
15911000	16	469	73198	-2130093
15921000	18	470	82613	-2126703
15931000	17	469	78083	-2127581
15941000	13	471	59653	-2123564
15951000	17	471	76908	-2121772
15961000	17	470	77289	-2124197
15971000	18	471	82838	-2119451
15981000	18	471	79294	-2120058
15991000	17	471	75117	-2120300
16001000	15	471	68688	-2119379
16011000	19	473	86047	-2110928
16021000	18	476	80426	-2095882
16031000	18	475	77618	-2104160
16041000	15	474	67086	-2108653
16051000	20	477	87786	-2092940
16061000	17	478	76490	-2090934
16071000	15	477	65059	-2096424
16081000	16	478	67899	-2089249
16091000	17	479	75997	-2086192
16101000	18	482	76549	-2072697
16111000	19	481	83816	-2077388
16121000	17	484	72554	-2065563
16131000	20	484	84457	-2063130
16141000	16	482	70385	-2074039
16151000	18	488	76839	-2047637
16161000	19	484	79287	-2064119
16171000	18	488	77459	-2047358
16181000	18	488	75413	-2048269
16191000	15	488	62920	-2046947
16201000	22	491	91273	-2033169
16211000	22	487	94140	-2048324
16221000	18	491	73681	-2034995
16231000	20	493	82015	-2025555
16241000	19	491	78400	-2032369
16251000	19	493	80008	-2025744
16261000	17	494	70637	-2023442
16271000	20	492	83070	-2029765
16281000	26	495	105434	-2016225
16291000	20	495	79863	-2015132
16301000	16	497	65085	-2010644
16311000	18	496	74369	-2015317
16321000	21	498	82970	-2005101
16331000	19	497	75113	-2010286
16341000	16	500	62357	-1999432
16351000	17	500	67805	-1996597
16361000	21	498	84970	-2004231
16371000	16	502	63073	-1988288
16381000	17	500	67733	-1995915
16391000	22	502	87155	-1989742
16401000	17	505	68261	-1976677
16411000	19	501	76294	-1993621
16421000	20	502	78377	-1987477
16431000	21	503	82234	-1983767
16441000	17	501	65800	-1994488
16451000	19	503	76323	-1984808
16461000	22	500	86296	-1995462
16471000	17	505	68034	-1976620
16481000	20	504	77052	-1980293
16491000	22	507	87472	-1970307
16501000	19	506	72816	-1972404
16511000	17	503	65833	-1984618
16521000	18	508	69758	-1967371
16531000	18	505	71707	-1976332
16541000	19	509	73475	-1962262
16551000	18	506	69539	-1974464
16561000	15	507	57373	-1971631
16571000	17	509	66011	-1960500
16581000	15	509	58291	-1964200
16591000	17	508	65847	-1966809
16601000	14	503	54382	-1987660
16611000	19	513	73191	-1945035
16621000	11	516	41784	-1938897
16631000	17	515	64967	-1939533
16641000	18	514	68584	-1942195
16651000	20	513	75702	-1945192
16661000	26	505	101218	-1975162
16671000	20	513	76143	-1946132
16681000	15	518	57038	-1927525
16691000	22	519	82007	-1923726
16701000	20	518	74304	-1928727
16711000	14	526	50884	-1900750
16721000	15	516	57971	-1937128
16731000	21	523	75464	-1909936
16741000	16	523	60295	-1910794
16751000	20	522	73294	-1913682
16761000	18	526	65966	-1899567
16771000	23	528	82665	-1889034
