f/Hz	Re{Y}/µS	Im{Y}/µS	Re{Z}/mOhm	Im{Z}/mOhm
1000	2838114	-260884	349	32
11000	1592998	-1313886	374	308
21000	775566	-1216082	373	585
31000	413230	-966295	374	875
41000	257653	-784395	378	1151
51000	178478	-650636	392	1429
61000	121003	-558478	371	1710
71000	92549	-484714	380	1991
81000	71995	-429180	380	2266
91000	57904	-383602	385	2549
101000	47058	-347952	382	2822
111000	39883	-317202	390	3104
121000	33391	-291252	389	3389
131000	28771	-269827	391	3664
141000	25289	-251408	396	3938
151000	21808	-234622	393	4226
161000	19838	-220367	405	4501
171000	17294	-207825	398	4779
181000	15579	-196419	401	5059
191000	14092	-186508	403	5331
201000	12835	-177219	407	5613
211000	11478	-168811	401	5897
221000	10732	-161279	411	6173
231000	9967	-154448	416	6448
241000	9203	-148050	418	6728
251000	8483	-142171	418	7009
261000	7959	-136670	425	7292
271000	7386	-131727	424	7568
281000	6901	-126996	427	7851
291000	6419	-122702	425	8128
301000	6029	-118629	427	8408
311000	5783	-114892	437	8682
321000	5458	-111290	440	8964
331000	5118	-108042	437	9235
341000	4774	-104884	433	9515
351000	4694	-101802	452	9802
361000	4389	-99010	447	10080
371000	4220	-96365	454	10357
381000	3943	-93911	446	10630
391000	3810	-91456	455	10915
401000	3614	-89176	454	11195
411000	3515	-87043	463	11470
421000	3375	-85021	466	11743
431000	3280	-83069	475	12019
441000	3121	-81199	473	12297
451000	2987	-79403	473	12576
461000	2868	-77707	474	12851
471000	2790	-76048	482	13132
481000	2663	-74486	479	13408
491000	2551	-72948	479	13692
501000	2507	-71503	490	13968
511000	2389	-70088	486	14251
521000	2348	-68790	496	14520
531000	2213	-67509	485	14797
541000	2205	-66211	502	15086
551000	2121	-65032	501	15361
561000	2038	-63905	499	15632
571000	1994	-62798	505	15908
581000	1956	-61727	513	16184
591000	1901	-60693	515	16460
601000	1837	-59693	515	16737
611000	1782	-58707	517	17018
621000	1735	-57777	519	17292
631000	1697	-56837	525	17579
641000	1666	-55947	532	17858
651000	1581	-55126	520	18125
661000	1555	-54292	527	18404
671000	1527	-53451	534	18694
681000	1508	-52686	543	18965
691000	1449	-51929	537	19242
701000	1407	-51228	536	19506
711000	1384	-50480	543	19795
721000	1342	-49770	541	20078
731000	1341	-49127	555	20340
741000	1317	-48471	560	20616
751000	1287	-47825	562	20894
761000	1248	-47196	560	21173
771000	1224	-46569	564	21459
781000	1175	-45979	555	21735
791000	1162	-45405	563	22009
801000	1126	-44848	560	22284
811000	1128	-44294	575	22562
821000	1085	-43765	566	22835
831000	1100	-43219	588	23123
841000	1068	-42715	585	23396
851000	1046	-42241	586	23659
861000	1032	-41723	592	23953
871000	1005	-41264	590	24220
881000	970	-40764	584	24517
891000	975	-40342	599	24773
901000	952	-39883	598	25059
911000	919	-39463	590	25326
921000	917	-39037	602	25602
931000	911	-38611	611	25885
941000	896	-38189	614	26171
951000	867	-37799	606	26442
961000	855	-37412	610	26715
971000	856	-37006	625	27008
981000	822	-36639	612	27280
991000	838	-36297	636	27536
1001000	811	-35930	628	27817
1011000	792	-35555	626	28111
1021000	783	-35220	631	28379
1031000	760	-34884	624	28653
1041000	762	-34530	639	28946
1051000	748	-34233	638	29197
1061000	737	-33899	641	29486
1071000	727	-33569	645	29776
1081000	710	-33284	641	30031
1091000	721	-32967	663	30318
1101000	692	-32678	647	30588
1111000	678	-32379	647	30871
1121000	676	-32086	657	31152
1131000	664	-31807	657	31426
1141000	663	-31524	667	31708
1151000	640	-31279	654	31957
1161000	647	-30995	673	32250
1171000	639	-30734	677	32524
1181000	628	-30467	676	32808
1191000	616	-30212	675	33086
1201000	607	-29964	675	33360
1211000	609	-29723	690	33630
1221000	601	-29480	692	33907
1231000	591	-29235	692	34192
1241000	580	-28998	689	34471
1251000	571	-28774	690	34739
1261000	568	-28540	698	35025
1271000	557	-28321	694	35296
1281000	554	-28093	701	35582
1291000	542	-27887	697	35845
1301000	547	-27667	715	36130
1311000	534	-27451	708	36415
1321000	525	-27265	706	36663
1331000	525	-27050	717	36954
1341000	534	-26852	741	37227
1351000	505	-26637	712	37528
1361000	509	-26441	727	37806
1371000	504	-26266	730	38057
1381000	488	-26063	719	38355
1391000	495	-25881	739	38624
1401000	490	-25705	741	38889
1411000	470	-25519	722	39174
1421000	473	-25326	736	39471
1431000	472	-25169	745	39717
1441000	468	-24984	749	40012
1451000	459	-24809	745	40295
1461000	460	-24654	757	40547
1471000	457	-24473	763	40848
1481000	455	-24305	771	41130
1491000	432	-24141	741	41409
1501000	437	-23996	758	41660
1511000	436	-23840	767	41932
1521000	436	-23678	777	42218
1531000	423	-23521	765	42502
1541000	407	-23366	745	42784
1551000	412	-23211	764	43070
1561000	406	-23064	764	43344
1571000	406	-22907	773	43641
1581000	407	-22775	785	43894
1591000	403	-22630	788	44176
1601000	400	-22488	791	44455
1611000	385	-22343	771	44744
1621000	392	-22211	794	45009
1631000	388	-22068	797	45301
1641000	378	-21941	785	45564
1651000	375	-21808	788	45841
1661000	379	-21671	807	46131
1671000	384	-21534	828	46424
1681000	368	-21423	802	46665
1691000	369	-21287	814	46964
1701000	360	-21165	803	47233
1711000	356	-21035	804	47525
1721000	353	-20924	806	47778
1731000	352	-20791	814	48084
1741000	355	-20682	831	48336
1751000	340	-20555	805	48637
1761000	337	-20451	806	48884
1771000	345	-20331	834	49172
1781000	345	-20217	844	49449
1791000	337	-20093	835	49754
1801000	338	-19979	846	50037
1811000	334	-19876	846	50297
1821000	335	-19777	855	50550
1831000	335	-19662	867	50845
1841000	321	-19556	838	51122
1851000	314	-19448	831	51406
1861000	315	-19336	842	51703
1871000	315	-19240	850	51962
1881000	314	-19138	858	52238
1891000	302	-19033	832	52528
1901000	312	-18930	869	52812
1911000	310	-18844	874	53053
1921000	311	-18735	887	53362
1931000	302	-18633	869	53655
1941000	306	-18547	890	53903
1951000	290	-18452	852	54182
1961000	300	-18361	890	54449
1971000	291	-18257	873	54760
1981000	290	-18159	880	55056
1991000	288	-18061	883	55354
2001000	287	-17975	888	55618
2011000	280	-17892	873	55878
2021000	283	-17802	892	56159
2031000	283	-17721	900	56417
2041000	275	-17634	883	56696
2051000	279	-17543	907	56990
2061000	272	-17453	893	57282
2071000	261	-17375	865	57541
2081000	271	-17286	908	57836
2091000	275	-17204	927	58112
2101000	272	-17129	925	58366
2111000	275	-17043	946	58659
2121000	265	-16964	921	58934
2131000	259	-16875	908	59246
2141000	267	-16807	947	59483
2151000	261	-16717	935	59804
2161000	258	-16645	933	60063
2171000	251	-16559	917	60375
2181000	255	-16493	938	60616
2191000	256	-16404	951	60945
2201000	254	-16338	950	61192
2211000	250	-16261	947	61484
2221000	260	-16191	992	61745
2231000	252	-16116	970	62034
2241000	245	-16042	952	62321
2251000	245	-15981	960	62561
2261000	243	-15894	961	62903
2271000	238	-15829	951	63163
2281000	239	-15764	961	63420
2291000	229	-15695	929	63702
2301000	235	-15619	962	64010
2311000	233	-15562	961	64246
2321000	234	-15479	977	64587
2331000	239	-15416	1007	64851
2341000	234	-15356	994	65108
2351000	222	-15290	948	65390
2361000	218	-15221	942	65686
2371000	221	-15168	961	65915
2381000	220	-15088	968	66265
2391000	224	-15020	992	66563
2401000	225	-14974	1004	66767
2411000	222	-14904	997	67082
2421000	223	-14833	1014	67402
2431000	219	-14777	1004	67657
2441000	220	-14717	1013	67933
2451000	220	-14659	1024	68201
2461000	215	-14594	1009	68508
2471000	214	-14537	1013	68773
2481000	217	-14482	1036	69035
2491000	216	-14421	1040	69327
2501000	219	-14367	1059	69590
2511000	211	-14300	1034	69913
2521000	206	-14239	1014	70215
2531000	208	-14189	1034	70463
2541000	206	-14136	1031	70727
2551000	205	-14081	1035	71005
2561000	196	-14016	996	71331
2571000	196	-13962	1004	71607
2581000	199	-13903	1027	71911
2591000	194	-13852	1009	72177
2601000	194	-13801	1020	72443
2611000	197	-13753	1039	72694
2621000	198	-13705	1053	72951
2631000	198	-13650	1061	73242
2641000	198	-13598	1069	73524
2651000	192	-13533	1050	73878
2661000	189	-13484	1039	74149
2671000	197	-13444	1087	74367
2681000	187	-13389	1046	74675
2691000	195	-13337	1095	74964
2701000	187	-13283	1057	75270
2711000	189	-13234	1077	75550
2721000	186	-13183	1069	75842
2731000	184	-13136	1069	76114
2741000	188	-13089	1099	76387
2751000	191	-13050	1121	76614
2761000	187	-13000	1103	76908
2771000	185	-12950	1106	77202
2781000	183	-12899	1100	77509
2791000	182	-12856	1100	77767
2801000	179	-12804	1094	78083
2811000	174	-12756	1069	78378
2821000	174	-12707	1076	78683
2831000	174	-12662	1085	78961
2841000	176	-12615	1103	79255
2851000	174	-12576	1102	79503
2861000	169	-12525	1075	79823
2871000	173	-12485	1108	80080
2881000	176	-12443	1139	80350
2891000	167	-12401	1084	80626
2901000	164	-12351	1074	80949
2911000	173	-12324	1142	81129
2921000	161	-12270	1068	81483
2931000	162	-12229	1083	81756
2941000	161	-12186	1087	82046
2951000	163	-12144	1102	82334
2961000	170	-12107	1159	82584
2971000	164	-12061	1125	82896
2981000	168	-12021	1161	83171
2991000	166	-11978	1157	83473
3001000	171	-11940	1196	83734
3011000	164	-11891	1161	84084
3021000	167	-11852	1185	84359
3031000	162	-11809	1161	84664
3041000	163	-11768	1179	84962
3051000	164	-11738	1190	85179
3061000	157	-11697	1151	85478
3071000	157	-11661	1158	85744
3081000	156	-11617	1153	86066
3091000	154	-11576	1150	86373
3101000	154	-11545	1159	86603
3111000	159	-11507	1204	86890
3121000	159	-11472	1209	87150
3131000	155	-11430	1186	87476
3141000	154	-11392	1185	87765
3151000	152	-11358	1178	88032
3161000	153	-11318	1191	88339
3171000	151	-11286	1187	88586
3181000	150	-11247	1183	88899
3191000	147	-11209	1168	89197
3201000	141	-11174	1127	89482
3211000	139	-11139	1123	89764
3221000	140	-11108	1138	90014
3231000	139	-11070	1134	90320
3241000	141	-11032	1160	90628
3251000	144	-10998	1188	90908
3261000	141	-10960	1175	91229
3271000	145	-10930	1214	91471
3281000	144	-10898	1211	91744
3291000	144	-10865	1223	92020
3301000	143	-10832	1221	92299
3311000	141	-10798	1211	92596
3321000	140	-10770	1211	92838
3331000	135	-10725	1174	93224
3341000	137	-10701	1192	93432
3351000	135	-10672	1187	93691
3361000	133	-10635	1176	94017
3371000	131	-10596	1170	94364
3381000	134	-10566	1200	94628
3391000	138	-10534	1243	94916
3401000	136	-10508	1235	95148
3411000	137	-10471	1247	95485
3421000	135	-10442	1235	95752
3431000	137	-10410	1262	96044
3441000	135	-10370	1254	96417
3451000	131	-10341	1226	96688
3461000	138	-10312	1300	96953
3471000	135	-10283	1273	97232
3481000	130	-10251	1239	97539
3491000	130	-10223	1248	97804
3501000	125	-10188	1200	98144
3511000	132	-10169	1272	98317
3521000	133	-10140	1291	98604
3531000	128	-10103	1257	98968
3541000	131	-10074	1286	99247
3551000	132	-10050	1310	99486
3561000	122	-10012	1217	99861
3571000	126	-9994	1263	100047
3581000	121	-9966	1223	100323
3591000	117	-9932	1188	100669
3601000	118	-9898	1202	101014
3611000	124	-9877	1271	101224
3621000	121	-9841	1246	101601
3631000	129	-9816	1334	101857
3641000	125	-9785	1300	102179
3651000	124	-9757	1304	102473
3661000	125	-9732	1320	102733
3671000	123	-9706	1304	103013
3681000	117	-9681	1246	103281
3691000	120	-9651	1287	103599
3701000	116	-9623	1257	103901
3711000	123	-9602	1329	104131
3721000	121	-9572	1326	104459
3731000	116	-9543	1268	104778
3741000	116	-9522	1282	105003
3751000	113	-9489	1259	105375
3761000	118	-9472	1311	105561
3771000	119	-9442	1338	105896
3781000	120	-9414	1357	106209
3791000	119	-9389	1352	106487
3801000	115	-9364	1310	106779
3811000	112	-9343	1279	107012
3821000	105	-9310	1216	107398
3831000	106	-9298	1221	107541
3841000	106	-9270	1229	107866
3851000	111	-9242	1300	108190
3861000	114	-9214	1343	108512
3871000	109	-9186	1289	108851
3881000	111	-9168	1318	109062
3891000	105	-9139	1255	109412
3901000	110	-9126	1322	109561
3911000	108	-9103	1300	109840
3921000	110	-9074	1333	110192
3931000	113	-9043	1377	110570
3941000	110	-9023	1355	110812
3951000	113	-8995	1402	111149
3961000	103	-8967	1281	111505
3971000	107	-8948	1331	111737
3981000	102	-8925	1285	112036
3991000	105	-8910	1318	112213
4001000	98	-8882	1245	112570
4011000	99	-8857	1264	112888
4021000	106	-8831	1356	113221
4031000	109	-8814	1397	113438
4041000	104	-8784	1341	113821
4051000	100	-8767	1304	114044
4061000	101	-8740	1325	114401
4071000	104	-8723	1371	114624
4081000	105	-8695	1383	114989
4091000	105	-8672	1392	115299
4101000	106	-8655	1412	115519
4111000	100	-8636	1335	115782
4121000	96	-8613	1297	116092
4131000	101	-8595	1373	116337
4141000	100	-8571	1358	116652
4151000	100	-8553	1369	116908
4161000	97	-8527	1338	117259
4171000	98	-8500	1355	117637
4181000	96	-8485	1329	117845
4191000	96	-8464	1333	118133
4201000	92	-8439	1294	118489
4211000	94	-8419	1324	118768
4221000	98	-8395	1387	119109
4231000	104	-8378	1484	119341
4241000	97	-8352	1388	119715
4251000	101	-8335	1451	119957
4261000	99	-8315	1429	120248
4271000	100	-8301	1455	120455
4281000	92	-8273	1339	120858
4291000	92	-8253	1356	121153
4301000	96	-8232	1415	121463
4311000	98	-8217	1447	121680
4321000	92	-8194	1377	122023
4331000	93	-8172	1393	122350
4341000	90	-8150	1348	122686
4351000	91	-8133	1380	122944
4361000	95	-8117	1442	123179
4371000	93	-8092	1428	123568
4381000	100	-8079	1532	123759
4391000	102	-8067	1568	123949
4401000	94	-8042	1459	124327
4411000	88	-8024	1372	124615
4421000	88	-8002	1381	124959
4431000	86	-7984	1346	125241
4441000	91	-7965	1441	125530
4451000	94	-7946	1484	125836
4461000	88	-7919	1397	126268
4471000	90	-7909	1431	126419
4481000	86	-7890	1383	126728
4491000	86	-7872	1392	127021
4501000	91	-7854	1482	127308
4511000	94	-7829	1532	127713
4521000	90	-7810	1469	128025
4531000	88	-7791	1453	128340
4541000	92	-7780	1517	128510
4551000	86	-7757	1436	128906
4561000	82	-7741	1363	129165
4571000	88	-7731	1464	129325
4581000	85	-7714	1433	129625
4591000	89	-7692	1511	129985
4601000	85	-7668	1446	130403
4611000	87	-7652	1482	130674
4621000	86	-7634	1472	130973
4631000	85	-7616	1466	131291
4641000	92	-7603	1587	131500
4651000	86	-7578	1494	131947
4661000	89	-7560	1551	132250
4671000	87	-7544	1525	132546
4681000	82	-7526	1443	132852
4691000	89	-7516	1570	133032
4701000	85	-7500	1508	133312
4711000	84	-7480	1497	133674
4721000	83	-7461	1493	134014
4731000	81	-7444	1470	134322
4741000	87	-7430	1569	134573
4751000	78	-7413	1416	134882
4761000	79	-7395	1436	135213
4771000	82	-7388	1498	135335
4781000	80	-7371	1468	135658
4791000	84	-7353	1551	135988
4801000	91	-7338	1684	136262
4811000	86	-7315	1615	136682
4821000	88	-7301	1643	136954
4831000	84	-7284	1580	137272
4841000	84	-7268	1589	137567
4851000	81	-7257	1546	137779
4861000	79	-7232	1507	138259
4871000	78	-7219	1488	138515
4881000	82	-7206	1588	138748
4891000	78	-7189	1516	139082
4901000	83	-7174	1606	139369
4911000	80	-7164	1568	139577
4921000	78	-7145	1532	139943
4931000	81	-7128	1598	140269
4941000	78	-7106	1535	140709
4951000	80	-7090	1601	141021
4961000	83	-7082	1663	141185
4971000	78	-7065	1569	141523
4981000	72	-7051	1443	141812
4991000	71	-7043	1428	141971
5001000	69	-7024	1403	142347
5011000	70	-7010	1432	142648
5021000	79	-6995	1606	142938
5031000	76	-6976	1553	143326
5041000	75	-6963	1539	143596
5051000	74	-6951	1526	143842
5061000	72	-6935	1490	144172
5071000	72	-6925	1506	144398
5081000	78	-6907	1630	144758
5091000	74	-6883	1555	145275
5101000	76	-6870	1612	145540
5111000	73	-6856	1548	145838
5121000	72	-6839	1536	146194
5131000	70	-6829	1492	146427
5141000	73	-6824	1564	146519
5151000	69	-6804	1499	146946
5161000	70	-6791	1511	147247
5171000	71	-6775	1547	147585
5181000	72	-6755	1585	148019
5191000	75	-6745	1643	148240
5201000	76	-6736	1672	148431
5211000	73	-6719	1609	148820
5221000	69	-6702	1544	149193
5231000	78	-6693	1734	149381
5241000	81	-6684	1820	149591
5251000	80	-6668	1789	149950
5261000	75	-6656	1691	150228
5271000	73	-6641	1659	150562
5281000	66	-6625	1513	150933
5291000	68	-6613	1556	151202
5301000	70	-6603	1599	151433
5311000	66	-6585	1530	151838
5321000	72	-6574	1672	152106
5331000	73	-6564	1691	152319
5341000	66	-6544	1540	152789
5351000	60	-6531	1401	153107
5361000	67	-6522	1584	153317
5371000	72	-6510	1691	153588
5381000	70	-6494	1653	153967
5391000	71	-6479	1700	154324
5401000	78	-6465	1863	154649
5411000	72	-6445	1734	155130
5421000	70	-6434	1694	155411
5431000	70	-6426	1686	155610
5441000	66	-6407	1605	156064
5451000	68	-6400	1653	156244
5461000	71	-6390	1735	156470
5471000	68	-6377	1668	156800
5481000	63	-6358	1556	157261
5491000	67	-6349	1659	157494
5501000	73	-6341	1804	157690
5511000	69	-6333	1718	157881
5521000	68	-6318	1704	158262
5531000	73	-6306	1847	158563
5541000	76	-6288	1914	159006
5551000	69	-6271	1761	159435
5561000	70	-6261	1779	159701
5571000	74	-6251	1899	159963
5581000	69	-6236	1778	160342
5591000	68	-6227	1743	160570
5601000	71	-6215	1842	160878
5611000	73	-6203	1890	161184
5621000	65	-6186	1692	161639
5631000	64	-6176	1690	161893
5641000	66	-6169	1740	162071
5651000	64	-6157	1690	162409
5661000	55	-6143	1467	162778
5671000	60	-6134	1596	163010
5681000	64	-6128	1706	163178
5691000	67	-6107	1789	163716
5701000	65	-6094	1746	164086
5711000	68	-6084	1843	164356
5721000	66	-6073	1785	164635
5731000	61	-6058	1668	165064
5741000	62	-6054	1692	165176
5751000	63	-6045	1718	165413
5761000	58	-6032	1603	165759
5771000	57	-6020	1563	166086
5781000	60	-6004	1671	166539
5791000	61	-5994	1697	166810
5801000	65	-5983	1815	167126
5811000	58	-5969	1628	167524
5821000	60	-5962	1695	167725
5831000	65	-5951	1849	168028
5841000	68	-5938	1922	168378
5851000	66	-5923	1870	168812
5861000	65	-5912	1869	169141
5871000	67	-5904	1926	169354
5881000	64	-5892	1852	169711
5891000	63	-5883	1819	169974
5901000	64	-5874	1842	170215
5911000	66	-5866	1923	170443
5921000	63	-5851	1836	170889
5931000	62	-5836	1813	171331
5941000	61	-5827	1788	171599
5951000	64	-5819	1875	171823
5961000	62	-5810	1849	172085
5971000	59	-5801	1753	172376
5981000	59	-5791	1770	172653
5991000	61	-5781	1833	172957
6001000	64	-5771	1912	173266
6011000	64	-5755	1929	173748
6021000	63	-5740	1905	174183
6031000	64	-5731	1947	174475
6041000	62	-5719	1892	174833
6051000	59	-5709	1800	175158
6061000	59	-5701	1820	175378
6071000	60	-5694	1850	175609
6081000	63	-5686	1943	175847
6091000	58	-5669	1804	176393
6101000	55	-5658	1714	176711
6111000	58	-5649	1806	176998
6121000	62	-5640	1957	177273
6131000	59	-5629	1846	177619
6141000	56	-5622	1777	177865
6151000	58	-5612	1838	178158
6161000	61	-5604	1956	178415
6171000	63	-5592	2023	178792
6181000	61	-5579	1975	179231
6191000	58	-5569	1864	179548
6201000	60	-5562	1929	179781
6211000	58	-5553	1865	180074
6221000	55	-5541	1807	180453
6231000	53	-5534	1739	180683
6241000	56	-5524	1823	181026
6251000	59	-5518	1929	181220
6261000	58	-5504	1929	181657
6271000	52	-5489	1727	182172
6281000	53	-5481	1757	182445
6291000	53	-5474	1773	182678
6301000	51	-5465	1693	182969
6311000	50	-5453	1689	183372
6321000	51	-5442	1734	183739
6331000	55	-5433	1846	184028
6341000	62	-5426	2089	184274
6351000	62	-5415	2129	184633
6361000	58	-5403	1984	185067
6371000	57	-5392	1957	185437
6381000	52	-5388	1801	185591
6391000	51	-5377	1777	185947
6401000	48	-5368	1665	186272
6411000	47	-5358	1647	186606
6421000	52	-5352	1802	186818
6431000	55	-5344	1914	187097
6441000	59	-5335	2063	187415
6451000	55	-5319	1940	187985
6461000	51	-5308	1817	188377
6471000	53	-5301	1887	188634
6481000	56	-5293	1995	188909
6491000	51	-5284	1844	189220
6501000	54	-5271	1927	189686
6511000	54	-5263	1937	190001
6521000	56	-5254	2046	190312
6531000	59	-5251	2141	190423
6541000	57	-5244	2086	190668
6551000	55	-5237	2003	190936
6561000	51	-5227	1852	191286
6571000	51	-5219	1882	191607
6581000	50	-5211	1847	191901
6591000	50	-5200	1842	192284
6601000	51	-5188	1897	192749
6611000	53	-5180	1965	193015
6621000	53	-5175	1976	193218
6631000	58	-5168	2158	193487
6641000	54	-5156	2045	193909
6651000	49	-5146	1862	194320
6661000	47	-5133	1790	194816
6671000	48	-5125	1837	195094
6681000	56	-5117	2151	195419
6691000	60	-5106	2288	195815
6701000	58	-5097	2223	196180
6711000	57	-5088	2204	196525
6721000	56	-5082	2149	196748
6731000	55	-5077	2140	196942
6741000	55	-5071	2146	197161
6751000	54	-5062	2095	197526
6761000	54	-5050	2113	197981
6771000	52	-5041	2039	198365
6781000	53	-5032	2085	198689
6791000	50	-5020	1993	199192
6801000	49	-5010	1969	199572
6811000	46	-5001	1849	199943
6821000	48	-4998	1927	200064
6831000	51	-4992	2052	200294
6841000	55	-4986	2208	200539
6851000	55	-4974	2235	201037
6861000	52	-4964	2131	201440
6871000	50	-4951	2022	201941
6881000	51	-4947	2102	202126
6891000	51	-4941	2097	202364
6901000	53	-4936	2182	202573
6911000	53	-4930	2174	202809
6921000	52	-4921	2167	203179
6931000	54	-4914	2241	203480
6941000	51	-4906	2110	203794
6951000	55	-4900	2281	204050
6961000	54	-4887	2254	204597
6971000	51	-4878	2154	204981
6981000	49	-4870	2052	205339
6991000	49	-4863	2058	205595
7001000	49	-4858	2080	205831
7011000	49	-4851	2085	206136
7021000	48	-4839	2029	206631
7031000	51	-4831	2175	206967
7041000	51	-4820	2191	207427
7051000	55	-4814	2365	207679
7061000	55	-4809	2398	207921
7071000	55	-4801	2374	208242
7081000	49	-4792	2151	208672
7091000	43	-4781	1871	209160
7101000	43	-4776	1895	209342
7111000	45	-4769	1990	209677
7121000	45	-4763	1970	209912
7131000	45	-4753	1983	210375
7141000	44	-4746	1937	210697
7151000	43	-4733	1899	211250
7161000	46	-4726	2064	211554
7171000	50	-4720	2242	211835
7181000	53	-4718	2375	211944
7191000	49	-4710	2225	212310
7201000	51	-4703	2297	212602
7211000	48	-4690	2185	213198
7221000	50	-4681	2260	213583
7231000	54	-4673	2467	213956
7241000	54	-4666	2473	214269
7251000	48	-4658	2215	214652
7261000	46	-4651	2116	214981
7271000	47	-4644	2167	215330
7281000	47	-4641	2167	215427
7291000	49	-4637	2260	215650
7301000	49	-4628	2296	216068
7311000	49	-4621	2300	216375
7321000	48	-4611	2266	216850
7331000	46	-4600	2160	217379
7341000	46	-4591	2177	217790
7351000	46	-4587	2196	217997
7361000	45	-4585	2158	218082
7371000	47	-4581	2253	218275
7381000	48	-4576	2307	218523
7391000	47	-4564	2235	219089
7401000	45	-4559	2181	219340
7411000	50	-4548	2404	219827
7421000	52	-4543	2535	220095
7431000	56	-4536	2710	220403
7441000	56	-4527	2712	220859
7451000	53	-4519	2612	221275
7461000	51	-4512	2481	221615
7471000	50	-4506	2482	221916
7481000	48	-4501	2383	222126
7491000	48	-4494	2355	222490
7501000	48	-4488	2388	222780
7511000	47	-4477	2353	223359
7521000	47	-4467	2338	223827
7531000	48	-4463	2433	224045
7541000	52	-4458	2606	224290
7551000	53	-4451	2665	224621
7561000	51	-4444	2607	225001
7571000	48	-4436	2454	225379
7581000	43	-4426	2204	225940
7591000	46	-4415	2360	226484
7601000	47	-4408	2396	226819
7611000	50	-4401	2605	227169
7621000	55	-4398	2827	227366
7631000	53	-4392	2761	227638
7641000	53	-4388	2758	227845
7651000	47	-4380	2425	228292
7661000	45	-4374	2333	228581
7671000	46	-4368	2405	228915
7681000	46	-4364	2428	229100
7691000	53	-4361	2761	229292
7701000	55	-4350	2919	229832
7711000	53	-4341	2794	230305
7721000	51	-4336	2712	230614
7731000	44	-4327	2371	231106
7741000	46	-4322	2440	231367
7751000	45	-4317	2403	231605
7761000	44	-4312	2347	231879
7771000	40	-4307	2148	232186
7781000	38	-4297	2063	232715
7791000	39	-4288	2139	233179
7801000	44	-4283	2399	233462
7811000	46	-4277	2488	233801
7821000	48	-4271	2606	234117
7831000	49	-4266	2703	234363
7841000	47	-4259	2596	234785
7851000	45	-4253	2513	235114
7861000	43	-4244	2369	235623
7871000	39	-4238	2193	235962
7881000	38	-4235	2135	236125
7891000	42	-4229	2350	236461
7901000	41	-4225	2293	236645
7911000	43	-4218	2440	237044
7921000	42	-4209	2349	237551
7931000	42	-4200	2397	238062
7941000	41	-4194	2315	238408
7951000	42	-4188	2400	238745
7961000	45	-4183	2556	239011
7971000	47	-4179	2680	239251
7981000	47	-4173	2697	239620
7991000	49	-4165	2820	240044
8001000	45	-4155	2579	240624
8011000	44	-4148	2586	241052
8021000	46	-4141	2661	241451
8031000	47	-4136	2731	241727
8041000	46	-4134	2683	241887
8051000	47	-4130	2769	242125
8061000	41	-4123	2436	242512
8071000	41	-4117	2411	242855
8081000	40	-4112	2345	243174
8091000	39	-4106	2327	243499
8101000	44	-4103	2602	243724
8111000	45	-4097	2689	244029
8121000	44	-4091	2652	244433
8131000	47	-4082	2826	244967
8141000	45	-4078	2696	245170
8151000	40	-4068	2427	245820
8161000	37	-4062	2263	246181
8171000	38	-4055	2301	246604
8181000	36	-4052	2205	246782
8191000	39	-4045	2408	247198
8201000	41	-4041	2529	247446
8211000	42	-4032	2604	247966
8221000	42	-4020	2585	248714
8231000	42	-4014	2588	249100
8241000	39	-4007	2441	249517
8251000	44	-4003	2740	249809
8261000	45	-3999	2787	250002
8271000	45	-3998	2815	250122
8281000	48	-3994	3026	250332
8291000	46	-3988	2911	250717
8301000	44	-3981	2755	251184
8311000	40	-3975	2517	251563
8321000	41	-3966	2604	252118
8331000	42	-3960	2672	252491
8341000	44	-3952	2788	252991
8351000	43	-3952	2754	253021
8361000	43	-3944	2738	253521
8371000	39	-3937	2521	253992
8381000	39	-3931	2517	254346
8391000	38	-3929	2464	254520
8401000	38	-3921	2478	255017
8411000	39	-3917	2574	255299
8421000	44	-3912	2878	255602
8431000	48	-3905	3132	256075
8441000	48	-3898	3161	256475
8451000	49	-3892	3245	256901
8461000	48	-3886	3156	257290
8471000	43	-3877	2858	257925
8481000	42	-3871	2781	258281
8491000	39	-3867	2575	258565
8501000	44	-3859	2942	259126
8511000	43	-3858	2865	259164
8521000	46	-3851	3116	259618
8531000	44	-3847	2957	259895
8541000	45	-3839	3076	260429
8551000	44	-3835	3002	260736
8561000	41	-3830	2780	261061
8571000	40	-3826	2733	261372
8581000	40	-3822	2737	261592
8591000	41	-3820	2794	261773
8601000	38	-3818	2641	261909
8611000	38	-3813	2586	262214
8621000	40	-3808	2744	262603
8631000	39	-3798	2705	263286
8641000	41	-3790	2821	263852
8651000	39	-3788	2726	263978
8661000	43	-3777	2996	264693
8671000	44	-3773	3061	264975
8681000	43	-3767	3059	265463
8691000	43	-3764	3058	265608
8701000	42	-3759	2983	266016
8711000	39	-3754	2740	266362
8721000	37	-3749	2648	266692
8731000	36	-3747	2591	266867
8741000	36	-3742	2543	267202
8751000	39	-3738	2798	267485
8761000	39	-3733	2778	267878
8771000	40	-3730	2887	268068
8781000	44	-3722	3166	268663
8791000	44	-3715	3209	269142
8801000	43	-3706	3160	269774
8811000	41	-3701	3014	270166
8821000	37	-3690	2739	270978
8831000	36	-3686	2685	271275
8841000	35	-3683	2552	271487
8851000	39	-3678	2912	271838
8861000	40	-3673	2992	272206
8871000	45	-3670	3315	272455
8881000	47	-3663	3496	272990
8891000	46	-3657	3455	273431
8901000	46	-3653	3454	273733
8911000	45	-3646	3370	274195
8921000	42	-3642	3198	274508
8931000	41	-3642	3059	274565
8941000	43	-3638	3229	274846
8951000	44	-3633	3351	275191
8961000	43	-3633	3295	275251
8971000	44	-3625	3386	275858
8981000	44	-3619	3360	276282
8991000	43	-3610	3275	276973
9001000	42	-3604	3230	277414
9011000	41	-3598	3169	277870
9021000	39	-3594	3023	278237
9031000	40	-3592	3081	278362
9041000	41	-3587	3155	278728
9051000	37	-3583	2905	279076
9061000	34	-3578	2669	279427
9071000	32	-3571	2526	279976
9081000	33	-3566	2564	280374
9091000	34	-3560	2643	280845
9101000	36	-3550	2863	281681
9111000	40	-3549	3159	281729
9121000	44	-3542	3503	282306
9131000	42	-3539	3360	282563
9141000	45	-3533	3586	282986
9151000	43	-3530	3422	283246
9161000	41	-3527	3274	283466
9171000	39	-3521	3153	284013
9181000	36	-3515	2946	284452
9191000	36	-3510	2935	284903
9201000	34	-3504	2777	285375
9211000	34	-3500	2751	285691
9221000	37	-3497	2991	285912
9231000	39	-3492	3165	286333
9241000	41	-3488	3353	286680
9251000	43	-3483	3553	287043
9261000	46	-3483	3789	287080
9271000	46	-3474	3813	287802
9281000	44	-3472	3620	287980
9291000	44	-3467	3683	288401
9301000	45	-3462	3766	288794
9311000	42	-3458	3528	289116
9321000	44	-3454	3660	289432
9331000	47	-3447	3961	290093
9341000	51	-3441	4279	290577
9351000	50	-3437	4221	290904
9361000	51	-3434	4329	291118
9371000	49	-3424	4158	291960
9381000	47	-3417	3998	292566
9391000	43	-3411	3653	293159
9401000	41	-3409	3490	293285
9411000	41	-3406	3504	293589
9421000	41	-3405	3565	293672
9431000	42	-3398	3630	294211
9441000	43	-3396	3703	294443
9451000	40	-3388	3515	295092
9461000	41	-3385	3550	295370
9471000	42	-3379	3685	295877
9481000	41	-3376	3639	296204
9491000	41	-3370	3623	296727
9501000	43	-3367	3761	296915
9511000	41	-3365	3614	297131
9521000	39	-3360	3470	297549
9531000	37	-3361	3286	297527
9541000	42	-3357	3704	297814
9551000	41	-3354	3686	298110
9561000	40	-3350	3603	298499
9571000	38	-3343	3436	299129
9581000	39	-3330	3524	300240
9591000	37	-3323	3347	300869
9601000	38	-3319	3438	301283
9611000	37	-3311	3357	302009
9621000	36	-3309	3310	302196
9631000	36	-3305	3278	302510
9641000	39	-3302	3565	302766
9651000	37	-3300	3409	303036
9661000	37	-3298	3384	303179
9671000	35	-3293	3246	303619
9681000	33	-3290	3065	303878
9691000	30	-3287	2799	304230
9701000	29	-3282	2720	304700
9711000	30	-3277	2796	305093
9721000	32	-3270	2997	305792
9731000	34	-3265	3184	306262
9741000	38	-3263	3524	306461
9751000	38	-3260	3589	306712
9761000	39	-3256	3687	307066
9771000	41	-3254	3860	307251
9781000	41	-3251	3883	307581
9791000	38	-3245	3622	308154
9801000	38	-3238	3630	308816
9811000	36	-3235	3467	309082
9821000	39	-3228	3718	309741
9831000	37	-3221	3522	310416
9841000	39	-3217	3801	310822
9851000	41	-3211	3985	311380
9861000	41	-3210	3993	311507
9871000	42	-3207	4046	311793
9881000	37	-3200	3631	312491
9891000	37	-3198	3571	312669
9901000	33	-3193	3231	313117
9911000	30	-3190	2985	313493
9921000	30	-3184	2970	313997
9931000	31	-3186	3058	313854
9941000	30	-3180	3001	314408
9951000	32	-3178	3168	314614
9961000	33	-3175	3273	314882
9971000	36	-3169	3604	315471
9981000	36	-3166	3626	315788
9991000	40	-3162	3961	316238
10001000	41	-3158	4083	316607
10011000	39	-3152	3935	317259
10021000	36	-3148	3656	317635
10031000	30	-3141	3030	318359
10041000	27	-3137	2724	318768
10051000	29	-3132	2950	319269
10061000	28	-3128	2877	319664
10071000	30	-3126	3043	319853
10081000	31	-3120	3193	320447
10091000	34	-3120	3514	320509
10101000	37	-3114	3775	321040
10111000	39	-3107	3990	321783
10121000	43	-3100	4460	322488
10131000	36	-3093	3796	323236
10141000	38	-3091	3955	323438
10151000	35	-3086	3655	324001
10161000	36	-3082	3840	324397
10171000	35	-3082	3676	324469
10181000	35	-3079	3681	324788
10191000	36	-3076	3848	325004
10201000	36	-3075	3823	325184
10211000	36	-3070	3858	325726
10221000	39	-3069	4100	325840
10231000	41	-3066	4413	326148
10241000	42	-3061	4489	326667
10251000	41	-3056	4371	327114
10261000	41	-3052	4398	327610
10271000	39	-3047	4234	328144
10281000	38	-3039	4137	328998
10291000	37	-3037	4018	329249
10301000	37	-3033	3985	329657
10311000	36	-3029	3937	330047
10321000	36	-3030	3890	329999
10331000	36	-3026	3982	330453
10341000	35	-3025	3791	330527
10351000	35	-3018	3847	331295
10361000	37	-3013	4082	331883
10371000	37	-3003	4087	332931
10381000	37	-2998	4128	333453
10391000	37	-2997	4114	333650
10401000	37	-2992	4110	334222
10411000	35	-2989	3954	334509
10421000	36	-2986	3983	334850
10431000	37	-2984	4136	335100
10441000	36	-2982	4055	335315
10451000	38	-2980	4290	335463
10461000	38	-2979	4282	335675
10471000	38	-2976	4241	336007
10481000	36	-2972	4041	336373
10491000	34	-2968	3843	336920
10501000	33	-2964	3740	337379
10511000	33	-2955	3825	338339
10521000	34	-2947	3934	339318
10531000	31	-2944	3546	339584
10541000	31	-2939	3581	340180
10551000	33	-2937	3799	340398
10561000	33	-2930	3811	341215
10571000	32	-2930	3732	341201
10581000	32	-2930	3753	341299
10591000	33	-2927	3883	341549
10601000	34	-2925	3994	341852
10611000	33	-2923	3912	342043
10621000	35	-2921	4072	342290
10631000	33	-2913	3870	343257
10641000	38	-2909	4548	343757
10651000	37	-2900	4414	344719
10661000	38	-2896	4532	345210
10671000	38	-2891	4514	345820
10681000	39	-2887	4714	346276
10691000	37	-2885	4488	346611
10701000	38	-2884	4516	346726
10711000	37	-2882	4491	346948
10721000	37	-2879	4516	347323
10731000	39	-2877	4680	347581
10741000	38	-2875	4615	347815
10751000	38	-2873	4597	348003
10761000	38	-2870	4643	348367
10771000	35	-2866	4257	348853
10781000	34	-2860	4154	349620
10791000	31	-2854	3770	350319
10801000	34	-2852	4236	350595
10811000	29	-2846	3528	351377
10821000	32	-2846	3975	351374
10831000	35	-2839	4403	352163
10841000	35	-2832	4396	353060
10851000	36	-2829	4444	353467
10861000	37	-2827	4640	353687
10871000	37	-2820	4658	354607
10881000	33	-2817	4119	354973
10891000	30	-2810	3808	355865
10901000	33	-2809	4178	355982
10911000	29	-2806	3692	356295
10921000	30	-2800	3770	357128
10931000	31	-2794	3994	357858
10941000	33	-2789	4250	358541
10951000	36	-2788	4650	358676
10961000	38	-2784	4955	359071
10971000	40	-2779	5234	359762
10981000	39	-2779	5097	359826
10991000	40	-2777	5137	359978
11001000	40	-2776	5156	360097
11011000	40	-2773	5232	360521
11021000	37	-2772	4853	360723
11031000	38	-2765	4969	361559
11041000	34	-2765	4492	361635
11051000	34	-2759	4410	362412
11061000	32	-2751	4262	363517
11071000	31	-2746	4071	364086
11081000	32	-2742	4202	364644
11091000	31	-2740	4134	364884
11101000	33	-2737	4392	365318
11111000	33	-2732	4412	366031
11121000	33	-2729	4452	366398
11131000	36	-2728	4849	366493
11141000	35	-2727	4651	366610
11151000	35	-2725	4653	366971
11161000	32	-2722	4385	367389
11171000	30	-2721	4118	367500
11181000	29	-2719	3986	367753
11191000	26	-2715	3592	368263
11201000	27	-2710	3670	368966
11211000	25	-2706	3471	369537
11221000	30	-2700	4047	370362
11231000	29	-2696	4044	370832
11241000	31	-2697	4235	370774
11251000	33	-2688	4635	372000
11261000	36	-2684	4964	372451
11271000	36	-2680	5081	373103
11281000	42	-2677	5866	373504
11291000	41	-2675	5689	373731
11301000	40	-2671	5611	374310
11311000	40	-2670	5620	374434
11321000	40	-2669	5658	374606
11331000	34	-2664	4842	375383
11341000	36	-2661	5117	375677
11351000	33	-2658	4720	376221
11361000	34	-2653	4839	376855
11371000	31	-2651	4445	377109
11381000	30	-2647	4300	377687
11391000	31	-2646	4371	377841
11401000	31	-2642	4477	378489
11411000	35	-2637	4996	379125
11421000	35	-2636	5049	379276
11431000	35	-2631	5051	380047
11441000	39	-2629	5604	380343
11451000	38	-2624	5453	380953
11461000	37	-2619	5439	381759
11471000	34	-2617	4969	382028
11481000	32	-2615	4684	382411
11491000	33	-2614	4776	382526
11501000	33	-2610	4916	383142
11511000	33	-2606	4850	383639
11521000	35	-2600	5114	384482
11531000	33	-2602	4917	384245
11541000	36	-2599	5262	384739
11551000	35	-2591	5208	385858
11561000	37	-2589	5458	386149
11571000	42	-2584	6276	386880
11581000	42	-2583	6274	387060
11591000	45	-2578	6821	387763
11601000	43	-2577	6456	388004
11611000	41	-2574	6248	388348
11621000	40	-2570	6050	389013
11631000	36	-2568	5490	389391
11641000	35	-2565	5259	389803
11651000	29	-2563	4413	390075
11661000	30	-2559	4507	390783
11671000	25	-2556	3861	391172
11681000	23	-2555	3580	391283
11691000	21	-2550	3184	392085
11701000	22	-2550	3398	392070
11711000	26	-2544	3951	393083
11721000	27	-2542	4128	393406
11731000	29	-2539	4436	393783
11741000	31	-2536	4753	394304
11751000	28	-2528	4326	395459
11761000	32	-2524	5010	396060
11771000	32	-2523	5096	396214
11781000	33	-2518	5129	397043
11791000	28	-2518	4455	397144
11801000	27	-2513	4252	397847
11811000	26	-2511	4143	398157
11821000	25	-2509	4013	398462
11831000	26	-2505	4110	399189
11841000	22	-2503	3584	399464
11851000	27	-2499	4333	400037
11861000	27	-2496	4395	400554
11871000	29	-2496	4581	400564
11881000	30	-2488	4857	401817
11891000	31	-2487	4961	401984
11901000	34	-2481	5582	402947
11911000	37	-2480	5983	403191
11921000	38	-2478	6234	403451
11931000	40	-2473	6495	404210
11941000	40	-2472	6499	404407
11951000	37	-2469	6125	404878
11961000	38	-2466	6204	405437
11971000	34	-2464	5662	405761
11981000	35	-2459	5791	406539
11991000	31	-2454	5080	407359
12001000	29	-2454	4763	407456
12011000	30	-2451	4997	407871
12021000	28	-2449	4686	408339
12031000	28	-2448	4722	408488
12041000	26	-2447	4341	408652
12051000	27	-2444	4562	409079
12061000	29	-2444	4934	409059
12071000	30	-2438	5017	410142
12081000	28	-2431	4731	411282
12091000	25	-2428	4323	411842
12101000	26	-2425	4467	412256
12111000	24	-2419	4177	413356
12121000	27	-2415	4615	413947
12131000	27	-2410	4627	414874
12141000	23	-2408	3947	415312
12151000	25	-2404	4258	415950
12161000	24	-2400	4239	416546
12171000	28	-2400	4934	416604
12181000	26	-2397	4537	417166
12191000	29	-2400	5062	416650
12201000	30	-2392	5314	418034
12211000	30	-2390	5228	418362
12221000	32	-2389	5651	418574
12231000	37	-2383	6568	419521
12241000	38	-2379	6684	420307
12251000	40	-2381	7026	419918
12261000	37	-2376	6555	420819
12271000	39	-2370	6914	421895
12281000	39	-2371	6975	421629
12291000	39	-2368	7024	422212
12301000	36	-2366	6434	422561
12311000	33	-2364	5940	422872
12321000	33	-2361	5969	423434
12331000	28	-2356	5036	424373
12341000	23	-2353	4176	424928
12351000	25	-2351	4487	425339
12361000	23	-2347	4262	426111
12371000	24	-2347	4330	425941
12381000	21	-2346	3900	426143
12391000	20	-2340	3608	427344
12401000	22	-2338	4047	427643
12411000	23	-2334	4232	428494
12421000	25	-2333	4528	428495
12431000	27	-2328	4997	429527
12441000	25	-2324	4685	430327
12451000	26	-2322	4789	430553
12461000	29	-2317	5359	431443
12471000	26	-2317	4914	431619
12481000	22	-2314	4088	432170
12491000	23	-2309	4238	433012
12501000	25	-2305	4716	433714
12511000	25	-2307	4769	433481
12521000	24	-2304	4573	433909
12531000	24	-2301	4551	434566
12541000	26	-2301	4827	434585
12551000	25	-2299	4663	435016
12561000	25	-2294	4836	435945
12571000	26	-2295	4957	435710
12581000	30	-2286	5684	437340
12591000	29	-2286	5602	437335
12601000	33	-2283	6327	437856
12611000	36	-2280	6895	438394
12621000	38	-2273	7422	439832
12631000	38	-2272	7453	440063
12641000	41	-2268	7958	440772
12651000	40	-2266	7762	441202
12661000	42	-2262	8128	441939
12671000	40	-2264	7728	441617
12681000	37	-2258	7283	442667
12691000	38	-2253	7474	443649
12701000	37	-2254	7264	443609
12711000	34	-2252	6644	443971
12721000	31	-2247	6158	445011
12731000	31	-2243	6190	445731
12741000	31	-2242	6203	445945
12751000	29	-2239	5717	446572
12761000	29	-2238	5737	446835
12771000	29	-2236	5870	447056
12781000	29	-2234	5732	447512
12791000	33	-2232	6580	447859
12801000	33	-2227	6732	448871
12811000	33	-2224	6714	449580
12821000	34	-2221	6984	450081
12831000	34	-2220	6928	450337
12841000	34	-2214	6852	451526
12851000	34	-2213	6965	451750
12861000	34	-2210	6925	452396
12871000	32	-2205	6564	453339
12881000	29	-2202	5883	454144
12891000	34	-2202	6934	454088
12901000	31	-2199	6369	454737
12911000	31	-2197	6392	455028
12921000	30	-2195	6166	455459
12931000	31	-2193	6491	455953
12941000	30	-2190	6236	456468
12951000	33	-2187	6892	457054
12961000	34	-2185	7165	457614
12971000	35	-2182	7412	458155
12981000	37	-2176	7769	459463
12991000	39	-2170	8192	460765
13001000	41	-2170	8799	460584
13011000	40	-2166	8500	461584
13021000	43	-2166	9095	461443
13031000	44	-2164	9321	461975
13041000	42	-2159	8959	462962
13051000	40	-2155	8649	463961
13061000	41	-2154	8795	464173
13071000	41	-2152	8851	464414
13081000	38	-2147	8205	465603
13091000	36	-2144	7741	466331
13101000	34	-2143	7300	466501
13111000	33	-2137	7155	467814
13121000	33	-2135	7297	468339
13131000	30	-2133	6561	468723
13141000	33	-2128	7285	469873
13151000	31	-2127	6758	470067
13161000	33	-2125	7320	470408
13171000	30	-2120	6717	471643
13181000	30	-2118	6725	471951
13191000	29	-2118	6511	471986
13201000	31	-2114	6955	472897
13211000	33	-2114	7341	472917
13221000	34	-2113	7685	473026
13231000	34	-2112	7637	473363
13241000	33	-2112	7477	473374
13251000	32	-2110	7188	473902
13261000	33	-2109	7512	474005
13271000	32	-2105	7274	475006
13281000	33	-2106	7354	474791
13291000	29	-2101	6483	475766
13301000	34	-2102	7667	475715
13311000	30	-2095	6772	477203
13321000	29	-2095	6523	477219
13331000	28	-2094	6491	477537
13341000	29	-2089	6692	478671
13351000	28	-2088	6345	478845
13361000	31	-2085	7079	479564
13371000	31	-2080	7177	480741
13381000	33	-2076	7625	481682
13391000	33	-2072	7626	482539
13401000	35	-2068	8086	483467
13411000	36	-2067	8413	483565
13421000	36	-2064	8430	484390
13431000	38	-2057	8894	485899
13441000	35	-2060	8339	485236
13451000	41	-2059	9722	485518
13461000	39	-2054	9259	486589
13471000	38	-2054	9036	486661
13481000	39	-2051	9367	487269
13491000	41	-2054	9778	486776
13501000	33	-2050	7752	487624
13511000	37	-2048	8816	488188
13521000	39	-2046	9413	488610
13531000	34	-2043	8196	489339
13541000	32	-2039	7780	490382
13551000	33	-2042	7972	489615
13561000	30	-2034	7331	491461
13571000	28	-2030	6907	492597
13581000	28	-2032	6737	492039
13591000	25	-2029	6152	492867
13601000	25	-2029	5969	492898
13611000	27	-2017	6731	495660
13621000	30	-2020	7458	494889
13631000	34	-2015	8285	496214
13641000	29	-2010	7286	497295
13651000	31	-2010	7620	497396
13661000	30	-2004	7397	498857
13671000	32	-2005	8072	498651
13681000	33	-1999	8243	500011
13691000	33	-1996	8199	500944
13701000	32	-1992	8124	501808
13711000	29	-1993	7228	501745
13721000	29	-1991	7253	502079
13731000	28	-1985	7184	503604
13741000	26	-1981	6687	504802
13751000	24	-1980	6040	505088
13761000	26	-1981	6619	504605
13771000	28	-1977	7205	505625
13781000	28	-1970	7180	507555
13791000	29	-1969	7404	507666
13801000	31	-1967	7934	508189
13811000	29	-1960	7497	509992
13821000	31	-1961	8148	509862
13831000	33	-1957	8596	510952
13841000	33	-1955	8659	511323
13851000	35	-1951	9280	512418
13861000	36	-1952	9413	512180
13871000	36	-1950	9336	512544
13881000	36	-1948	9611	513259
13891000	35	-1945	9283	513936
13901000	35	-1947	9134	513350
13911000	38	-1944	10085	514167
13921000	36	-1943	9457	514419
13931000	33	-1940	8782	515362
13941000	34	-1939	9120	515489
13951000	34	-1941	8976	514914
13961000	35	-1937	9428	515984
13971000	35	-1934	9320	517012
13981000	33	-1927	8774	518908
13991000	34	-1926	9203	519004
14001000	33	-1922	8979	520021
14011000	33	-1922	8818	520059
14021000	31	-1918	8473	521307
14031000	33	-1913	8909	522487
14041000	29	-1910	8075	523406
14051000	27	-1907	7320	524327
14061000	28	-1904	7718	525074
14071000	27	-1904	7396	525155
14081000	27	-1905	7488	524929
14091000	25	-1898	6909	526880
14101000	26	-1897	7332	527045
14111000	29	-1895	7968	527597
14121000	25	-1896	6995	527470
14131000	26	-1895	7369	527638
14141000	26	-1895	7148	527645
14151000	30	-1892	8461	528347
14161000	29	-1892	8184	528344
14171000	30	-1893	8269	528101
14181000	31	-1889	8754	529356
14191000	27	-1888	7542	529518
14201000	31	-1883	8712	530812
14211000	32	-1881	8956	531614
14221000	33	-1876	9511	532880
14231000	31	-1879	8695	532106
14241000	35	-1870	10039	534504
14251000	35	-1869	9991	534947
14261000	38	-1861	11064	537010
14271000	41	-1863	11721	536457
14281000	39	-1861	11239	537178
14291000	40	-1854	11656	539114
14301000	42	-1854	12074	539232
14311000	40	-1847	11841	541049
14321000	41	-1848	11911	540855
14331000	36	-1844	10602	542100
14341000	41	-1844	12155	542123
14351000	39	-1843	11588	542428
14361000	38	-1842	11240	542535
14371000	39	-1840	11417	543358
14381000	35	-1840	10438	543228
14391000	38	-1834	11342	544974
14401000	39	-1831	11630	545835
14411000	35	-1833	10398	545308
14421000	40	-1833	11920	545341
14431000	35	-1832	10550	545597
14441000	38	-1836	11230	544352
14451000	37	-1826	11083	547328
14461000	34	-1826	10239	547575
14471000	37	-1822	11219	548606
14481000	38	-1819	11615	549513
14491000	40	-1821	12137	548918
14501000	39	-1815	11747	550790
14511000	38	-1811	11549	551987
14521000	38	-1805	11798	553649
14531000	37	-1805	11423	553695
14541000	34	-1804	10572	553996
14551000	34	-1794	10461	557084
14561000	36	-1796	11083	556535
14571000	33	-1795	10296	556863
14581000	31	-1790	9758	558392
14591000	30	-1788	9289	559167
14601000	28	-1789	8686	558793
14611000	27	-1785	8487	560067
14621000	27	-1786	8561	559764
14631000	28	-1781	8757	561407
14641000	28	-1782	8840	561183
14651000	31	-1778	9807	562304
14661000	32	-1777	10155	562537
14671000	31	-1773	9951	563767
14681000	31	-1769	9868	565030
14691000	33	-1771	10522	564468
14701000	36	-1761	11557	567539
14711000	37	-1763	12044	567006
14721000	38	-1760	12352	567973
14731000	38	-1758	12355	568485
14741000	38	-1753	12406	570258
14751000	39	-1752	12804	570470
14761000	39	-1751	12866	570970
14771000	42	-1748	13769	571637
14781000	31	-1740	10376	574361
14791000	36	-1740	11939	574410
14801000	35	-1738	11448	575252
14811000	34	-1738	11181	575310
14821000	33	-1732	11158	577099
14831000	32	-1732	10744	577166
14841000	31	-1726	10335	579285
14851000	36	-1729	12012	578098
14861000	37	-1724	12589	579606
14871000	34	-1719	11361	581555
14881000	37	-1718	12604	581893
14891000	36	-1715	12140	582814
14901000	37	-1718	12361	581798
14911000	37	-1713	12450	583569
14921000	39	-1711	13193	584270
14931000	40	-1710	13732	584548
14941000	40	-1712	13591	583843
14951000	39	-1704	13456	586464
14961000	37	-1708	12837	585225
14971000	39	-1707	13309	585443
14981000	37	-1705	12731	586358
14991000	38	-1704	13166	586557
15001000	40	-1700	13772	588067
15011000	38	-1701	13087	587690
15021000	36	-1698	12598	588618
15031000	38	-1696	13371	589301
15041000	37	-1696	12917	589380
15051000	37	-1694	12809	589922
15061000	36	-1694	12593	590002
15071000	32	-1692	11218	590704
15081000	34	-1690	11936	591494
15091000	32	-1691	11148	590986
15101000	33	-1692	11367	590790
15111000	32	-1690	11317	591399
15121000	34	-1684	12141	593452
15131000	26	-1680	9074	595149
15141000	28	-1681	9891	594575
15151000	28	-1670	9903	598755
15161000	24	-1673	8741	597714
15171000	26	-1668	9351	599335
15181000	23	-1661	8362	602021
15191000	25	-1656	8984	603713
15201000	27	-1654	9754	604497
15211000	25	-1654	9268	604512
15221000	26	-1651	9604	605657
15231000	30	-1649	10890	606132
15241000	30	-1644	10923	608172
15251000	27	-1643	9958	608560
15261000	27	-1640	10187	609733
15271000	30	-1641	10982	609135
15281000	27	-1640	10033	609550
15291000	30	-1636	11077	610888
15301000	29	-1635	10955	611542
15311000	32	-1635	12060	611465
15321000	28	-1633	10480	612261
15331000	31	-1631	11791	612737
15341000	27	-1630	10190	613474
15351000	29	-1631	11055	612875
15361000	33	-1627	12273	614260
15371000	28	-1629	10435	613536
15381000	28	-1626	10634	614679
15391000	26	-1632	9791	612737
15401000	21	-1621	8021	616860
15411000	24	-1623	9110	615870
15421000	25	-1623	9592	616089
15431000	28	-1616	10706	618514
15441000	43	-1611	16384	620491
15451000	16	-1619	6160	617669
15461000	24	-1612	9412	620109
15471000	24	-1597	9442	626221
15481000	20	-1597	8037	626091
15491000	25	-1600	9822	624725
15501000	26	-1600	10262	624922
15511000	24	-1599	9262	625398
15521000	26	-1596	10073	626360
15531000	25	-1596	9620	626398
15541000	26	-1591	10093	628205
15551000	25	-1586	10131	630368
15561000	23	-1581	9182	632408
15571000	27	-1579	10623	632970
15581000	24	-1582	9420	631807
15591000	26	-1579	10609	633329
15601000	23	-1583	9159	631608
15611000	25	-1580	10058	632613
15621000	28	-1575	11423	634592
15631000	28	-1574	11265	635293
15641000	31	-1570	12453	636805
15651000	29	-1571	11713	636323
15661000	32	-1567	12940	637775
15671000	35	-1566	14330	638310
15681000	33	-1559	13733	640988
15691000	34	-1556	14123	642386
15701000	39	-1555	16182	642571
15711000	39	-1556	16151	642198
15721000	35	-1554	14412	643064
15731000	38	-1554	15776	643093
15741000	38	-1551	15934	644418
15751000	37	-1547	15442	646032
15761000	41	-1546	17064	646553
15771000	39	-1550	16137	644894
15781000	18	-1536	7641	650765
15791000	36	-1539	15354	649499
15801000	36	-1543	15213	647594
15811000	32	-1539	13363	649515
15821000	33	-1537	14142	650474
15831000	32	-1533	13668	652220
15841000	32	-1537	13592	650261
15851000	30	-1535	12868	651409
15861000	20	-1525	8646	655445
15871000	28	-1526	11991	654892
15881000	26	-1528	10990	654329
15891000	23	-1527	9932	654826
15901000	27	-1528	11773	654410
15911000	26	-1524	11282	656147
15921000	27	-1523	11755	656491
15931000	22	-1522	9608	656756
15941000	31	-1507	13690	663090
15951000	29	-1515	12799	659690
15961000	25	-1514	10825	660485
15971000	25	-1510	11141	661881
15981000	26	-1507	11377	663349
15991000	31	-1506	13644	663580
16001000	30	-1505	13391	664225
16011000	28	-1502	12596	665443
16021000	30	-1500	13541	666544
16031000	29	-1497	12731	667700
16041000	30	-1495	13554	668677
16051000	30	-1493	13362	669445
16061000	26	-1487	11642	672154
16071000	30	-1496	13334	668164
16081000	28	-1490	12460	671125
16091000	23	-1488	10468	672040
16101000	33	-1471	15380	679460
16111000	30	-1490	13368	670964
16121000	2	-1482	1103	674855
16131000	29	-1477	13464	676773
16141000	21	-1475	9607	677826
16151000	28	-1479	12589	675913
16161000	22	-1472	9953	679030
16171000	23	-1466	10897	681910
16181000	21	-1471	9754	679551
16191000	18	-1484	8104	673886
16201000	23	-1463	10715	683288
16211000	23	-1464	10687	682916
16221000	23	-1457	11050	686342
16231000	27	-1451	12833	688924
16241000	23	-1449	10781	689897
16251000	28	-1451	13438	689018
16261000	28	-1441	13526	693648
16271000	21	-1442	10004	693499
16281000	42	-1437	20126	695143
16291000	26	-1436	12819	696163
16301000	31	-1437	14795	695678
16311000	27	-1429	13305	699324
16321000	29	-1435	13984	696657
16331000	31	-1433	14891	697729
16341000	34	-1431	16569	698378
16351000	23	-1427	11153	700497
16361000	12	-1434	5698	697357
16371000	35	-1425	17320	701295
16381000	31	-1426	15377	701090
16391000	35	-1428	17053	699880
16401000	17	-1428	8461	700360
16411000	29	-1418	14357	704978
16421000	26	-1429	12602	699544
16431000	27	-1413	13261	707236
16441000	29	-1421	14502	703274
16451000	32	-1421	15735	703254
16461000	31	-1442	15015	693095
16471000	29	-1429	13991	699284
16481000	66	-1409	33201	708037
16491000	48	-1418	23669	704565
16501000	40	-1415	19834	706337
16511000	36	-1407	18207	710118
16521000	34	-1413	17051	707482
16531000	42	-1399	21299	714206
16541000	39	-1400	20005	713528
16551000	37	-1398	18904	714833
16561000	41	-1392	20899	717657
16571000	29	-1385	14997	721884
16581000	36	-1391	18666	718302
16591000	40	-1392	20757	717782
16601000	50	-1391	25711	717865
16611000	36	-1387	18957	720646
16621000	50	-1409	25045	709037
16631000	32	-1388	16775	719964
16641000	33	-1385	17151	721789
16651000	55	-1394	28088	716069
16661000	25	-1358	13794	736228
16671000	26	-1377	13726	725880
16681000	27	-1392	14146	718009
16691000	29	-1371	15245	729117
16701000	26	-1370	13595	729623
16711000	2	-1369	987	730636
16721000	20	-1383	10377	722962
16731000	27	-1362	14462	733682
16741000	22	-1361	12076	734782
16751000	29	-1356	15802	736869
16761000	30	-1351	16470	739652
16771000	28	-1349	15447	741216
