f/Hz	Re{Y}/µS	Im{Y}/µS	Re{Z}/mOhm	Im{Z}/mOhm
1000	4219298	-295333	236	17
11000	2828686	-1688769	261	156
21000	1655063	-1930285	256	299
31000	992759	-1646640	269	445
41000	652941	-1428388	265	579
51000	463408	-1191962	283	729
61000	316250	-1054466	261	870
71000	242676	-929161	263	1008
81000	191897	-820019	271	1156
91000	153729	-739800	269	1296
101000	128350	-671025	275	1438
111000	105057	-616017	269	1577
121000	90775	-568893	274	1714
131000	77929	-527439	274	1855
141000	67489	-490847	275	1999
151000	59219	-458049	278	2147
161000	52661	-430875	279	2287
171000	48010	-405230	288	2434
181000	41312	-384612	276	2570
191000	39094	-363751	292	2718
201000	34955	-347300	287	2850
211000	32424	-331332	293	2989
221000	29101	-316904	287	3129
231000	26433	-302475	287	3281
241000	24365	-290417	287	3419
251000	22605	-279398	288	3556
261000	21839	-268710	300	3697
271000	20250	-258916	300	3839
281000	18878	-249495	302	3985
291000	17304	-241225	296	4124
301000	16340	-233014	299	4271
311000	15922	-226093	310	4401
321000	14622	-218879	304	4548
331000	13669	-212490	301	4687
341000	13571	-206107	318	4831
351000	12431	-200329	309	4973
361000	11905	-194842	312	5113
371000	11566	-190024	319	5243
381000	10682	-184873	312	5391
391000	10192	-179932	314	5540
401000	9948	-175762	321	5671
411000	9431	-171345	320	5819
421000	9324	-167296	332	5959
431000	8721	-163324	326	6105
441000	8515	-159941	332	6235
451000	8088	-156221	331	6384
461000	7900	-152945	337	6521
471000	7538	-149519	336	6671
481000	7359	-146699	341	6800
491000	6905	-143562	334	6950
501000	6804	-140932	342	7079
511000	6497	-138044	340	7228
521000	6246	-135434	340	7368
531000	6112	-132949	345	7506
541000	5836	-130516	342	7647
551000	5813	-128169	353	7786
561000	5545	-125807	350	7933
571000	5428	-123773	354	8064
581000	5294	-121549	358	8212
591000	5094	-119528	356	8351
601000	4860	-117462	352	8499
611000	4849	-115691	362	8629
621000	4670	-113699	361	8780
631000	4554	-112058	362	8909
641000	4464	-110332	366	9049
651000	4381	-108685	370	9186
661000	4296	-106952	375	9335
671000	4100	-105458	368	9468
681000	4025	-103782	373	9621
691000	3895	-102347	371	9757
701000	3896	-100899	382	9896
711000	3786	-99583	381	10027
721000	3665	-98131	380	10176
731000	3526	-96780	376	10319
741000	3467	-95500	380	10457
751000	3397	-94293	382	10592
761000	3351	-92935	387	10746
771000	3268	-91819	387	10877
781000	3183	-90594	387	11025
791000	3124	-89522	389	11157
801000	3059	-88378	391	11302
811000	3011	-87346	394	11435
821000	2953	-86245	397	11581
831000	2892	-85214	398	11722
841000	2866	-84188	404	11864
851000	2768	-83289	399	11993
861000	2731	-82338	402	12132
871000	2682	-81317	405	12284
881000	2627	-80460	405	12415
891000	2561	-79497	405	12566
901000	2548	-78690	411	12695
911000	2491	-77822	411	12837
921000	2450	-76988	413	12976
931000	2380	-76183	410	13113
941000	2394	-75350	421	13258
951000	2380	-74594	427	13392
961000	2347	-73856	430	13526
971000	2263	-73063	423	13674
981000	2247	-72317	429	13815
991000	2198	-71596	428	13954
1001000	2184	-70871	434	14097
1011000	2171	-70207	440	14230
1021000	2133	-69509	441	14373
1031000	2085	-68856	439	14510
1041000	2030	-68181	436	14654
1051000	2011	-67505	441	14801
1061000	2011	-66894	449	14935
1071000	1931	-66274	439	15076
1081000	1914	-65657	444	15218
1091000	1916	-65111	452	15345
1101000	1884	-64529	452	15484
1111000	1833	-63960	448	15622
1121000	1811	-63337	451	15776
1131000	1810	-62814	458	15907
1141000	1754	-62259	452	16049
1151000	1753	-61688	460	16198
1161000	1732	-61150	463	16340
1171000	1664	-60658	452	16473
1181000	1667	-60179	460	16604
1191000	1656	-59654	465	16750
1201000	1615	-59116	462	16903
1211000	1612	-58703	468	17022
1221000	1606	-58189	474	17172
1231000	1551	-57733	465	17309
1241000	1521	-57266	463	17450
1251000	1567	-56793	485	17595
1261000	1516	-56356	477	17731
1271000	1516	-55903	485	17875
1281000	1473	-55495	478	18007
1291000	1447	-55083	476	18142
1301000	1442	-54622	483	18295
1311000	1422	-54204	484	18436
1321000	1431	-53814	494	18569
1331000	1380	-53428	483	18704
1341000	1404	-53026	499	18845
1351000	1349	-52629	487	18988
1361000	1352	-52260	495	19122
1371000	1352	-51867	502	19267
1381000	1314	-51529	495	19394
1391000	1291	-51122	494	19549
1401000	1285	-50744	499	19694
1411000	1248	-50399	491	19829
1421000	1231	-50052	491	19967
1431000	1242	-49731	502	20096
1441000	1240	-49371	508	20242
1451000	1228	-49047	510	20376
1461000	1194	-48695	503	20524
1471000	1189	-48352	508	20669
1481000	1192	-48046	516	20800
1491000	1167	-47725	512	20941
1501000	1143	-47415	508	21078
1511000	1134	-47116	511	21212
1521000	1160	-46792	529	21358
1531000	1141	-46485	528	21499
1541000	1133	-46199	530	21632
1551000	1093	-45894	519	21777
1561000	1107	-45583	532	21925
1571000	1081	-45307	526	22059
1581000	1078	-45015	532	22202
1591000	1059	-44738	529	22340
1601000	1031	-44447	522	22487
1611000	1048	-44176	537	22624
1621000	1002	-43922	519	22756
1631000	1033	-43644	542	22900
1641000	1000	-43384	531	23038
1651000	1011	-43122	543	23177
1661000	991	-42864	539	23317
1671000	998	-42607	549	23458
1681000	997	-42344	556	23603
1691000	975	-42102	550	23739
1701000	964	-41844	550	23886
1711000	943	-41621	544	24014
1721000	942	-41384	550	24151
1731000	942	-41148	556	24290
1741000	914	-40892	547	24442
1751000	919	-40626	557	24602
1761000	911	-40446	556	24712
1771000	906	-40212	560	24856
1781000	909	-39996	568	24990
1791000	881	-39771	557	25132
1801000	907	-39553	579	25269
1811000	873	-39346	564	25403
1821000	844	-39121	551	25550
1831000	846	-38900	559	25695
1841000	836	-38669	559	25849
1851000	837	-38476	565	25978
1861000	857	-38278	585	26112
1871000	830	-38073	572	26253
1881000	807	-37865	563	26398
1891000	829	-37674	584	26530
1901000	809	-37477	576	26670
1911000	808	-37271	581	26818
1921000	813	-37106	590	26937
1931000	792	-36910	581	27080
1941000	787	-36700	584	27235
1951000	783	-36520	587	27370
1961000	780	-36346	590	27501
1971000	783	-36119	600	27673
1981000	758	-35960	586	27796
1991000	766	-35806	598	27916
2001000	777	-35613	613	28066
2011000	750	-35432	597	28210
2021000	742	-35260	596	28348
2031000	741	-35074	602	28499
2041000	739	-34925	606	28620
2051000	731	-34754	605	28761
2061000	715	-34563	598	28921
2071000	718	-34416	606	29043
2081000	706	-34247	602	29187
2091000	699	-34074	602	29336
2101000	701	-33909	609	29478
2111000	691	-33757	606	29611
2121000	687	-33611	608	29740
2131000	678	-33449	606	29884
2141000	681	-33289	614	30028
2151000	669	-33138	609	30164
2161000	679	-32972	624	30316
2171000	685	-32808	636	30467
2181000	658	-32700	615	30569
2191000	660	-32542	623	30717
2201000	666	-32366	635	30884
2211000	654	-32242	628	31003
2221000	641	-32076	622	31163
2231000	645	-31949	632	31287
2241000	645	-31801	637	31433
2251000	627	-31669	625	31565
2261000	643	-31531	647	31702
2271000	616	-31389	625	31846
2281000	619	-31246	634	31991
2291000	620	-31127	640	32114
2301000	613	-30982	638	32264
2311000	618	-30855	649	32397
2321000	603	-30714	639	32546
2331000	600	-30585	641	32684
2341000	603	-30464	650	32812
2351000	600	-30329	652	32959
2361000	584	-30197	640	33103
2371000	585	-30074	646	33239
2381000	577	-29947	643	33380
2391000	580	-29804	653	33540
2401000	587	-29694	665	33664
2411000	562	-29553	643	33826
2421000	570	-29431	658	33965
2431000	573	-29353	665	34055
2441000	560	-29209	656	34224
2451000	549	-29092	648	34361
2461000	559	-28968	666	34507
2471000	551	-28852	661	34646
2481000	557	-28749	674	34770
2491000	529	-28627	646	34920
2501000	540	-28512	664	35060
2511000	548	-28388	679	35213
2521000	526	-28274	658	35356
2531000	534	-28184	671	35468
2541000	543	-28049	690	35639
2551000	541	-27949	693	35766
2561000	525	-27842	677	35904
2571000	532	-27721	692	36061
2581000	511	-27613	670	36202
2591000	515	-27523	680	36321
2601000	513	-27407	683	36474
2611000	503	-27315	674	36597
2621000	518	-27194	700	36759
2631000	507	-27089	691	36903
2641000	513	-27001	703	37023
2651000	509	-26889	703	37176
2661000	497	-26800	692	37300
2671000	493	-26688	692	37457
2681000	491	-26586	695	37601
2691000	488	-26507	694	37714
2701000	489	-26389	702	37881
2711000	473	-26306	683	38001
2721000	489	-26197	712	38159
2731000	481	-26100	706	38301
2741000	476	-26014	703	38429
2751000	479	-25910	714	38582
2761000	468	-25824	701	38711
2771000	475	-25719	718	38869
2781000	463	-25630	704	39004
2791000	453	-25539	694	39144
2801000	473	-25445	730	39287
2811000	452	-25364	702	39414
2821000	445	-25283	696	39540
2831000	466	-25173	735	39712
2841000	444	-25092	706	39841
2851000	451	-25001	721	39985
2861000	451	-24923	725	40111
2871000	437	-24815	710	40285
2881000	444	-24733	725	40418
2891000	444	-24650	730	40555
2901000	435	-24562	721	40701
2911000	435	-24482	726	40834
2921000	437	-24389	734	40989
2931000	445	-24315	752	41114
2941000	430	-24232	732	41254
2951000	427	-24142	732	41408
2961000	429	-24068	740	41536
2971000	420	-23990	730	41672
2981000	426	-23916	745	41799
2991000	427	-23831	751	41950
3001000	429	-23747	760	42096
3011000	417	-23659	745	42254
3021000	416	-23581	747	42393
3031000	422	-23520	762	42503
3041000	408	-23436	742	42657
3051000	401	-23362	734	42792
3061000	401	-23274	740	42954
3071000	417	-23207	775	43076
3081000	408	-23120	762	43239
3091000	399	-23057	750	43358
3101000	400	-22975	758	43513
3111000	392	-22901	748	43653
3121000	385	-22822	740	43804
3131000	382	-22744	739	43955
3141000	400	-22680	778	44078
3151000	399	-22612	779	44210
3161000	396	-22548	779	44337
3171000	378	-22465	749	44502
3181000	398	-22400	794	44629
3191000	384	-22326	770	44778
3201000	383	-22262	772	44906
3211000	384	-22185	779	45061
3221000	379	-22120	774	45194
3231000	380	-22038	783	45364
3241000	369	-21967	765	45510
3251000	379	-21913	788	45621
3261000	363	-21838	761	45780
3271000	377	-21772	796	45916
3281000	369	-21699	784	46071
3291000	369	-21650	787	46177
3301000	365	-21579	783	46328
3311000	360	-21514	777	46467
3321000	363	-21440	790	46628
3331000	370	-21386	808	46746
3341000	353	-21316	776	46901
3351000	363	-21264	802	47014
3361000	356	-21188	792	47184
3371000	364	-21128	816	47316
3381000	353	-21053	795	47485
3391000	346	-21006	784	47593
3401000	348	-20939	795	47743
3411000	341	-20882	782	47875
3421000	343	-20803	793	48056
3431000	349	-20752	810	48175
3441000	350	-20688	818	48324
3451000	344	-20634	808	48451
3461000	337	-20563	797	48617
3471000	333	-20516	790	48730
3481000	346	-20453	826	48878
3491000	352	-20401	845	49003
3501000	340	-20336	823	49159
3511000	333	-20284	808	49287
3521000	339	-20212	830	49461
3531000	332	-20162	816	49585
3541000	328	-20097	813	49747
3551000	331	-20050	822	49861
3561000	343	-19988	859	50016
3571000	333	-19950	836	50111
3581000	330	-19879	835	50289
3591000	326	-19829	829	50417
3601000	326	-19760	835	50593
3611000	332	-19710	854	50721
3621000	330	-19651	853	50873
3631000	321	-19597	836	51013
3641000	315	-19540	826	51164
3651000	319	-19493	840	51288
3661000	319	-19437	845	51435
3671000	319	-19374	848	51600
3681000	314	-19326	840	51731
3691000	321	-19268	865	51885
3701000	322	-19225	872	52000
3711000	317	-19163	862	52171
3721000	317	-19125	865	52274
3731000	313	-19067	862	52432
3741000	307	-19018	850	52567
3751000	307	-18961	853	52725
3761000	305	-18915	852	52856
3771000	311	-18858	874	53015
3781000	312	-18814	880	53137
3791000	312	-18761	887	53286
3801000	291	-18704	831	53450
3811000	298	-18665	857	53563
3821000	303	-18609	874	53723
3831000	299	-18567	867	53846
3841000	306	-18512	892	54004
3851000	302	-18469	885	54130
3861000	304	-18407	896	54313
3871000	302	-18361	894	54448
3881000	310	-18324	923	54558
3891000	291	-18269	871	54723
3901000	293	-18236	881	54824
3911000	290	-18184	878	54980
3921000	291	-18142	884	55108
3931000	291	-18087	889	55275
3941000	287	-18047	881	55396
3951000	292	-17986	903	55584
3961000	295	-17949	916	55698
3971000	296	-17906	922	55831
3981000	289	-17851	906	56005
3991000	292	-17807	920	56141
4001000	283	-17761	898	56288
4011000	277	-17729	882	56391
4021000	281	-17678	899	56552
4031000	277	-17631	891	56705
4041000	284	-17592	919	56828
4051000	280	-17539	911	57000
4061000	268	-17502	873	57123
4071000	270	-17455	885	57276
4081000	271	-17405	893	57440
4091000	277	-17372	919	57550
4101000	280	-17325	931	57705
4111000	281	-17287	940	57832
4121000	280	-17240	941	57990
4131000	273	-17197	923	58134
4141000	273	-17157	926	58270
4151000	273	-17114	933	58416
4161000	275	-17074	942	58552
4171000	266	-17031	918	58702
4181000	261	-16981	904	58875
4191000	262	-16946	914	58996
4201000	258	-16909	902	59127
4211000	261	-16867	917	59275
4221000	258	-16819	912	59441
4231000	262	-16780	930	59579
4241000	268	-16742	955	59715
4251000	263	-16697	944	59876
4261000	265	-16656	955	60023
4271000	260	-16616	940	60168
4281000	262	-16573	952	60322
4291000	262	-16545	955	60426
4301000	253	-16504	928	60579
4311000	252	-16466	930	60716
4321000	250	-16430	927	60852
4331000	247	-16387	920	61008
4341000	260	-16355	972	61127
4351000	255	-16303	959	61323
4361000	255	-16277	962	61423
4371000	258	-16241	978	61557
4381000	252	-16193	963	61740
4391000	259	-16154	991	61890
4401000	249	-16111	960	62055
4411000	248	-16084	958	62158
4421000	252	-16048	978	62298
4431000	245	-16007	957	62460
4441000	246	-15966	963	62618
4451000	244	-15939	961	62723
4461000	244	-15892	966	62908
4471000	250	-15858	992	63043
4481000	249	-15831	992	63150
4491000	246	-15785	987	63334
4501000	254	-15751	1022	63472
4511000	248	-15713	1003	63624
4521000	250	-15684	1015	63743
4531000	253	-15647	1034	63892
4541000	250	-15608	1026	64051
4551000	244	-15576	1007	64187
4561000	246	-15553	1015	64282
4571000	237	-15505	987	64480
4581000	242	-15477	1009	64595
4591000	237	-15447	994	64720
4601000	234	-15402	988	64913
4611000	237	-15359	1005	65092
4621000	235	-15335	1001	65196
4631000	230	-15300	984	65344
4641000	235	-15264	1007	65497
4651000	232	-15239	1000	65604
4661000	232	-15203	1002	65760
4671000	229	-15172	994	65897
4681000	227	-15135	991	66058
4691000	221	-15102	967	66203
4701000	222	-15067	979	66358
4711000	220	-15037	975	66486
4721000	218	-14996	967	66672
4731000	220	-14968	980	66795
4741000	217	-14935	971	66941
4751000	220	-14908	988	67064
4761000	218	-14870	987	67233
4771000	218	-14844	991	67354
4781000	221	-14807	1006	67520
4791000	225	-14776	1029	67661
4801000	221	-14747	1016	67794
4811000	218	-14720	1007	67921
4821000	221	-14689	1026	68061
4831000	221	-14662	1027	68189
4841000	221	-14622	1034	68373
4851000	220	-14590	1034	68526
4861000	221	-14568	1042	68627
4871000	218	-14532	1030	68800
4881000	223	-14508	1057	68911
4891000	222	-14480	1060	69043
4901000	214	-14439	1024	69242
4911000	215	-14405	1036	69405
4921000	222	-14383	1074	69508
4931000	213	-14340	1036	69718
4941000	219	-14318	1066	69824
4951000	217	-14297	1063	69931
4961000	215	-14260	1058	70110
4971000	214	-14226	1059	70280
4981000	212	-14201	1049	70402
4991000	210	-14171	1047	70551
5001000	214	-14143	1068	70690
5011000	213	-14117	1071	70819
5021000	216	-14095	1086	70932
5031000	210	-14055	1063	71133
5041000	212	-14025	1077	71287
5051000	213	-14004	1087	71393
5061000	204	-13965	1048	71591
5071000	211	-13945	1084	71696
5081000	208	-13919	1072	71827
5091000	210	-13889	1091	71983
5101000	207	-13854	1079	72165
5111000	208	-13828	1086	72299
5121000	210	-13807	1100	72410
5131000	202	-13774	1064	72583
5141000	205	-13743	1083	72749
5151000	203	-13726	1077	72838
5161000	202	-13691	1078	73024
5171000	206	-13662	1101	73181
5181000	208	-13641	1116	73291
5191000	201	-13610	1085	73462
5201000	202	-13588	1092	73578
5211000	199	-13553	1083	73769
5221000	199	-13536	1085	73862
5231000	193	-13499	1058	74065
5241000	195	-13467	1076	74238
5251000	195	-13451	1080	74325
5261000	193	-13419	1071	74505
5271000	190	-13400	1059	74614
5281000	197	-13379	1102	74727
5291000	196	-13355	1099	74864
5301000	192	-13318	1084	75068
5311000	194	-13292	1100	75215
5321000	197	-13272	1117	75330
5331000	193	-13243	1101	75494
5341000	189	-13220	1079	75630
5351000	193	-13199	1110	75750
5361000	188	-13174	1086	75889
5371000	184	-13136	1065	76110
5381000	183	-13108	1065	76277
5391000	190	-13090	1109	76380
5401000	193	-13070	1129	76496
5411000	189	-13041	1109	76665
5421000	194	-13021	1146	76780
5431000	191	-12997	1131	76924
5441000	189	-12970	1121	77083
5451000	195	-12939	1163	77267
5461000	191	-12915	1144	77415
5471000	194	-12898	1166	77515
5481000	184	-12864	1114	77723
5491000	183	-12838	1110	77876
5501000	183	-12816	1114	78013
5511000	188	-12801	1145	78103
5521000	183	-12771	1119	78287
5531000	187	-12740	1152	78477
5541000	186	-12723	1150	78583
5551000	187	-12705	1159	78693
5561000	180	-12673	1123	78890
5571000	187	-12648	1171	79047
5581000	188	-12623	1180	79202
5591000	191	-12609	1204	79287
5601000	191	-12584	1204	79449
5611000	189	-12555	1200	79630
5621000	191	-12538	1212	79741
5631000	189	-12510	1207	79916
5641000	186	-12478	1192	80122
5651000	189	-12462	1219	80226
5661000	186	-12440	1204	80367
5671000	186	-12422	1208	80484
5681000	179	-12390	1169	80692
5691000	182	-12365	1187	80858
5701000	182	-12349	1194	80958
5711000	180	-12326	1185	81110
5721000	176	-12304	1161	81259
5731000	177	-12288	1171	81363
5741000	178	-12267	1184	81501
5751000	176	-12244	1175	81653
5761000	172	-12217	1153	81834
5771000	175	-12192	1174	82001
5781000	178	-12180	1198	82083
5791000	176	-12156	1191	82245
5801000	173	-12131	1175	82419
5811000	173	-12111	1180	82552
5821000	172	-12084	1176	82739
5831000	174	-12069	1194	82843
5841000	169	-12043	1164	83021
5851000	167	-12019	1154	83188
5861000	171	-11997	1185	83339
5871000	172	-11987	1195	83409
5881000	165	-11957	1150	83617
5891000	168	-11946	1174	83692
5901000	167	-11923	1172	83858
5911000	172	-11910	1215	83945
5921000	166	-11884	1177	84131
5931000	162	-11861	1154	84296
5941000	162	-11834	1153	84487
5951000	172	-11815	1230	84621
5961000	166	-11790	1192	84799
5971000	173	-11769	1248	84951
5981000	168	-11756	1217	85047
5991000	170	-11730	1235	85237
6001000	174	-11714	1270	85347
6011000	164	-11689	1199	85536
6021000	167	-11665	1227	85711
6031000	164	-11643	1208	85870
6041000	169	-11630	1246	85969
6051000	163	-11606	1210	86145
6061000	166	-11591	1236	86257
6071000	161	-11578	1198	86357
6081000	161	-11559	1208	86496
6091000	166	-11540	1243	86638
6101000	156	-11513	1179	86843
6111000	153	-11493	1158	86991
6121000	152	-11476	1155	87120
6131000	165	-11460	1255	87245
6141000	159	-11431	1213	87462
6151000	160	-11412	1229	87612
6161000	157	-11393	1210	87755
6171000	157	-11372	1211	87915
6181000	164	-11361	1268	88002
6191000	157	-11336	1220	88194
6201000	154	-11314	1201	88367
6211000	152	-11293	1193	88531
6221000	160	-11282	1256	88622
6231000	159	-11256	1255	88823
6241000	160	-11238	1267	88966
6251000	166	-11226	1314	89063
6261000	166	-11207	1321	89210
6271000	169	-11191	1349	89337
6281000	165	-11166	1324	89538
6291000	162	-11142	1302	89735
6301000	157	-11127	1266	89853
6311000	159	-11114	1287	89955
6321000	156	-11096	1268	90105
6331000	148	-11068	1204	90338
6341000	149	-11057	1218	90427
6351000	148	-11041	1214	90553
6361000	147	-11024	1211	90696
6371000	152	-11009	1251	90821
6381000	147	-10983	1218	91034
6391000	147	-10961	1223	91213
6401000	148	-10947	1231	91329
6411000	151	-10931	1263	91462
6421000	152	-10913	1272	91616
6431000	148	-10888	1245	91828
6441000	148	-10876	1248	91929
6451000	146	-10854	1242	92115
6461000	145	-10843	1234	92210
6471000	150	-10833	1279	92294
6481000	148	-10807	1270	92519
6491000	151	-10786	1298	92690
6501000	153	-10766	1323	92862
6511000	156	-10753	1347	92979
6521000	152	-10733	1322	93149
6531000	150	-10706	1310	93388
6541000	158	-10690	1379	93522
6551000	151	-10675	1328	93656
6561000	155	-10662	1366	93775
6571000	156	-10651	1378	93872
6581000	147	-10631	1300	94048
6591000	145	-10615	1287	94192
6601000	142	-10591	1269	94398
6611000	146	-10581	1304	94491
6621000	146	-10571	1303	94576
6631000	141	-10545	1270	94812
6641000	142	-10532	1281	94934
6651000	145	-10514	1316	95092
6661000	144	-10491	1311	95299
6671000	145	-10484	1322	95365
6681000	143	-10465	1305	95540
6691000	139	-10444	1278	95731
6701000	138	-10429	1270	95870
6711000	147	-10415	1352	95994
6721000	153	-10405	1408	96089
6731000	150	-10378	1394	96334
6741000	148	-10360	1379	96510
6751000	154	-10347	1438	96628
6761000	151	-10328	1413	96808
6771000	152	-10313	1427	96943
6781000	154	-10300	1455	97062
6791000	149	-10281	1412	97248
6801000	144	-10263	1364	97416
6811000	139	-10246	1324	97579
6821000	140	-10236	1331	97677
6831000	150	-10222	1432	97811
6841000	144	-10200	1387	98024
6851000	141	-10186	1360	98152
6861000	141	-10176	1362	98250
6871000	143	-10163	1385	98375
6881000	146	-10150	1421	98501
6891000	148	-10136	1442	98637
6901000	139	-10115	1362	98845
6911000	136	-10099	1328	99006
6921000	133	-10082	1307	99165
6931000	135	-10071	1326	99282
6941000	139	-10061	1369	99377
6951000	136	-10039	1351	99596
6961000	142	-10008	1415	99899
6971000	141	-10000	1414	99985
6981000	138	-9982	1384	100162
6991000	136	-9971	1368	100272
7001000	139	-9962	1404	100364
7011000	135	-9945	1368	100538
7021000	134	-9926	1359	100722
7031000	133	-9911	1357	100877
7041000	129	-9898	1312	101018
7051000	133	-9889	1364	101103
7061000	133	-9877	1359	101226
7071000	124	-9853	1280	101478
7081000	125	-9840	1295	101605
7091000	136	-9827	1404	101738
7101000	134	-9805	1395	101966
7111000	134	-9798	1397	102042
7121000	138	-9789	1441	102137
7131000	133	-9767	1392	102368
7141000	135	-9749	1416	102556
7151000	133	-9729	1400	102763
7161000	138	-9714	1459	102928
7171000	144	-9706	1528	103011
7181000	144	-9694	1530	103130
7191000	137	-9673	1466	103365
7201000	136	-9662	1461	103477
7211000	137	-9654	1471	103562
7221000	134	-9640	1445	103711
7231000	134	-9623	1450	103896
7241000	141	-9613	1530	104007
7251000	135	-9597	1471	104178
7261000	131	-9580	1432	104364
7271000	131	-9560	1436	104585
7281000	130	-9545	1423	104749
7291000	131	-9536	1443	104841
7301000	135	-9526	1485	104950
7311000	127	-9508	1400	105161
7321000	124	-9493	1378	105323
7331000	126	-9487	1395	105390
7341000	123	-9468	1372	105597
7351000	127	-9457	1419	105725
7361000	130	-9448	1454	105828
7371000	136	-9427	1529	106060
7381000	132	-9405	1491	106308
7391000	134	-9395	1523	106415
7401000	134	-9383	1516	106560
7411000	134	-9372	1523	106682
7421000	136	-9364	1556	106769
7431000	133	-9349	1527	106946
7441000	126	-9329	1446	107177
7451000	126	-9316	1457	107322
7461000	124	-9304	1432	107458
7471000	121	-9291	1399	107618
7481000	129	-9280	1493	107735
7491000	131	-9273	1521	107823
7501000	127	-9257	1487	108010
7511000	125	-9240	1462	108201
7521000	124	-9226	1455	108369
7531000	120	-9208	1418	108585
7541000	124	-9199	1469	108689
7551000	132	-9191	1562	108785
7561000	129	-9176	1529	108958
7571000	125	-9156	1494	109203
7581000	127	-9142	1518	109360
7591000	131	-9137	1567	109417
7601000	130	-9128	1564	109527
7611000	127	-9114	1531	109706
7621000	126	-9099	1519	109878
7631000	122	-9090	1473	109993
7641000	115	-9073	1397	110197
7651000	116	-9062	1415	110334
7661000	114	-9049	1389	110496
7671000	116	-9032	1428	110696
7681000	118	-9025	1448	110779
7691000	123	-9012	1511	110944
7701000	122	-8994	1507	111159
7711000	115	-8979	1431	111351
7721000	115	-8971	1427	111454
7731000	117	-8964	1457	111533
7741000	116	-8948	1448	111732
7751000	116	-8939	1449	111845
7761000	123	-8926	1543	112014
7771000	122	-8910	1542	112213
7781000	123	-8892	1560	112438
7791000	123	-8877	1556	112632
7801000	120	-8864	1532	112798
7811000	120	-8856	1528	112903
7821000	119	-8848	1514	112996
7831000	121	-8839	1545	113118
7841000	112	-8822	1439	113336
7851000	109	-8812	1402	113458
7861000	111	-8805	1431	113560
7871000	116	-8793	1503	113703
7881000	116	-8776	1499	113923
7891000	117	-8766	1522	114057
7901000	119	-8753	1557	114225
7911000	117	-8741	1536	114388
7921000	114	-8726	1501	114585
7931000	117	-8714	1539	114739
7941000	116	-8699	1532	114934
7951000	118	-8687	1561	115097
7961000	124	-8678	1651	115204
7971000	128	-8666	1697	115362
7981000	127	-8650	1693	115588
7991000	117	-8633	1569	115807
8001000	116	-8628	1563	115886
8011000	117	-8621	1573	115973
8021000	110	-8605	1486	116191
8031000	108	-8597	1464	116298
8041000	110	-8591	1496	116376
8051000	112	-8583	1524	116490
8061000	110	-8562	1503	116782
8071000	113	-8552	1540	116917
8081000	113	-8540	1546	117081
8091000	109	-8521	1497	117334
8101000	107	-8515	1478	117421
8111000	111	-8510	1534	117486
8121000	113	-8502	1557	117601
8131000	113	-8487	1568	117811
8141000	109	-8471	1518	118036
8151000	111	-8460	1546	118181
8161000	118	-8446	1647	118370
8171000	123	-8434	1731	118538
8181000	122	-8421	1714	118725
8191000	120	-8415	1698	118818
8201000	123	-8405	1743	118944
8211000	118	-8392	1673	119133
8221000	116	-8380	1651	119304
8231000	113	-8370	1615	119459
8241000	109	-8358	1557	119623
8251000	109	-8350	1558	119745
8261000	109	-8344	1562	119828
8271000	113	-8330	1622	120024
8281000	115	-8317	1656	120211
8291000	109	-8302	1583	120425
8301000	108	-8290	1568	120613
8311000	109	-8283	1587	120703
8321000	111	-8274	1628	120838
8331000	112	-8263	1637	120998
8341000	113	-8249	1656	121208
8351000	116	-8238	1703	121371
8361000	120	-8230	1765	121483
8371000	115	-8216	1702	121683
8381000	114	-8206	1688	121838
8391000	110	-8194	1638	122020
8401000	107	-8179	1606	122241
8411000	103	-8169	1546	122387
8421000	106	-8165	1587	122453
8431000	106	-8159	1598	122548
8441000	110	-8153	1660	122637
8451000	103	-8133	1555	122933
8461000	106	-8119	1601	123151
8471000	105	-8109	1597	123295
8481000	105	-8102	1602	123409
8491000	101	-8089	1551	123611
8501000	102	-8083	1556	123704
8511000	106	-8072	1626	123858
8521000	107	-8067	1644	123935
8531000	109	-8052	1685	124163
8541000	108	-8037	1665	124395
8551000	112	-8026	1744	124578
8561000	110	-8013	1716	124773
8571000	109	-8002	1704	124948
8581000	108	-7999	1687	124999
8591000	111	-7993	1733	125091
8601000	110	-7984	1721	125226
8611000	106	-7974	1664	125389
8621000	97	-7957	1537	125651
8631000	99	-7947	1573	125813
8641000	100	-7940	1590	125921
8651000	101	-7927	1608	126126
8661000	101	-7917	1606	126283
8671000	103	-7906	1643	126469
8681000	105	-7899	1680	126578
8691000	108	-7893	1734	126664
8701000	108	-7882	1735	126854
8711000	105	-7865	1694	127123
8721000	109	-7854	1759	127306
8731000	110	-7841	1781	127504
8741000	107	-7830	1750	127689
8751000	108	-7819	1768	127862
8761000	107	-7811	1759	128007
8771000	109	-7806	1795	128085
8781000	108	-7797	1774	128231
8791000	105	-7784	1737	128452
8801000	103	-7772	1707	128638
8811000	107	-7767	1776	128732
8821000	107	-7760	1782	128846
8831000	110	-7756	1828	128905
8841000	113	-7744	1885	129105
8851000	112	-7736	1876	129232
8861000	107	-7728	1790	129374
8871000	109	-7721	1828	129499
8881000	102	-7706	1712	129749
8891000	96	-7690	1616	130011
8901000	99	-7684	1675	130116
8911000	99	-7675	1680	130269
8921000	100	-7657	1712	130578
8931000	103	-7650	1758	130693
8941000	112	-7640	1925	130857
8951000	113	-7637	1934	130909
8961000	113	-7624	1946	131130
8971000	107	-7609	1841	131392
8981000	102	-7598	1771	131586
8991000	100	-7594	1735	131653
9001000	102	-7589	1769	131754
9011000	104	-7583	1810	131858
9021000	101	-7574	1767	132003
9031000	102	-7563	1775	132196
9041000	102	-7555	1788	132331
9051000	105	-7547	1850	132475
9061000	101	-7535	1780	132694
9071000	99	-7522	1757	132926
9081000	99	-7515	1751	133048
9091000	101	-7501	1798	133282
9101000	98	-7489	1739	133508
9111000	102	-7478	1818	133692
9121000	105	-7471	1890	133828
9131000	109	-7463	1965	133960
9141000	109	-7457	1952	134069
9151000	106	-7453	1914	134146
9161000	98	-7438	1778	134430
9171000	93	-7431	1677	134555
9181000	94	-7426	1707	134631
9191000	94	-7420	1700	134754
9201000	97	-7415	1772	134835
9211000	99	-7403	1799	135055
9221000	100	-7393	1823	135236
9231000	104	-7388	1902	135327
9241000	104	-7379	1911	135495
9251000	100	-7365	1848	135743
9261000	98	-7356	1816	135922
9271000	96	-7345	1776	136121
9281000	95	-7335	1763	136304
9291000	94	-7328	1759	136443
9301000	97	-7317	1808	136653
9311000	100	-7307	1866	136823
9321000	105	-7302	1972	136928
9331000	108	-7290	2031	137144
9341000	107	-7282	2012	137300
9351000	102	-7271	1933	137509
9361000	95	-7256	1798	137794
9371000	94	-7251	1787	137891
9381000	93	-7247	1769	137966
9391000	91	-7238	1739	138134
9401000	91	-7233	1743	138229
9411000	89	-7221	1698	138470
9421000	87	-7217	1677	138546
9431000	92	-7210	1769	138673
9441000	101	-7206	1938	138737
9451000	100	-7192	1926	139009
9461000	95	-7179	1842	139278
9471000	96	-7170	1860	139439
9481000	95	-7158	1850	139671
9491000	93	-7146	1816	139913
9501000	94	-7133	1854	140163
9511000	99	-7126	1950	140294
9521000	102	-7123	2011	140363
9531000	103	-7119	2038	140444
9541000	106	-7115	2092	140522
9551000	100	-7105	1975	140713
9561000	91	-7092	1805	140982
9571000	86	-7087	1718	141088
9581000	92	-7082	1825	141174
9591000	92	-7076	1836	141300
9601000	91	-7064	1820	141535
9611000	88	-7051	1778	141807
9621000	89	-7043	1787	141957
9631000	95	-7040	1913	142029
9641000	96	-7034	1941	142147
9651000	98	-7028	1982	142270
9661000	98	-7020	1992	142423
9671000	89	-7010	1820	142635
9681000	90	-6999	1836	142846
9691000	94	-6991	1920	143007
9701000	93	-6977	1913	143302
9711000	97	-6965	1995	143555
9721000	102	-6958	2107	143681
9731000	104	-6953	2145	143795
9741000	103	-6945	2142	143959
9751000	107	-6940	2211	144064
9761000	102	-6928	2134	144310
9771000	94	-6918	1969	144523
9781000	90	-6908	1895	144732
9791000	93	-6903	1948	144835
9801000	96	-6901	2009	144877
9811000	97	-6896	2045	144991
9821000	96	-6889	2032	145125
9831000	95	-6879	2009	145336
9841000	96	-6868	2044	145580
9851000	98	-6864	2073	145664
9861000	98	-6860	2089	145735
9871000	100	-6853	2129	145891
9881000	94	-6840	2006	146167
9891000	93	-6828	1988	146432
9901000	94	-6816	2023	146692
9911000	93	-6808	2015	146851
9921000	93	-6792	2026	147200
9931000	91	-6786	1983	147338
9941000	96	-6782	2097	147424
9951000	98	-6781	2137	147449
9961000	100	-6774	2183	147599
9971000	103	-6767	2258	147738
9981000	98	-6757	2150	147957
9991000	92	-6745	2019	148223
10001000	94	-6736	2074	148428
10011000	92	-6731	2027	148542
10021000	92	-6723	2042	148709
10031000	90	-6718	1998	148826
10041000	89	-6710	1973	149005
10051000	89	-6702	1977	149176
10061000	88	-6700	1970	149233
10071000	86	-6696	1916	149322
10081000	91	-6693	2022	149381
10091000	93	-6687	2078	149515
10101000	92	-6672	2070	149848
10111000	94	-6658	2121	150169
10121000	94	-6647	2137	150419
10131000	95	-6643	2156	150500
10141000	92	-6635	2094	150695
10151000	91	-6627	2077	150874
10161000	92	-6622	2090	150980
10171000	92	-6619	2094	151058
10181000	91	-6616	2081	151131
10191000	92	-6611	2104	151240
10201000	89	-6605	2038	151374
10211000	87	-6591	2000	151693
10221000	83	-6582	1910	151909
10231000	83	-6571	1915	152169
10241000	83	-6566	1933	152276
10251000	87	-6556	2023	152508
10261000	88	-6551	2054	152622
10271000	87	-6540	2036	152875
10281000	85	-6533	2003	153054
10291000	89	-6525	2079	153217
10301000	94	-6517	2206	153413
10311000	98	-6512	2304	153521
10321000	102	-6505	2413	153697
10331000	102	-6498	2414	153859
10341000	96	-6488	2291	154098
10351000	95	-6477	2257	154355
10361000	94	-6474	2241	154439
10371000	92	-6467	2197	154606
10381000	86	-6457	2071	154841
10391000	83	-6451	1993	154987
10401000	86	-6445	2071	155133
10411000	89	-6437	2146	155317
10421000	92	-6436	2219	155354
10431000	94	-6430	2282	155495
10441000	94	-6422	2271	155691
10451000	89	-6415	2161	155863
10461000	81	-6401	1967	156192
10471000	81	-6396	1967	156312
10481000	82	-6394	2006	156369
10491000	83	-6389	2025	156484
10501000	83	-6382	2042	156654
10511000	83	-6373	2055	156890
10521000	82	-6363	2037	157135
10531000	90	-6352	2240	157393
10541000	93	-6346	2309	157554
10551000	95	-6341	2364	157668
10561000	98	-6337	2440	157769
10571000	99	-6331	2464	157914
10581000	95	-6323	2368	158118
10591000	92	-6317	2311	158270
10601000	87	-6310	2174	158446
10611000	87	-6302	2179	158647
10621000	85	-6295	2138	158815
10631000	84	-6290	2119	158964
10641000	82	-6284	2085	159103
10651000	83	-6279	2113	159236
10661000	88	-6273	2245	159375
10671000	89	-6265	2280	159591
10681000	92	-6265	2349	159588
10691000	92	-6258	2355	159767
10701000	88	-6249	2255	160003
10711000	82	-6236	2115	160336
10721000	79	-6224	2039	160638
10731000	82	-6220	2130	160741
10741000	86	-6213	2236	160924
10751000	90	-6207	2344	161075
10761000	91	-6202	2362	161212
10771000	90	-6196	2344	161373
10781000	86	-6190	2238	161522
10791000	89	-6185	2330	161654
10801000	88	-6178	2293	161820
10811000	89	-6175	2342	161905
10821000	88	-6172	2298	161997
10831000	89	-6166	2336	162147
10841000	88	-6152	2331	162507
10851000	83	-6146	2205	162686
10861000	84	-6137	2238	162913
10871000	85	-6129	2266	163115
10881000	82	-6121	2189	163336
10891000	80	-6115	2129	163505
10901000	78	-6105	2097	163781
10911000	77	-6105	2072	163784
10921000	79	-6097	2134	163974
10931000	83	-6092	2233	164108
10941000	86	-6089	2319	164190
10951000	90	-6081	2426	164405
10961000	90	-6071	2444	164694
10971000	91	-6060	2465	164975
10981000	85	-6051	2320	165239
10991000	84	-6043	2305	165449
11001000	84	-6039	2292	165559
11011000	85	-6035	2328	165657
11021000	85	-6034	2346	165686
11031000	84	-6029	2300	165835
11041000	85	-6027	2326	165882
11051000	84	-6022	2311	166023
11061000	85	-6016	2342	166179
11071000	84	-6012	2325	166308
11081000	88	-6006	2433	166457
11091000	87	-5999	2407	166649
11101000	87	-5991	2429	166892
11111000	83	-5980	2321	167185
11121000	84	-5968	2369	167517
11131000	83	-5959	2324	167772
11141000	81	-5958	2294	167800
11151000	83	-5951	2335	168001
11161000	85	-5943	2404	168229
11171000	83	-5933	2366	168525
11181000	85	-5928	2424	168661
11191000	87	-5920	2471	168894
11201000	90	-5916	2561	168986
11211000	91	-5913	2606	169090
11221000	91	-5911	2608	169137
11231000	88	-5906	2512	169284
11241000	86	-5902	2472	169390
11251000	81	-5891	2334	169714
11261000	73	-5881	2100	169999
11271000	72	-5876	2090	170148
11281000	73	-5873	2107	170258
11291000	76	-5868	2208	170394
11301000	78	-5859	2271	170661
11311000	78	-5850	2279	170907
11321000	78	-5845	2274	171067
11331000	75	-5837	2215	171301
11341000	75	-5832	2199	171436
11351000	76	-5832	2249	171448
11361000	79	-5828	2312	171559
11371000	81	-5823	2384	171707
11381000	83	-5818	2442	171841
11391000	86	-5810	2551	172069
11401000	81	-5800	2416	172391
11411000	83	-5788	2473	172740
11421000	88	-5777	2639	173050
11431000	87	-5772	2605	173204
11441000	85	-5766	2552	173400
11451000	81	-5758	2443	173648
11461000	82	-5752	2465	173828
11471000	84	-5749	2549	173913
11481000	82	-5744	2482	174060
11491000	82	-5742	2492	174124
11501000	82	-5738	2491	174246
11511000	84	-5736	2549	174312
11521000	85	-5734	2582	174360
11531000	84	-5724	2551	174664
11541000	76	-5714	2319	174968
11551000	81	-5704	2489	175267
11561000	73	-5698	2235	175485
11571000	78	-5693	2400	175634
11581000	80	-5689	2476	175754
11591000	82	-5689	2534	175756
11601000	85	-5683	2618	175915
11611000	87	-5675	2689	176161
11621000	88	-5668	2734	176385
11631000	86	-5662	2678	176578
11641000	87	-5652	2727	176892
11651000	91	-5647	2863	177046
11661000	92	-5644	2891	177147
11671000	92	-5642	2874	177185
11681000	91	-5634	2856	177445
11691000	89	-5631	2800	177547
11701000	84	-5628	2664	177653
11711000	81	-5618	2562	177964
11721000	78	-5613	2470	178136
11731000	82	-5610	2591	178208
11741000	76	-5602	2430	178459
11751000	77	-5597	2456	178638
11761000	77	-5588	2473	178918
11771000	75	-5582	2395	179111
11781000	81	-5574	2591	179369
11791000	81	-5573	2614	179383
11801000	84	-5571	2696	179454
11811000	85	-5567	2754	179603
11821000	85	-5562	2737	179752
11831000	84	-5555	2726	179965
11841000	79	-5547	2576	180242
11851000	79	-5540	2574	180463
11861000	77	-5529	2513	180820
11871000	77	-5519	2520	181144
11881000	80	-5511	2649	181404
11891000	83	-5507	2733	181530
11901000	85	-5506	2812	181586
11911000	85	-5501	2798	181757
11921000	87	-5498	2866	181842
11931000	86	-5493	2847	181996
11941000	82	-5486	2719	182241
11951000	80	-5482	2667	182363
11961000	81	-5479	2691	182486
11971000	79	-5475	2646	182597
11981000	80	-5472	2660	182708
11991000	80	-5470	2684	182761
12001000	80	-5467	2679	182888
12011000	80	-5456	2685	183253
12021000	76	-5448	2570	183509
12031000	75	-5440	2521	183778
12041000	79	-5431	2673	184087
12051000	77	-5427	2622	184214
12061000	77	-5418	2631	184536
12071000	71	-5412	2428	184750
12081000	74	-5403	2529	185033
12091000	73	-5401	2505	185122
12101000	73	-5392	2517	185428
12111000	80	-5391	2755	185463
12121000	84	-5385	2888	185660
12131000	87	-5375	3017	185994
12141000	92	-5372	3175	186088
12151000	89	-5371	3085	186121
12161000	87	-5363	3038	186406
12171000	82	-5357	2854	186617
12181000	78	-5351	2709	186834
12191000	71	-5344	2496	187089
12201000	76	-5342	2664	187173
12211000	74	-5339	2580	187275
12221000	77	-5332	2692	187506
12231000	80	-5329	2805	187625
12241000	78	-5321	2757	187891
12251000	78	-5315	2772	188103
12261000	77	-5310	2723	188284
12271000	77	-5305	2744	188458
12281000	77	-5304	2746	188496
12291000	79	-5295	2816	188805
12301000	79	-5296	2816	188796
12311000	77	-5294	2750	188851
12321000	81	-5291	2906	188972
12331000	82	-5288	2931	189046
12341000	79	-5281	2837	189298
12351000	75	-5271	2698	189665
12361000	75	-5264	2716	189921
12371000	73	-5253	2636	190318
12381000	77	-5250	2785	190432
12391000	81	-5243	2952	190692
12401000	84	-5236	3063	190950
12411000	79	-5228	2874	191227
12421000	81	-5222	2979	191446
12431000	81	-5221	2972	191504
12441000	77	-5215	2846	191708
12451000	81	-5214	2966	191754
12461000	81	-5212	2983	191816
12471000	82	-5209	3017	191920
12481000	85	-5203	3122	192142
12491000	81	-5203	3004	192148
12501000	80	-5200	2955	192269
12511000	77	-5191	2848	192600
12521000	76	-5185	2815	192809
12531000	74	-5174	2754	193246
12541000	70	-5169	2619	193435
12551000	72	-5164	2714	193601
12561000	76	-5155	2871	193948
12571000	73	-5153	2764	194023
12581000	75	-5148	2840	194195
12591000	77	-5145	2907	194305
12601000	74	-5138	2803	194574
12611000	75	-5129	2845	194919
12621000	74	-5120	2822	195264
12631000	78	-5115	2981	195461
12641000	80	-5111	3076	195626
12651000	80	-5106	3063	195786
12661000	85	-5105	3274	195849
12671000	86	-5102	3321	195961
12681000	86	-5097	3326	196130
12691000	86	-5093	3330	196294
12701000	83	-5089	3198	196455
12711000	78	-5084	2998	196633
12721000	74	-5080	2882	196827
12731000	75	-5074	2928	197040
12741000	75	-5070	2908	197191
12751000	72	-5066	2805	197350
12761000	75	-5060	2916	197598
12771000	73	-5047	2880	198092
12781000	69	-5046	2710	198127
12791000	73	-5039	2855	198412
12801000	70	-5035	2778	198553
12811000	74	-5034	2921	198600
12821000	74	-5032	2914	198673
12831000	77	-5029	3026	198818
12841000	76	-5028	2989	198831
12851000	77	-5025	3048	198944
12861000	75	-5023	2958	199028
12871000	76	-5019	3011	199191
12881000	72	-5012	2870	199479
12891000	72	-5001	2874	199932
12901000	71	-4992	2853	200282
12911000	69	-4982	2791	200693
12921000	74	-4978	2987	200853
12931000	74	-4975	2984	200943
12941000	74	-4972	2999	201094
12951000	77	-4966	3136	201319
12961000	77	-4964	3116	201394
12971000	75	-4959	3058	201608
12981000	77	-4960	3131	201553
12991000	73	-4951	2988	201929
13001000	71	-4946	2895	202159
13011000	70	-4943	2861	202274
13021000	69	-4943	2843	202272
13031000	69	-4941	2834	202350
13041000	71	-4936	2903	202543
13051000	72	-4935	2943	202596
13061000	74	-4929	3059	202838
13071000	75	-4925	3080	202988
13081000	74	-4914	3056	203446
13091000	70	-4906	2900	203774
13101000	70	-4902	2902	203963
13111000	70	-4896	2938	204199
13121000	73	-4892	3031	204368
13131000	74	-4885	3096	204654
13141000	72	-4882	3031	204795
13151000	70	-4876	2938	205041
13161000	68	-4871	2861	205264
13171000	71	-4863	3008	205593
13181000	76	-4858	3213	205795
13191000	75	-4853	3193	205989
13201000	78	-4850	3329	206112
13211000	79	-4845	3372	206354
13221000	80	-4845	3402	206333
13231000	78	-4840	3329	206567
13241000	79	-4839	3381	206596
13251000	78	-4837	3354	206687
13261000	78	-4834	3351	206795
13271000	73	-4828	3150	207083
13281000	72	-4821	3085	207369
13291000	65	-4814	2811	207670
13301000	61	-4809	2656	207903
13311000	64	-4807	2774	208000
13321000	65	-4799	2832	208323
13331000	69	-4797	2984	208441
13341000	72	-4797	3135	208403
13351000	74	-4790	3212	208738
13361000	74	-4786	3246	208894
13371000	75	-4780	3273	209156
13381000	76	-4775	3334	209370
13391000	75	-4773	3290	209441
13401000	71	-4765	3113	209805
13411000	71	-4764	3144	209841
13421000	72	-4763	3193	209886
13431000	69	-4758	3065	210138
13441000	72	-4753	3204	210336
13451000	76	-4752	3361	210375
13461000	78	-4744	3464	210727
13471000	78	-4735	3455	211117
13481000	80	-4734	3547	211157
13491000	78	-4719	3522	211839
13501000	80	-4714	3612	212067
13511000	80	-4708	3625	212356
13521000	79	-4702	3592	212614
13531000	79	-4696	3604	212886
13541000	78	-4696	3519	212908
13551000	75	-4689	3420	213191
13561000	73	-4685	3322	213404
13571000	71	-4679	3223	213656
13581000	67	-4677	3067	213767
13591000	66	-4675	3031	213869
13601000	66	-4670	3028	214111
13611000	69	-4670	3177	214082
13621000	71	-4668	3235	214198
13631000	70	-4663	3214	214411
13641000	72	-4659	3318	214601
13651000	75	-4659	3438	214601
13661000	77	-4652	3567	214884
13671000	76	-4648	3514	215086
13681000	78	-4645	3596	215243
13691000	76	-4637	3543	215596
13701000	68	-4632	3191	215837
13711000	68	-4624	3181	216239
13721000	68	-4619	3190	216442
13731000	67	-4616	3152	216583
13741000	68	-4608	3201	216957
13751000	72	-4603	3383	217179
13761000	73	-4602	3460	217236
13771000	76	-4597	3573	217472
13781000	80	-4592	3794	217681
13791000	83	-4589	3925	217842
13801000	85	-4583	4049	218140
13811000	81	-4577	3854	218401
13821000	81	-4569	3872	218806
13831000	82	-4571	3926	218699
13841000	81	-4566	3893	218929
13851000	82	-4565	3935	218997
13861000	83	-4561	3999	219161
13871000	83	-4560	3986	219211
13881000	85	-4557	4073	219350
13891000	86	-4554	4150	219508
13901000	81	-4551	3925	219655
13911000	83	-4546	4015	219906
13921000	82	-4542	3980	220114
13931000	79	-4533	3864	220558
13941000	71	-4526	3480	220875
13951000	75	-4521	3653	221152
13961000	72	-4518	3523	221301
13971000	71	-4513	3495	221532
13981000	70	-4512	3431	221571
13991000	72	-4507	3522	221825
14001000	72	-4506	3540	221855
14011000	67	-4500	3305	222151
14021000	68	-4498	3350	222267
14031000	63	-4496	3113	222394
14041000	62	-4489	3093	222701
14051000	67	-4486	3325	222843
14061000	67	-4489	3349	222733
14071000	74	-4483	3680	222997
14081000	72	-4478	3578	223266
14091000	74	-4472	3682	223565
14101000	76	-4465	3832	223905
14111000	82	-4459	4145	224208
14121000	81	-4455	4091	224414
14131000	83	-4452	4186	224526
14141000	78	-4444	3948	224967
14151000	77	-4438	3885	225250
14161000	72	-4436	3635	225374
14171000	68	-4429	3442	225753
14181000	68	-4427	3474	225858
14191000	67	-4423	3402	226040
14201000	65	-4419	3314	226259
14211000	66	-4418	3380	226275
14221000	67	-4416	3428	226406
14231000	67	-4414	3426	226499
14241000	63	-4410	3235	226724
14251000	63	-4406	3263	226905
14261000	64	-4403	3285	227052
14271000	66	-4398	3391	227336
14281000	62	-4394	3217	227537
14291000	62	-4388	3230	227848
14301000	63	-4381	3278	228234
14311000	65	-4378	3397	228373
14321000	69	-4372	3610	228679
14331000	70	-4372	3670	228686
14341000	72	-4366	3767	228961
14351000	72	-4364	3786	229091
14361000	76	-4359	4024	229362
14371000	76	-4359	3984	229325
14381000	76	-4355	4010	229526
14391000	79	-4346	4177	230012
14401000	77	-4342	4086	230224
14411000	76	-4335	4048	230600
14421000	77	-4329	4109	230902
14431000	73	-4322	3928	231308
14441000	78	-4314	4203	231736
14451000	76	-4313	4073	231778
14461000	78	-4312	4182	231823
14471000	71	-4307	3817	232122
14481000	71	-4303	3855	232331
14491000	67	-4296	3630	232718
14501000	69	-4294	3718	232813
14511000	65	-4294	3502	232856
14521000	64	-4288	3502	233174
14531000	63	-4285	3424	233306
14541000	66	-4284	3599	233360
14551000	70	-4280	3817	233585
14561000	70	-4278	3818	233682
14571000	71	-4275	3900	233844
14581000	73	-4270	3990	234126
14591000	73	-4268	4014	234222
14601000	77	-4266	4229	234325
14611000	77	-4259	4260	234695
14621000	80	-4258	4386	234746
14631000	80	-4255	4438	234928
14641000	73	-4248	4044	235358
14651000	70	-4246	3899	235469
14661000	70	-4240	3904	235785
14671000	65	-4236	3598	235994
14681000	64	-4235	3574	236064
14691000	64	-4229	3600	236380
14701000	65	-4227	3646	236532
14711000	64	-4224	3574	236679
14721000	62	-4221	3503	236858
14731000	67	-4218	3776	237000
14741000	68	-4213	3844	237318
14751000	71	-4205	4013	237762
14761000	72	-4197	4105	238210
14771000	71	-4192	4058	238508
14781000	73	-4185	4193	238897
14791000	71	-4180	4059	239165
14801000	73	-4177	4159	239338
14811000	73	-4173	4206	239581
14821000	72	-4171	4146	239697
14831000	71	-4169	4092	239822
14841000	75	-4166	4343	239975
14851000	73	-4166	4219	239966
14861000	76	-4164	4406	240088
14871000	78	-4164	4498	240062
14881000	78	-4162	4480	240166
14891000	77	-4160	4441	240319
14901000	75	-4159	4358	240379
14911000	76	-4153	4382	240711
14921000	74	-4148	4297	240989
14931000	73	-4145	4240	241191
14941000	74	-4135	4309	241755
14951000	67	-4132	3906	241958
14961000	66	-4128	3891	242158
14971000	70	-4122	4092	242510
14981000	69	-4120	4080	242673
14991000	71	-4119	4182	242682
15001000	71	-4112	4204	243107
15011000	72	-4108	4261	243365
15021000	69	-4103	4111	243650
15031000	70	-4098	4189	243946
15041000	69	-4094	4120	244207
15051000	72	-4088	4333	244523
15061000	71	-4088	4230	244520
15071000	72	-4081	4322	244948
15081000	74	-4080	4414	245001
15091000	78	-4073	4720	245429
15101000	80	-4070	4842	245616
15111000	80	-4063	4862	246030
15121000	85	-4061	5139	246137
15131000	88	-4058	5358	246294
15141000	84	-4057	5127	246380
15151000	85	-4051	5185	246736
15161000	86	-4051	5258	246715
15171000	81	-4046	4950	247077
15181000	81	-4044	4969	247202
15191000	75	-4037	4627	247621
15201000	72	-4038	4404	247597
15211000	69	-4030	4263	248036
15221000	67	-4027	4145	248281
15231000	65	-4025	4001	248375
15241000	67	-4019	4156	248757
15251000	65	-4018	4030	248814
15261000	67	-4013	4135	249136
15271000	71	-4015	4377	248989
15281000	73	-4006	4542	249523
15291000	75	-4002	4676	249780
15301000	74	-4002	4649	249766
15311000	77	-3998	4828	250035
15321000	78	-3994	4881	250249
15331000	75	-3993	4675	250355
15341000	73	-3990	4610	250521
15351000	75	-3989	4736	250574
15361000	73	-3985	4586	250828
15371000	67	-3983	4246	250998
15381000	69	-3983	4372	251001
15391000	67	-3984	4234	250959
15401000	68	-3976	4328	251453
15411000	69	-3973	4394	251623
15421000	70	-3970	4449	251826
15431000	74	-3967	4682	251977
15441000	73	-3965	4673	252137
15451000	78	-3958	4957	252568
15461000	83	-3949	5303	253125
15471000	84	-3946	5420	253295
15481000	83	-3941	5359	253597
15491000	84	-3938	5406	253811
15501000	83	-3929	5343	254387
15511000	76	-3927	4907	254542
15521000	72	-3925	4691	254691
15531000	74	-3920	4806	255028
15541000	69	-3917	4490	255193
15551000	70	-3915	4562	255355
15561000	70	-3915	4590	255335
15571000	68	-3912	4444	255565
15581000	68	-3910	4443	255671
15591000	68	-3906	4428	255923
15601000	62	-3902	4062	256194
15611000	59	-3897	3909	256577
15621000	59	-3896	3886	256645
15631000	57	-3890	3771	256993
15641000	57	-3886	3772	257252
15651000	58	-3883	3863	257497
15661000	60	-3883	4003	257499
15671000	62	-3878	4143	257766
15681000	65	-3872	4315	258219
15691000	68	-3869	4512	258407
15701000	69	-3866	4644	258568
15711000	71	-3862	4771	258858
15721000	73	-3857	4934	259183
15731000	72	-3858	4804	259138
15741000	74	-3856	4992	259242
15751000	76	-3850	5135	259669
15761000	78	-3849	5289	259716
15771000	83	-3848	5596	259780
15781000	77	-3827	5290	261227
15791000	77	-3837	5253	260512
15801000	77	-3827	5256	261221
15811000	72	-3819	4963	261739
15821000	73	-3814	4996	262121
15831000	74	-3813	5110	262141
15841000	72	-3808	4967	262493
15851000	70	-3805	4842	262746
15861000	69	-3804	4783	262814
15871000	70	-3799	4873	263113
15881000	70	-3800	4854	263038
15891000	67	-3796	4658	263330
15901000	68	-3795	4728	263392
15911000	68	-3794	4728	263492
15921000	69	-3794	4807	263520
15931000	65	-3790	4492	263774
15941000	65	-3786	4509	264079
15951000	67	-3784	4671	264183
15961000	62	-3780	4328	264503
15971000	64	-3775	4513	264795
15981000	62	-3772	4381	265050
15991000	64	-3767	4525	265394
16001000	65	-3764	4586	265583
16011000	66	-3761	4668	265817
16021000	69	-3756	4886	266148
16031000	69	-3755	4905	266240
16041000	70	-3752	4972	266415
16051000	73	-3750	5173	266542
16061000	70	-3749	4969	266678
16071000	75	-3746	5341	266875
16081000	73	-3745	5188	266929
16091000	77	-3742	5525	267132
16101000	66	-3738	4699	267463
16111000	77	-3735	5507	267653
16121000	81	-3734	5793	267707
16131000	73	-3725	5286	268374
16141000	79	-3720	5722	268680
16151000	77	-3714	5609	269099
16161000	76	-3707	5561	269665
16171000	75	-3700	5494	270132
16181000	75	-3696	5458	270470
16191000	77	-3692	5672	270708
16201000	77	-3687	5647	271072
16211000	75	-3685	5486	271243
16221000	78	-3684	5775	271334
16231000	75	-3679	5548	271667
16241000	75	-3676	5545	271935
16251000	79	-3677	5819	271838
16261000	73	-3674	5441	272070
16271000	71	-3670	5288	272359
16281000	72	-3670	5367	272401
16291000	72	-3664	5330	272803
16301000	70	-3664	5201	272829
16311000	70	-3660	5243	273115
16321000	69	-3659	5114	273167
16331000	71	-3658	5286	273286
16341000	70	-3656	5208	273453
16351000	68	-3651	5128	273835
16361000	73	-3651	5486	273765
16371000	77	-3643	5818	274380
16381000	76	-3641	5707	274540
16391000	80	-3642	6008	274433
16401000	80	-3637	6018	274839
16411000	81	-3633	6128	275130
16421000	77	-3634	5817	275026
16431000	75	-3626	5668	275657
16441000	80	-3627	6041	275568
16451000	76	-3625	5752	275773
16461000	76	-3621	5762	276026
16471000	73	-3617	5593	276381
16481000	74	-3611	5645	276850
16491000	73	-3604	5591	277349
16501000	71	-3598	5457	277823
16511000	74	-3592	5701	278297
16521000	72	-3594	5540	278095
16531000	69	-3583	5412	278996
16541000	72	-3580	5576	279188
16551000	70	-3574	5449	279692
16561000	71	-3576	5579	279561
16571000	72	-3574	5625	279654
16581000	71	-3570	5572	279967
16591000	71	-3569	5533	280076
16601000	69	-3568	5443	280167
16611000	69	-3566	5408	280347
16621000	69	-3563	5402	280565
16631000	69	-3563	5470	280589
16641000	66	-3561	5214	280749
16651000	66	-3559	5204	280903
16661000	62	-3556	4921	281160
16671000	64	-3551	5037	281483
16681000	60	-3549	4759	281698
16691000	64	-3545	5088	282024
16701000	64	-3540	5095	282411
16711000	65	-3536	5170	282679
16721000	66	-3534	5281	282871
16731000	68	-3531	5429	283139
16741000	70	-3526	5633	283480
16751000	68	-3524	5435	283685
16761000	70	-3525	5593	283580
16771000	70	-3515	5635	284365
