f/Hz	Re{Y}/µS	Im{Y}/µS	Re{Z}/mOhm	Im{Z}/mOhm
1000	2246837	-306697	437	60
11000	965131	-1060103	470	516
21000	404673	-835578	469	969
31000	210146	-629929	477	1429
41000	126685	-494506	486	1898
51000	85410	-405986	496	2359
61000	57804	-344779	473	2821
71000	43693	-298271	481	3282
81000	34162	-262396	488	3748
91000	27080	-234507	486	4208
101000	22038	-211797	486	4671
111000	18261	-192714	487	5143
121000	15753	-177420	497	5592
131000	13580	-163907	502	6059
141000	11810	-152464	505	6520
151000	10202	-142339	501	6990
161000	9039	-133804	503	7440
171000	8136	-126022	510	7902
181000	7355	-119176	516	8359
191000	6569	-112920	513	8826
201000	5910	-107291	512	9292
211000	5435	-102297	518	9748
221000	4992	-97680	522	10211
231000	4575	-93391	523	10682
241000	4321	-89554	538	11141
251000	3935	-86066	530	11595
261000	3651	-82768	532	12058
271000	3481	-79701	547	12523
281000	3236	-76952	545	12972
291000	3014	-74338	545	13430
301000	2841	-71795	550	13907
311000	2671	-69487	552	14370
321000	2513	-67359	553	14825
331000	2371	-65304	555	15293
341000	2265	-63429	562	15746
351000	2182	-61634	574	16204
361000	2028	-59894	565	16677
371000	1965	-58302	578	17132
381000	1879	-56779	582	17593
391000	1800	-55306	588	18062
401000	1710	-53956	587	18515
411000	1681	-52625	607	18983
421000	1581	-51415	597	19431
431000	1492	-50246	590	19884
441000	1450	-49084	601	20355
451000	1396	-47992	606	20819
461000	1330	-46977	602	21270
471000	1298	-45977	614	21733
481000	1244	-45020	613	22195
491000	1200	-44100	616	22659
501000	1180	-43228	631	23116
511000	1128	-42380	628	23579
521000	1113	-41567	644	24040
531000	1069	-40773	642	24509
541000	1045	-40040	651	24958
551000	1003	-39313	649	25420
561000	960	-38612	644	25882
571000	923	-37934	641	26346
581000	921	-37311	662	26785
591000	887	-36645	660	27273
601000	881	-36066	677	27711
611000	849	-35460	674	28185
621000	836	-34903	686	28634
631000	796	-34351	674	29096
641000	770	-33797	674	29573
651000	758	-33275	684	30037
661000	746	-32774	694	30496
671000	730	-32321	698	30924
681000	715	-31836	705	31395
691000	701	-31377	711	31855
701000	682	-30927	713	32318
711000	668	-30510	717	32760
721000	647	-30078	714	33231
731000	634	-29667	720	33693
741000	632	-29281	736	34136
751000	620	-28875	743	34616
761000	597	-28504	735	35067
771000	592	-28140	748	35521
781000	579	-27782	750	35978
791000	577	-27437	766	36431
801000	561	-27091	764	36897
811000	557	-26756	778	37359
821000	539	-26432	771	37817
831000	527	-26109	773	38285
841000	512	-25802	769	38742
851000	513	-25498	789	39203
861000	489	-25204	770	39662
871000	489	-24897	789	40150
881000	484	-24636	797	40576
891000	464	-24360	782	41035
901000	467	-24096	804	41485
911000	450	-23815	793	41976
921000	459	-23566	826	42418
931000	441	-23297	812	42908
941000	435	-23067	818	43336
951000	424	-22820	814	43807
961000	421	-22581	824	44270
971000	418	-22361	836	44706
981000	412	-22128	842	45176
991000	402	-21902	838	45643
1001000	402	-21688	853	46093
1011000	382	-21458	829	46588
1021000	395	-21267	873	47006
1031000	371	-21063	836	47461
1041000	376	-20837	867	47975
1051000	383	-20659	898	48389
1061000	364	-20454	869	48874
1071000	363	-20275	882	49305
1081000	348	-20072	864	49807
1091000	352	-19903	888	50227
1101000	351	-19715	904	50706
1111000	339	-19541	888	51159
1121000	337	-19358	898	51643
1131000	334	-19194	906	52084
1141000	330	-19015	913	52573
1151000	322	-18857	904	53015
1161000	323	-18705	923	53444
1171000	322	-18530	937	53950
1181000	312	-18394	921	54349
1191000	314	-18225	945	54855
1201000	303	-18068	928	55332
1211000	302	-17934	938	55744
1221000	308	-17774	973	56246
1231000	298	-17628	958	56711
1241000	292	-17485	955	57176
1251000	294	-17349	976	57624
1261000	284	-17212	960	58082
1271000	278	-17079	953	58535
1281000	280	-16937	977	59027
1291000	281	-16810	994	59472
1301000	266	-16675	955	59955
1311000	268	-16556	977	60387
1321000	273	-16429	1010	60852
1331000	262	-16296	984	61348
1341000	260	-16185	993	61769
1351000	252	-16059	976	62256
1361000	255	-15940	1003	62719
1371000	254	-15820	1016	63196
1381000	255	-15709	1035	63642
1391000	256	-15604	1052	64070
1401000	249	-15484	1038	64567
1411000	245	-15380	1036	65004
1421000	242	-15271	1038	65465
1431000	246	-15157	1070	65959
1441000	243	-15054	1073	66410
1451000	237	-14958	1060	66838
1461000	231	-14856	1044	67295
1471000	230	-14754	1058	67761
1481000	232	-14651	1080	68236
1491000	231	-14558	1087	68674
1501000	232	-14456	1110	69156
1511000	223	-14361	1081	69617
1521000	225	-14264	1107	70089
1531000	223	-14172	1109	70544
1541000	225	-14076	1137	71023
1551000	220	-13985	1127	71489
1561000	215	-13886	1117	71997
1571000	212	-13801	1115	72443
1581000	207	-13713	1100	72909
1591000	201	-13633	1083	73337
1601000	202	-13542	1103	73826
1611000	201	-13452	1108	74325
1621000	200	-13380	1115	74721
1631000	201	-13298	1139	75182
1641000	197	-13210	1131	75682
1651000	192	-13123	1112	76187
1661000	196	-13053	1149	76592
1671000	190	-12975	1129	77052
1681000	197	-12899	1182	77508
1691000	189	-12825	1148	77955
1701000	189	-12743	1162	78457
1711000	189	-12672	1175	78895
1721000	186	-12594	1174	79386
1731000	180	-12516	1148	79879
1741000	183	-12450	1183	80303
1751000	176	-12369	1152	80831
1761000	179	-12299	1182	81290
1771000	176	-12229	1175	81757
1781000	173	-12169	1170	82162
1791000	172	-12087	1175	82714
1801000	174	-12026	1204	83139
1811000	170	-11958	1186	83609
1821000	180	-11901	1267	84007
1831000	175	-11826	1253	84539
1841000	173	-11755	1253	85053
1851000	179	-11702	1307	85433
1861000	169	-11631	1246	85962
1871000	169	-11572	1262	86400
1881000	172	-11514	1300	86832
1891000	166	-11452	1268	87303
1901000	163	-11389	1254	87784
1911000	165	-11332	1282	88229
1921000	160	-11264	1265	88762
1931000	158	-11207	1260	89214
1941000	162	-11154	1305	89635
1951000	158	-11090	1283	90151
1961000	151	-11035	1239	90607
1971000	156	-10986	1294	91008
1981000	149	-10917	1248	91587
1991000	144	-10869	1222	91990
2001000	146	-10815	1248	92447
2011000	150	-10757	1293	92945
2021000	155	-10709	1353	93361
2031000	155	-10645	1364	93919
2041000	148	-10601	1321	94315
2051000	148	-10543	1334	94830
2061000	146	-10491	1328	95306
2071000	145	-10450	1329	95676
2081000	137	-10388	1270	96247
2091000	140	-10343	1312	96667
2101000	141	-10293	1328	97131
2111000	140	-10242	1335	97614
2121000	134	-10190	1288	98118
2131000	136	-10140	1323	98606
2141000	140	-10100	1372	98995
2151000	138	-10044	1366	99547
2161000	140	-10004	1403	99942
2171000	134	-9953	1357	100449
2181000	132	-9911	1346	100879
2191000	122	-9862	1255	101381
2201000	131	-9824	1353	101772
2211000	129	-9774	1353	102298
2221000	133	-9732	1409	102735
2231000	127	-9686	1353	103221
2241000	125	-9647	1341	103646
2251000	125	-9599	1356	104163
2261000	132	-9554	1450	104647
2271000	127	-9502	1405	105218
2281000	128	-9467	1430	105614
2291000	120	-9425	1356	106083
2301000	117	-9386	1329	106529
2311000	113	-9340	1292	107049
2321000	114	-9300	1319	107506
2331000	113	-9253	1316	108056
2341000	115	-9214	1354	108519
2351000	122	-9178	1448	108935
2361000	118	-9131	1420	109504
2371000	124	-9099	1499	109877
2381000	118	-9058	1442	110377
2391000	116	-9024	1422	110798
2401000	111	-8985	1371	111279
2411000	112	-8952	1400	111688
2421000	111	-8900	1397	112339
2431000	111	-8870	1415	112728
2441000	112	-8838	1431	113130
2451000	107	-8788	1387	113773
2461000	112	-8762	1454	114107
2471000	114	-8717	1498	114693
2481000	118	-8691	1565	115037
2491000	114	-8649	1525	115606
2501000	108	-8612	1452	116100
2511000	110	-8585	1497	116461
2521000	105	-8546	1436	116992
2531000	106	-8508	1469	117516
2541000	105	-8475	1457	117975
2551000	98	-8434	1382	118557
2561000	107	-8409	1518	118902
2571000	103	-8369	1475	119471
2581000	104	-8337	1497	119932
2591000	105	-8314	1515	120264
2601000	99	-8281	1450	120734
2611000	100	-8247	1474	121239
2621000	96	-8203	1428	121887
2631000	103	-8182	1544	122193
2641000	100	-8155	1502	122606
2651000	95	-8118	1447	123160
2661000	98	-8079	1494	123754
2671000	103	-8055	1589	124127
2681000	102	-8017	1583	124715
2691000	98	-7987	1544	125184
2701000	97	-7968	1526	125477
2711000	95	-7936	1503	125989
2721000	95	-7904	1526	126508
2731000	97	-7872	1560	127012
2741000	96	-7841	1555	127512
2751000	97	-7806	1587	128089
2761000	103	-7784	1692	128448
2771000	100	-7747	1660	129068
2781000	94	-7721	1576	129505
2791000	95	-7697	1597	129896
2801000	92	-7668	1567	130385
2811000	101	-7647	1723	130753
2821000	96	-7616	1662	131290
2831000	88	-7584	1538	131840
2841000	86	-7556	1499	132323
2851000	95	-7533	1668	132736
2861000	93	-7494	1648	133412
2871000	98	-7471	1760	133827
2881000	95	-7446	1711	134279
2891000	89	-7419	1625	134769
2901000	81	-7390	1488	135302
2911000	85	-7368	1563	135698
2921000	87	-7339	1618	136233
2931000	89	-7315	1657	136682
2941000	89	-7295	1663	137067
2951000	93	-7268	1760	137567
2961000	88	-7234	1686	138223
2971000	90	-7208	1725	138704
2981000	88	-7192	1700	139024
2991000	76	-7159	1490	139660
3001000	78	-7142	1538	139992
3011000	76	-7113	1512	140577
3021000	81	-7095	1610	140931
3031000	79	-7063	1578	141565
3041000	74	-7038	1485	142071
3051000	79	-7021	1599	142419
3061000	86	-6991	1753	143023
3071000	84	-6967	1731	143520
3081000	85	-6948	1770	143904
3091000	83	-6930	1736	144286
3101000	76	-6905	1595	144803
3111000	76	-6877	1609	145399
3121000	76	-6856	1610	145849
3131000	81	-6836	1739	146258
3141000	72	-6805	1556	146940
3151000	82	-6787	1776	147319
3161000	85	-6763	1850	147848
3171000	88	-6744	1932	148247
3181000	78	-6714	1722	148913
3191000	71	-6694	1583	149372
3201000	73	-6677	1628	149760
3211000	74	-6661	1678	150103
3221000	71	-6626	1625	150911
3231000	71	-6609	1629	151294
3241000	69	-6588	1583	151771
3251000	73	-6574	1685	152096
3261000	73	-6542	1700	152846
3271000	79	-6519	1857	153374
3281000	79	-6501	1876	153802
3291000	80	-6486	1898	154147
3301000	71	-6460	1708	154780
3311000	70	-6445	1685	155143
3321000	69	-6423	1675	155679
3331000	73	-6400	1773	156219
3341000	75	-6384	1845	156627
3351000	71	-6364	1757	157124
3361000	70	-6335	1744	157843
3371000	77	-6319	1926	158221
3381000	82	-6302	2066	158643
3391000	73	-6276	1853	159323
3401000	73	-6264	1872	159620
3411000	76	-6249	1955	159999
3421000	78	-6229	2021	160513
3431000	77	-6208	1998	161049
3441000	70	-6186	1823	161628
3451000	65	-6170	1699	162068
3461000	66	-6151	1737	162550
3471000	69	-6138	1828	162894
3481000	68	-6107	1834	163718
3491000	72	-6089	1950	164201
3501000	73	-6075	1970	164585
3511000	69	-6058	1890	165046
3521000	66	-6047	1818	165356
3531000	62	-6027	1701	165903
3541000	60	-6006	1656	166490
3551000	62	-5983	1740	167131
3561000	68	-5967	1907	167560
3571000	69	-5955	1956	167901
3581000	67	-5927	1909	168705
3591000	72	-5909	2068	169209
3601000	75	-5895	2148	169605
3611000	73	-5880	2121	170045
3621000	71	-5871	2059	170310
3631000	66	-5845	1919	171079
3641000	66	-5829	1955	171543
3651000	65	-5809	1917	172133
3661000	67	-5796	1982	172497
3671000	69	-5787	2052	172785
3681000	58	-5761	1745	173561
3691000	58	-5745	1748	174048
3701000	62	-5726	1894	174630
3711000	64	-5702	1983	175352
3721000	68	-5693	2084	175621
3731000	70	-5685	2172	175883
3741000	64	-5663	2005	176578
3751000	61	-5647	1898	177066
3761000	57	-5628	1797	177672
3771000	61	-5615	1947	178079
3781000	66	-5602	2116	178469
3791000	59	-5583	1905	179080
3801000	57	-5568	1846	179590
3811000	63	-5551	2040	180114
3821000	62	-5530	2041	180812
3831000	65	-5521	2129	181095
3841000	67	-5510	2200	181448
3851000	57	-5493	1900	182034
3861000	58	-5480	1943	182471
3871000	56	-5463	1892	183033
3881000	58	-5447	1941	183577
3891000	64	-5437	2158	183894
3901000	61	-5422	2090	184421
3911000	58	-5401	2005	185137
3921000	55	-5391	1895	185486
3931000	58	-5377	2003	185952
3941000	63	-5355	2213	186702
3951000	66	-5342	2319	187154
3961000	65	-5331	2296	187562
3971000	58	-5313	2068	188182
3981000	57	-5301	2013	188606
3991000	53	-5286	1905	189143
4001000	51	-5274	1829	189607
4011000	55	-5262	1991	190015
4021000	59	-5247	2159	190556
4031000	54	-5228	1978	191265
4041000	53	-5217	1946	191670
4051000	57	-5201	2112	192231
4061000	58	-5184	2173	192888
4071000	59	-5171	2194	193364
4081000	61	-5162	2304	193683
4091000	59	-5149	2208	194182
4101000	53	-5134	2026	194767
4111000	52	-5125	1998	195100
4121000	51	-5110	1937	195670
4131000	52	-5095	2007	196236
4141000	56	-5085	2184	196630
4151000	56	-5073	2185	197103
4161000	50	-5054	1955	197824
4171000	48	-5040	1889	198377
4181000	52	-5027	2048	198917
4191000	52	-5009	2090	199605
4201000	56	-4995	2238	200176
4211000	59	-4985	2372	200564
4221000	59	-4977	2393	200887
4231000	57	-4961	2300	201533
4241000	56	-4949	2277	202019
4251000	53	-4938	2166	202503
4261000	49	-4924	2032	203084
4271000	52	-4911	2162	203592
4281000	55	-4904	2299	203890
4291000	57	-4895	2377	204277
4301000	50	-4875	2110	205116
4311000	50	-4861	2126	205686
4321000	55	-4850	2347	206177
4331000	53	-4832	2249	206933
4341000	51	-4822	2205	207370
4351000	54	-4814	2342	207685
4361000	58	-4809	2498	207911
4371000	51	-4796	2198	208470
4381000	48	-4782	2115	209098
4391000	49	-4770	2144	209620
4401000	51	-4752	2253	210397
4411000	50	-4745	2222	210728
4421000	51	-4736	2260	211133
4431000	52	-4730	2311	211411
4441000	53	-4714	2403	212090
4451000	45	-4694	2046	213029
4461000	50	-4678	2296	213736
4471000	55	-4670	2524	214111
4481000	56	-4663	2589	214443
4491000	53	-4651	2460	214977
4501000	52	-4642	2427	215392
4511000	53	-4635	2467	215742
4521000	51	-4626	2371	216161
4531000	50	-4613	2336	216761
4541000	48	-4597	2289	217521
4551000	48	-4584	2276	218137
4561000	46	-4569	2225	218832
4571000	44	-4560	2131	219298
4581000	51	-4551	2474	219707
4591000	56	-4541	2704	220184
4601000	58	-4529	2815	220786
4611000	52	-4512	2552	221593
4621000	50	-4502	2478	222107
4631000	51	-4495	2518	222430
4641000	50	-4489	2490	222762
4651000	51	-4477	2556	223349
4661000	52	-4467	2628	223827
4671000	53	-4459	2686	224212
4681000	57	-4451	2858	224611
4691000	54	-4438	2717	225292
4701000	44	-4425	2267	225978
4711000	43	-4416	2215	226417
4721000	42	-4406	2148	226940
4731000	42	-4394	2152	227576
4741000	46	-4382	2421	228189
4751000	54	-4370	2843	228806
4761000	56	-4363	2946	229151
4771000	55	-4353	2918	229708
4781000	49	-4339	2625	230447
4791000	43	-4327	2294	231103
4801000	45	-4320	2386	231462
4811000	46	-4311	2472	231923
4821000	44	-4301	2398	232468
4831000	42	-4287	2262	233217
4841000	45	-4280	2451	233644
4851000	48	-4274	2627	233950
4861000	49	-4266	2695	234380
4871000	50	-4253	2771	235069
4881000	47	-4239	2619	235888
4891000	50	-4228	2801	236505
4901000	51	-4215	2873	237199
4911000	47	-4206	2636	237734
4921000	47	-4198	2683	238158
4931000	45	-4191	2580	238567
4941000	47	-4189	2655	238667
4951000	50	-4181	2838	239147
4961000	47	-4167	2701	239940
4971000	44	-4152	2564	240809
4981000	43	-4142	2495	241432
4991000	46	-4139	2665	241557
5001000	47	-4131	2768	242047
5011000	45	-4127	2649	242268
5021000	44	-4117	2584	242865
5031000	40	-4108	2374	243387
5041000	48	-4100	2832	243848
5051000	50	-4091	3015	244409
5061000	51	-4075	3092	245345
5071000	47	-4065	2857	245973
5081000	46	-4055	2822	246583
5091000	44	-4051	2687	246806
5101000	42	-4041	2573	247454
5111000	40	-4032	2445	247982
5121000	39	-4027	2414	248317
5131000	40	-4019	2482	248824
5141000	45	-4011	2818	249254
5151000	47	-4003	2950	249752
5161000	43	-3989	2725	250673
5171000	41	-3977	2574	251419
5181000	41	-3965	2603	252178
5191000	40	-3961	2520	252418
5201000	46	-3953	2940	252933
5211000	51	-3940	3275	253776
5221000	51	-3932	3324	254280
5231000	46	-3925	3015	254760
5241000	44	-3920	2835	255075
5251000	44	-3916	2856	255344
5261000	44	-3909	2859	255794
5271000	39	-3898	2594	256509
5281000	37	-3887	2452	257216
5291000	38	-3878	2507	257840
5301000	39	-3869	2601	258422
5311000	37	-3857	2468	259245
5321000	37	-3849	2493	259816
5331000	35	-3841	2369	260309
5341000	36	-3836	2461	260644
5351000	39	-3832	2636	260907
5361000	42	-3825	2863	261426
5371000	45	-3815	3082	262108
5381000	44	-3800	3063	263125
5391000	42	-3786	2906	264103
5401000	43	-3779	3019	264551
5411000	44	-3774	3071	264960
5421000	41	-3769	2921	265311
5431000	42	-3760	2951	265903
5441000	37	-3753	2621	266435
5451000	36	-3748	2538	266811
5461000	40	-3741	2829	267253
5471000	43	-3736	3079	267611
5481000	44	-3727	3145	268239
5491000	43	-3719	3112	268873
5501000	42	-3709	3051	269598
5511000	41	-3700	2959	270258
5521000	38	-3694	2817	270695
5531000	42	-3685	3056	271347
5541000	39	-3674	2899	272126
5551000	42	-3663	3093	272969
5561000	45	-3654	3345	273610
5571000	46	-3649	3448	273999
5581000	48	-3645	3597	274338
5591000	47	-3640	3519	274680
5601000	50	-3633	3806	275196
5611000	44	-3625	3383	275850
5621000	40	-3610	3050	276948
5631000	39	-3599	3024	277786
5641000	40	-3598	3088	277896
5651000	40	-3594	3106	278235
5661000	39	-3585	3045	278903
5671000	37	-3580	2914	279332
5681000	36	-3574	2781	279762
5691000	33	-3566	2593	280418
5701000	33	-3560	2619	280895
5711000	36	-3555	2883	281295
5721000	41	-3547	3277	281877
5731000	47	-3539	3727	282555
5741000	44	-3528	3531	283401
5751000	43	-3519	3441	284130
5761000	42	-3512	3372	284659
5771000	40	-3507	3238	285131
5781000	34	-3501	2794	285610
5791000	32	-3493	2663	286277
5801000	32	-3488	2624	286669
5811000	30	-3482	2473	287200
5821000	29	-3477	2383	287622
5831000	33	-3471	2735	288106
5841000	36	-3466	3033	288492
5851000	39	-3456	3234	289329
5861000	41	-3450	3448	289806
5871000	37	-3440	3125	290623
5881000	35	-3429	2986	291598
5891000	33	-3423	2801	292139
5901000	37	-3415	3141	292792
5911000	41	-3405	3499	293643
5921000	43	-3397	3682	294289
5931000	44	-3393	3819	294688
5941000	41	-3388	3548	295129
5951000	38	-3381	3308	295697
5961000	36	-3376	3122	296206
5971000	38	-3373	3380	296462
5981000	40	-3366	3533	297052
5991000	40	-3362	3564	297440
6001000	43	-3353	3864	298206
6011000	41	-3345	3623	298872
6021000	39	-3338	3484	299533
6031000	37	-3331	3335	300205
6041000	37	-3325	3371	300692
6051000	37	-3321	3362	301045
6061000	34	-3316	3102	301497
6071000	31	-3310	2841	302122
6081000	32	-3302	2940	302795
6091000	34	-3295	3140	303473
6101000	38	-3289	3487	304031
6111000	42	-3280	3936	304832
6121000	43	-3273	3981	305521
6131000	46	-3267	4293	306003
6141000	45	-3260	4225	306691
6151000	40	-3252	3822	307484
6161000	35	-3243	3349	308364
6171000	34	-3238	3237	308819
6181000	32	-3234	3077	309147
6191000	35	-3232	3353	309416
6201000	36	-3227	3420	309890
6211000	36	-3220	3504	310551
6221000	38	-3214	3709	311083
6231000	38	-3204	3711	312037
6241000	38	-3199	3680	312588
6251000	37	-3193	3656	313150
6261000	38	-3188	3736	313596
6271000	42	-3185	4132	313934
6281000	41	-3180	4022	314417
6291000	44	-3172	4398	315218
6301000	45	-3163	4449	316127
6311000	45	-3151	4510	317302
6321000	44	-3142	4415	318183
6331000	42	-3139	4257	318554
6341000	41	-3132	4160	319230
6351000	40	-3127	4052	319723
6361000	35	-3122	3616	320311
6371000	33	-3118	3418	320683
6381000	30	-3112	3145	321344
6391000	34	-3109	3465	321600
6401000	34	-3102	3509	322346
6411000	34	-3095	3564	323071
6421000	37	-3094	3829	323211
6431000	40	-3088	4221	323827
6441000	41	-3086	4259	324039
6451000	38	-3080	4010	324677
6461000	34	-3071	3654	325636
6471000	29	-3065	3034	326256
6481000	29	-3058	3131	326979
6491000	29	-3053	3067	327511
6501000	36	-3045	3846	328362
6511000	37	-3037	4028	329231
6521000	40	-3034	4342	329519
6531000	43	-3028	4713	330176
6541000	43	-3023	4706	330785
6551000	40	-3020	4347	331112
6561000	40	-3015	4415	331643
6571000	37	-3012	4097	331967
6581000	38	-3007	4175	332477
6591000	36	-3004	4022	332808
6601000	37	-3001	4140	333157
6611000	35	-2993	3889	334059
6621000	36	-2988	3983	334578
6631000	33	-2981	3757	335445
6641000	34	-2973	3867	336368
6651000	32	-2965	3610	337233
6661000	35	-2959	3972	337906
6671000	35	-2952	4024	338690
6681000	35	-2949	4039	339090
6691000	35	-2941	4100	339958
6701000	33	-2935	3841	340683
6711000	35	-2929	4030	341382
6721000	34	-2923	3994	342099
6731000	39	-2916	4530	342914
6741000	36	-2910	4301	343593
6751000	40	-2908	4739	343810
6761000	40	-2907	4766	343990
6771000	38	-2903	4534	344401
6781000	38	-2899	4523	344851
6791000	36	-2896	4287	345282
6801000	29	-2887	3425	346289
6811000	26	-2880	3128	347233
6821000	29	-2875	3457	347815
6831000	28	-2868	3464	348699
6841000	30	-2864	3684	349149
6851000	30	-2858	3640	349882
6861000	31	-2852	3809	350575
6871000	31	-2848	3818	351056
6881000	30	-2842	3666	351869
6891000	28	-2837	3448	352485
6901000	25	-2833	3150	352967
6911000	25	-2827	3146	353648
6921000	28	-2823	3477	354227
6931000	31	-2817	3939	354989
6941000	36	-2810	4555	355854
6951000	40	-2806	5021	356367
6961000	40	-2801	5073	357000
6971000	42	-2795	5389	357642
6981000	40	-2790	5130	358367
6991000	41	-2783	5261	359191
7001000	36	-2778	4690	359929
7011000	35	-2774	4612	360419
7021000	33	-2768	4287	361214
7031000	32	-2766	4158	361522
7041000	30	-2761	3987	362125
7051000	28	-2756	3740	362788
7061000	27	-2749	3569	363709
7071000	29	-2746	3843	364155
7081000	30	-2739	3942	365045
7091000	30	-2734	3949	365707
7101000	30	-2729	4055	366347
7111000	33	-2726	4436	366749
7121000	35	-2725	4737	366908
7131000	35	-2723	4677	367162
7141000	35	-2718	4673	367919
7151000	36	-2712	4943	368659
7161000	37	-2706	5102	369454
7171000	40	-2700	5504	370276
7181000	37	-2693	5158	371326
7191000	35	-2683	4818	372651
7201000	33	-2677	4625	373547
7211000	31	-2675	4299	373815
7221000	32	-2671	4547	374338
7231000	33	-2668	4645	374720
7241000	32	-2665	4477	375124
7251000	30	-2664	4160	375367
7261000	28	-2659	3975	376015
7271000	25	-2654	3483	376729
7281000	27	-2647	3827	377784
7291000	26	-2644	3671	378198
7301000	28	-2639	4014	378874
7311000	29	-2631	4249	380002
7321000	31	-2629	4457	380288
7331000	33	-2628	4807	380459
7341000	35	-2623	5154	381162
7351000	36	-2622	5234	381266
7361000	35	-2618	5137	381874
7371000	35	-2616	5068	382134
7381000	32	-2609	4750	383206
7391000	33	-2605	4848	383887
7401000	31	-2598	4613	384892
7411000	34	-2588	5075	386330
7421000	32	-2581	4786	387351
7431000	37	-2575	5559	388273
7441000	37	-2572	5624	388715
7451000	37	-2568	5611	389282
7461000	34	-2564	5168	389935
7471000	34	-2559	5229	390689
7481000	32	-2557	4834	390970
7491000	30	-2552	4604	391728
7501000	30	-2549	4564	392301
7511000	30	-2546	4614	392763
7521000	30	-2544	4681	392958
7531000	31	-2544	4789	393089
7541000	33	-2540	5072	393663
7551000	33	-2537	5122	394128
7561000	33	-2530	5186	395156
7571000	35	-2526	5454	395785
7581000	36	-2520	5631	396709
7591000	33	-2510	5263	398409
7601000	30	-2506	4851	399034
7611000	32	-2500	5165	399946
7621000	28	-2495	4497	400804
7631000	30	-2490	4791	401618
7641000	29	-2485	4640	402280
7651000	32	-2481	5146	402988
7661000	35	-2475	5673	403957
7671000	37	-2470	6003	404746
7681000	40	-2466	6567	405426
7691000	39	-2462	6487	406053
7701000	38	-2460	6215	406337
7711000	38	-2458	6248	406813
7721000	35	-2452	5865	407730
7731000	38	-2451	6271	407927
7741000	34	-2444	5643	409055
7751000	34	-2441	5679	409571
7761000	35	-2437	5851	410257
7771000	36	-2436	6001	410413
7781000	38	-2431	6493	411196
7791000	39	-2427	6700	411883
7801000	41	-2425	6910	412249
7811000	42	-2421	7116	412959
7821000	40	-2416	6826	413758
7831000	36	-2412	6216	414569
7841000	36	-2409	6242	415090
7851000	30	-2402	5250	416222
7861000	30	-2399	5247	416839
7871000	30	-2395	5161	417498
7881000	29	-2393	5046	417831
7891000	28	-2389	4946	418501
7901000	29	-2383	5158	419543
7911000	27	-2376	4774	420767
7921000	29	-2373	5145	421302
7931000	33	-2364	5867	422901
7941000	31	-2356	5594	424425
7951000	31	-2353	5649	424969
7961000	31	-2348	5640	425882
7971000	33	-2344	6026	426466
7981000	32	-2342	5904	426816
7991000	34	-2342	6177	426833
8001000	32	-2340	5846	427351
8011000	34	-2338	6256	427560
8021000	33	-2336	6045	428070
8031000	35	-2333	6513	428589
8041000	34	-2332	6251	428751
8051000	35	-2328	6465	429453
8061000	32	-2322	5994	430570
8071000	28	-2315	5225	431822
8081000	27	-2310	5027	432932
8091000	29	-2303	5391	434214
8101000	28	-2301	5365	434545
8111000	29	-2296	5483	435487
8121000	29	-2293	5487	436078
8131000	30	-2291	5773	436456
8141000	28	-2287	5289	437167
8151000	31	-2285	5904	437582
8161000	32	-2281	6073	438387
8171000	30	-2277	5874	439131
8181000	30	-2269	5752	440630
8191000	33	-2263	6393	441796
8201000	31	-2258	6098	442734
8211000	33	-2253	6516	443722
8221000	32	-2249	6345	444482
8231000	33	-2249	6579	444508
8241000	34	-2246	6651	445118
8251000	33	-2244	6488	445503
8261000	34	-2242	6787	445881
8271000	31	-2241	6266	446241
8281000	34	-2241	6713	446118
8291000	29	-2237	5770	446867
8301000	33	-2236	6593	447139
8311000	29	-2234	5708	447472
8321000	29	-2228	5884	448676
8331000	31	-2221	6262	450090
8341000	28	-2216	5664	451264
8351000	30	-2211	6112	452246
8361000	28	-2206	5789	453234
8371000	28	-2203	5852	453838
8381000	27	-2197	5657	455050
8391000	31	-2197	6352	455117
8401000	30	-2195	6188	455570
8411000	27	-2193	5637	455890
8421000	26	-2187	5416	457109
8431000	25	-2182	5271	458285
8441000	28	-2181	5927	458368
8451000	26	-2174	5493	459845
8461000	25	-2172	5331	460264
8471000	30	-2164	6355	462020
8481000	33	-2158	6996	463336
8491000	33	-2159	7085	463141
8501000	36	-2153	7693	464432
8511000	35	-2149	7539	465286
8521000	37	-2148	8048	465514
8531000	37	-2146	7977	465945
8541000	36	-2146	7869	465912
8551000	37	-2142	8064	466794
8561000	36	-2140	7871	467248
8571000	35	-2136	7672	468141
8581000	34	-2134	7554	468511
8591000	31	-2133	6734	468643
8601000	30	-2126	6724	470216
8611000	25	-2125	5639	470601
8621000	22	-2115	4950	472775
8631000	23	-2111	5157	473694
8641000	23	-2108	5168	474391
8651000	22	-2102	4968	475724
8661000	24	-2101	5474	476005
8671000	26	-2098	5914	476680
8681000	28	-2094	6388	477376
8691000	28	-2089	6396	478522
8701000	29	-2087	6716	479005
8711000	30	-2085	7001	479491
8721000	28	-2080	6494	480615
8731000	27	-2076	6246	481558
8741000	29	-2071	6735	482766
8751000	29	-2068	6840	483399
8761000	29	-2061	6781	485026
8771000	31	-2058	7255	485818
8781000	33	-2053	7769	487040
8791000	31	-2052	7412	487236
8801000	31	-2049	7407	487953
8811000	31	-2046	7395	488695
8821000	32	-2045	7689	488771
8831000	33	-2045	7868	488982
8841000	34	-2043	8092	489442
8851000	32	-2044	7736	489182
8861000	33	-2041	7808	489878
8871000	35	-2039	8375	490199
8881000	31	-2034	7593	491620
8891000	30	-2033	7147	491849
8901000	28	-2025	6857	493800
8911000	30	-2025	7288	493781
8921000	28	-2015	6903	496214
8931000	28	-2014	6880	496519
8941000	25	-2012	6179	496985
8951000	28	-2002	7096	499302
8961000	26	-1999	6418	500230
8971000	30	-1999	7430	500120
8981000	30	-1994	7441	501327
8991000	26	-1992	6511	502001
9001000	26	-1989	6536	502745
9011000	25	-1987	6289	503281
9021000	21	-1981	5437	504738
9031000	23	-1981	5817	504785
9041000	21	-1978	5320	505578
9051000	22	-1971	5666	507403
9061000	25	-1968	6535	508000
9071000	25	-1965	6599	508703
9081000	28	-1959	7360	510321
9091000	31	-1955	8021	511435
9101000	34	-1952	8790	512068
9111000	35	-1948	9096	513190
9121000	34	-1946	8901	513660
9131000	37	-1944	9662	514270
9141000	37	-1945	9736	514077
9151000	35	-1940	9254	515325
9161000	36	-1940	9631	515345
9171000	36	-1939	9670	515624
9181000	34	-1934	9086	516917
9191000	33	-1932	8911	517441
9201000	32	-1928	8619	518547
9211000	30	-1925	8060	519374
9221000	26	-1922	6938	520127
9231000	24	-1917	6610	521695
9241000	25	-1913	6756	522536
9251000	22	-1911	6131	523322
9261000	25	-1906	6856	524507
9271000	27	-1902	7596	525712
9281000	26	-1899	7093	526595
9291000	25	-1894	7044	527999
9301000	27	-1892	7631	528368
9311000	26	-1888	7318	529462
9321000	23	-1887	6571	529958
9331000	26	-1885	7212	530284
9341000	24	-1881	6863	531404
9351000	23	-1877	6527	532559
9361000	23	-1876	6611	532854
9371000	27	-1871	7703	534438
9381000	29	-1865	8191	535982
9391000	29	-1859	8438	537782
9401000	30	-1860	8610	537462
9411000	34	-1855	9806	539029
9421000	33	-1852	9486	539654
9431000	38	-1850	10961	540406
9441000	36	-1847	10407	541282
9451000	35	-1847	10238	541264
9461000	36	-1844	10501	541968
9471000	36	-1840	10753	543189
9481000	38	-1842	11208	542632
9491000	38	-1839	11283	543563
9501000	38	-1838	11296	543919
9511000	40	-1834	11930	544903
9521000	38	-1834	11370	545121
9531000	38	-1830	11389	546073
9541000	37	-1824	10971	547946
9551000	39	-1823	11604	548311
9561000	34	-1820	10116	549393
9571000	37	-1817	11131	550058
9581000	35	-1813	10688	551301
9591000	31	-1809	9326	552778
9601000	31	-1806	9355	553689
9611000	31	-1804	9392	554046
9621000	30	-1802	9098	554664
9631000	28	-1800	8733	555340
9641000	27	-1799	8495	555888
9651000	28	-1797	8608	556247
9661000	28	-1796	8627	556578
9671000	28	-1793	8627	557577
9681000	25	-1790	7956	558522
9691000	29	-1784	9149	560291
9701000	26	-1778	8077	562208
9711000	29	-1775	9358	563310
9721000	31	-1773	9764	563995
9731000	30	-1768	9743	565594
9741000	32	-1764	10371	566722
9751000	35	-1761	11296	567547
9761000	34	-1759	10928	568214
9771000	35	-1755	11238	569597
9781000	36	-1755	11664	569664
9791000	35	-1753	11286	570361
9801000	37	-1751	11991	570781
9811000	36	-1749	11784	571391
9821000	38	-1748	12484	571797
9831000	36	-1747	11861	572107
9841000	35	-1745	11517	572772
9851000	34	-1745	11286	572799
9861000	34	-1742	11189	573879
9871000	33	-1740	10848	574603
9881000	32	-1740	10630	574583
9891000	31	-1736	10341	575904
9901000	28	-1734	9291	576521
9911000	27	-1727	9098	578995
9921000	25	-1724	8333	580016
9931000	24	-1717	8166	582441
9941000	26	-1713	8839	583622
9951000	25	-1711	8403	584308
9961000	24	-1706	8382	586111
9971000	27	-1701	9372	587601
9981000	29	-1698	10052	588748
9991000	29	-1697	10071	589154
10001000	29	-1696	10082	589504
10011000	27	-1695	9357	589857
10021000	30	-1689	10640	591826
10031000	31	-1690	10703	591553
10041000	32	-1688	11103	592349
10051000	33	-1682	11812	594241
10061000	37	-1680	12967	595080
10071000	36	-1676	12883	596226
10081000	39	-1674	13944	597141
10091000	39	-1669	13887	598969
10101000	36	-1666	13121	600100
10111000	38	-1664	13857	600626
10121000	34	-1659	12225	602382
10131000	35	-1657	12646	603191
10141000	35	-1658	12798	602846
10151000	34	-1656	12424	603611
10161000	34	-1653	12427	604790
10171000	35	-1652	12847	604911
10181000	34	-1648	12340	606445
10191000	35	-1650	12832	605852
10201000	33	-1646	12347	607400
10211000	34	-1643	12428	608557
10221000	36	-1643	13351	608257
10231000	37	-1641	13649	609151
10241000	35	-1637	13110	610744
10251000	39	-1635	14632	611351
10261000	40	-1631	15000	612884
10271000	37	-1631	13875	612813
10281000	38	-1629	14292	613709
10291000	37	-1625	13860	615235
10301000	35	-1619	13291	617562
10311000	35	-1617	13296	618010
10321000	36	-1617	13831	618136
10331000	32	-1614	12138	619181
10341000	29	-1611	11240	620417
10351000	29	-1608	11174	621700
10361000	29	-1607	11239	622166
10371000	28	-1605	10945	622913
10381000	29	-1604	11410	623062
10391000	26	-1603	10127	623850
10401000	26	-1599	10036	625117
10411000	27	-1596	10771	626470
10421000	28	-1587	10967	629873
10431000	27	-1587	10549	629873
10441000	30	-1581	12018	632170
10451000	28	-1578	11254	633379
10461000	30	-1572	12288	636095
10471000	31	-1567	12624	637863
10481000	31	-1564	12591	639192
10491000	31	-1563	12661	639671
10501000	29	-1560	12092	640647
10511000	29	-1557	11928	642025
10521000	29	-1556	12029	642495
10531000	28	-1556	11746	642533
10541000	30	-1552	12506	643983
10551000	29	-1550	11976	644951
10561000	28	-1550	11559	644967
10571000	28	-1548	11888	645932
10581000	31	-1548	12865	645634
10591000	31	-1547	12834	646131
10601000	30	-1545	12437	647008
10611000	31	-1543	12892	647989
10621000	31	-1544	13028	647606
10631000	30	-1541	12574	648551
10641000	31	-1541	13066	648667
10651000	33	-1537	13795	650135
10661000	33	-1536	13768	650701
10671000	34	-1533	14504	652179
10681000	37	-1530	15846	653235
10691000	35	-1527	14974	654554
10701000	36	-1525	15378	655552
10711000	34	-1520	14810	657455
10721000	32	-1517	13825	658808
10731000	28	-1513	12368	660531
10741000	30	-1512	13263	661214
10751000	25	-1507	11223	663416
10761000	27	-1506	11680	663610
10771000	25	-1502	11177	665432
10781000	25	-1499	11079	666937
10791000	29	-1497	12910	667730
10801000	29	-1494	12893	669238
10811000	28	-1490	12765	670778
10821000	30	-1487	13549	672405
10831000	30	-1485	13448	672965
10841000	34	-1480	15626	675152
10851000	35	-1479	15790	675674
10861000	35	-1477	16176	676711
10871000	37	-1473	16987	678408
10881000	37	-1472	16969	679032
10891000	35	-1470	16426	680067
10901000	36	-1470	16542	679710
10911000	37	-1468	16934	680863
10921000	36	-1464	16813	682469
10931000	40	-1460	18794	684230
10941000	40	-1461	18943	683856
10951000	38	-1460	17951	684370
10961000	41	-1453	19330	687592
10971000	41	-1454	19380	687215
10981000	40	-1449	19131	689830
10991000	38	-1450	18200	689401
11001000	39	-1447	18723	690489
11011000	39	-1444	18743	692114
11021000	39	-1442	18697	692761
11031000	40	-1440	19122	693961
11041000	38	-1438	18531	695062
11051000	40	-1437	19151	695278
11061000	38	-1433	18467	697401
11071000	38	-1434	18542	697027
11081000	40	-1432	19605	697759
11091000	37	-1432	18194	697658
11101000	39	-1432	18800	697886
11111000	37	-1430	18257	698900
11121000	38	-1427	18692	700047
11131000	39	-1429	19293	699246
11141000	42	-1426	20776	700677
11151000	36	-1426	17632	700812
11161000	34	-1422	17019	702879
11171000	36	-1421	17612	703063
11181000	34	-1415	16723	706331
11191000	31	-1414	15616	706868
11201000	32	-1409	15996	709151
11211000	30	-1407	15365	710280
11221000	29	-1403	14606	712503
11231000	33	-1398	17057	715112
11241000	29	-1395	14855	716609
11251000	30	-1389	15650	719562
11261000	32	-1385	16592	721512
11271000	32	-1382	16492	723285
11281000	32	-1379	16948	724675
11291000	33	-1379	17494	724891
11301000	33	-1375	17313	726731
11311000	33	-1376	17502	726318
11321000	33	-1375	17607	726990
11331000	34	-1374	18151	727191
11341000	34	-1371	17951	729053
11351000	29	-1370	15653	729452
11361000	30	-1368	16185	730752
11371000	29	-1368	15615	730874
11381000	30	-1367	16170	731042
11391000	27	-1363	14273	733250
11401000	26	-1363	13798	733262
11411000	23	-1362	12580	733838
11421000	23	-1359	12427	735709
11431000	25	-1357	13567	736613
11441000	24	-1355	12865	737879
11451000	22	-1353	12081	739154
11461000	23	-1352	12666	739408
11471000	26	-1349	14506	740947
11481000	25	-1349	13943	741044
11491000	29	-1345	15999	743308
11501000	27	-1344	14727	743916
11511000	28	-1340	15628	746023
11521000	28	-1335	15973	748633
11531000	32	-1334	17826	749026
11541000	33	-1332	18368	750444
11551000	33	-1333	18605	749983
11561000	33	-1329	18443	751965
11571000	34	-1329	19035	752234
11581000	34	-1327	19019	753015
11591000	34	-1322	19351	755694
11601000	35	-1324	20139	754769
11611000	34	-1322	19330	756051
11621000	35	-1318	20407	758198
11631000	37	-1318	21190	758364
11641000	37	-1311	21402	762370
11651000	37	-1308	21852	763845
11661000	37	-1305	21648	765909
11671000	37	-1303	21621	766694
11681000	36	-1298	21271	770084
11691000	36	-1293	21569	772917
11701000	34	-1292	20291	773575
11711000	32	-1287	19428	776242
11721000	29	-1288	17568	776168
11731000	27	-1283	16684	778884
11741000	27	-1282	16582	779716
11751000	26	-1280	15737	781118
11761000	26	-1278	15618	781979
11771000	23	-1277	14332	782661
11781000	25	-1277	15105	782941
11791000	27	-1275	16347	784016
11801000	25	-1276	15055	783408
11811000	23	-1274	14221	784872
11821000	23	-1274	14307	784449
11831000	24	-1272	14765	786056
11841000	23	-1268	14507	788271
11851000	23	-1267	14478	789185
11861000	25	-1268	15487	788148
11871000	25	-1264	15773	791081
11881000	24	-1261	14931	792484
11891000	26	-1260	16245	793549
11901000	25	-1260	15563	793647
11911000	29	-1252	18366	798444
11921000	26	-1251	16895	799162
11931000	27	-1251	17212	798696
11941000	27	-1247	17565	801804
11951000	27	-1245	17436	802745
11961000	26	-1243	16598	804270
11971000	25	-1243	15960	804436
11981000	24	-1239	15661	806798
11991000	23	-1235	15297	809150
12001000	24	-1235	16007	809515
12011000	24	-1233	16046	810460
12021000	24	-1232	15962	811432
12031000	24	-1230	15869	812372
12041000	21	-1225	13943	815933
12051000	22	-1228	14290	814096
12061000	24	-1223	15952	817579
12071000	23	-1223	15321	817673
12081000	23	-1221	15215	818597
12091000	27	-1219	18128	820038
12101000	28	-1213	19028	824233
12111000	32	-1210	21863	825551
12121000	31	-1210	21185	825687
12131000	32	-1208	21719	827521
12141000	32	-1210	21963	825586
12151000	36	-1201	24921	832234
12161000	35	-1200	24245	832362
12171000	38	-1197	26348	834380
12181000	39	-1195	26964	836232
12191000	40	-1194	27778	836597
12201000	39	-1193	27643	837630
12211000	39	-1193	27676	837135
12221000	40	-1190	28235	839048
12231000	38	-1186	27222	842326
12241000	39	-1187	27400	841826
12251000	36	-1186	25716	842623
12261000	38	-1184	27151	843925
12271000	37	-1181	26179	845657
12281000	34	-1178	24272	848081
12291000	36	-1178	25936	847795
12301000	31	-1176	22459	850067
12311000	30	-1175	21780	850272
12321000	33	-1174	24245	850901
12331000	27	-1171	19785	853768
12341000	27	-1167	19484	856475
12351000	28	-1166	20317	856890
12361000	27	-1165	20072	857992
12371000	28	-1164	20840	858433
12381000	28	-1161	20495	861111
12391000	27	-1160	19819	861320
12401000	28	-1156	21041	864248
12411000	27	-1154	19987	866043
12421000	28	-1154	20796	866426
12431000	29	-1149	22096	869459
12441000	24	-1150	17869	869095
12451000	33	-1142	25616	874869
12461000	26	-1140	20257	876958
12471000	27	-1139	21122	877409
12481000	29	-1141	22203	876190
12491000	28	-1135	21570	880810
12501000	26	-1136	19980	880035
12511000	24	-1133	18798	881943
12521000	25	-1131	19353	884123
12531000	24	-1130	18456	884293
12541000	22	-1128	17420	886158
12551000	22	-1124	17016	889127
12561000	25	-1123	19583	889883
12571000	24	-1119	19168	892849
12581000	28	-1115	22312	896363
12591000	20	-1122	15882	891232
12601000	27	-1108	22367	901662
12611000	26	-1108	21548	901902
12621000	28	-1106	23181	903433
12631000	30	-1104	24843	904983
12641000	31	-1098	26043	910163
12651000	31	-1102	25635	906824
12661000	32	-1099	26205	909113
12671000	30	-1097	24944	911182
12681000	32	-1098	26219	909877
12691000	32	-1095	26895	912205
12701000	32	-1094	26683	913487
12711000	33	-1095	27791	912170
12721000	32	-1093	26591	914246
12731000	32	-1091	26493	915539
12741000	33	-1093	27575	914200
12751000	34	-1092	28440	914681
12761000	29	-1087	24131	919143
12771000	33	-1090	27569	916270
12781000	31	-1088	26345	918403
12791000	34	-1090	28539	916229
12801000	35	-1087	29156	918654
12811000	33	-1087	28171	918875
12821000	30	-1084	25921	921796
12831000	34	-1085	28992	920707
12841000	31	-1080	26381	925541
12851000	39	-1082	33557	923110
12861000	32	-1080	27348	925513
12871000	34	-1078	29062	927133
12881000	33	-1074	28617	930419
12891000	34	-1071	29242	932901
12901000	35	-1070	30169	933488
12911000	29	-1063	25286	940177
12921000	29	-1060	25898	942721
12931000	29	-1058	25770	944177
12941000	30	-1058	26760	944763
12951000	24	-1053	21864	949552
12961000	24	-1051	21579	950931
12971000	25	-1050	22518	951580
12981000	22	-1047	20048	954772
12991000	24	-1045	21858	956459
13001000	22	-1046	19857	955496
13011000	22	-1043	20432	958112
13021000	23	-1043	21355	958725
13031000	23	-1041	21105	960147
13041000	22	-1037	20506	963703
13051000	24	-1039	21854	962255
13061000	25	-1038	22989	962927
13071000	23	-1035	21507	965324
13081000	23	-1034	21224	966817
13091000	26	-1036	23865	964558
13101000	27	-1032	25309	968516
13111000	28	-1031	26269	969165
13121000	32	-1025	30751	974683
13131000	30	-1024	28512	975917
13141000	31	-1019	30127	980007
13151000	35	-1017	34132	982194
13161000	33	-1016	31720	983419
13171000	36	-1012	34648	986596
13181000	37	-1008	36257	990701
13191000	34	-1010	33180	988503
13201000	38	-1008	37342	990702
13211000	36	-1005	35846	993243
13221000	38	-1003	37908	995224
13231000	36	-1002	35481	996553
13241000	36	-1003	35592	995988
13251000	35	-999	34950	999829
13261000	34	-1001	34079	997960
13271000	34	-1001	34324	997451
13281000	36	-997	35880	1001620
13291000	34	-995	34343	1004210
13301000	33	-994	33060	1004589
13311000	30	-993	30485	1005878
13321000	31	-992	31515	1006583
13331000	28	-989	28596	1010094
13341000	28	-990	28699	1009449
13351000	29	-987	29420	1012559
13361000	28	-987	28254	1012885
13371000	28	-987	28297	1012267
13381000	26	-985	26670	1014930
13391000	24	-982	25020	1017652
13401000	27	-981	28407	1018771
13411000	27	-981	28434	1018142
13421000	29	-979	30538	1020300
13431000	29	-977	30366	1022116
13441000	29	-976	30030	1023876
13451000	29	-976	30094	1023190
13461000	29	-974	30715	1026281
13471000	33	-969	34827	1031270
13481000	33	-966	35514	1034459
13491000	33	-966	35565	1033743
13501000	34	-963	36352	1037012
13511000	35	-962	37502	1037809
13521000	40	-958	43186	1041857
13531000	37	-961	39810	1039443
13541000	37	-955	40113	1045093
13551000	39	-955	42646	1044836
13561000	38	-955	41250	1045299
13571000	36	-953	39618	1048258
13581000	38	-953	42203	1048008
13591000	37	-949	41467	1052391
13601000	38	-948	42654	1053279
13611000	38	-946	42346	1055182
13621000	37	-945	41958	1057031
13631000	44	-941	49278	1060046
13641000	39	-946	43607	1054779
13651000	42	-937	47384	1065067
13661000	38	-934	43953	1069231
13671000	39	-931	44770	1072658
13681000	40	-924	46321	1080346
13691000	41	-923	47454	1081244
13701000	40	-921	47111	1083202
13711000	38	-919	45205	1086240
13721000	39	-918	46537	1087253
13731000	38	-914	45794	1092078
13741000	35	-914	41517	1092123
13751000	36	-906	44195	1101607
13761000	33	-909	40372	1098962
13771000	36	-907	44266	1100406
13781000	33	-904	40681	1104711
13791000	34	-909	41615	1098412
13801000	36	-905	43611	1103766
13811000	36	-905	43688	1103138
13821000	38	-901	47288	1107314
13831000	32	-900	39643	1109720
13841000	31	-900	38038	1110194
13851000	34	-901	42474	1108803
13861000	32	-896	40010	1115026
13871000	30	-897	37191	1113795
13881000	30	-894	37963	1117644
13891000	32	-895	39662	1115783
13901000	31	-891	38721	1120835
13911000	29	-891	37106	1121306
13921000	31	-889	39493	1123991
13931000	33	-892	41768	1119281
13941000	31	-884	39861	1130264
13951000	22	-881	28344	1134903
13961000	30	-880	38975	1134573
13971000	29	-876	37938	1139832
13981000	26	-879	33833	1136881
13991000	29	-872	38190	1146123
14001000	25	-872	33451	1145999
14011000	29	-870	37767	1147704
14021000	30	-869	39115	1148978
14031000	28	-867	36786	1152447
14041000	29	-865	39314	1155276
14051000	28	-864	37521	1155804
14061000	28	-865	37576	1155139
14071000	27	-864	35783	1155637
14081000	27	-861	36493	1159810
14091000	27	-860	36023	1162313
14101000	26	-858	35481	1164765
14111000	27	-857	36807	1165934
14121000	23	-857	31877	1165798
14131000	29	-855	39448	1168044
14141000	27	-856	36302	1166744
14151000	26	-855	35711	1169100
14161000	24	-852	33296	1172736
14171000	24	-852	33463	1172088
14181000	25	-848	35354	1178289
14191000	25	-850	34088	1175687
14201000	23	-850	32280	1176111
14211000	25	-847	34871	1179123
14221000	26	-846	36175	1180344
14231000	29	-841	41438	1187304
14241000	29	-839	40921	1189819
14251000	30	-839	42312	1191051
14261000	32	-838	45585	1190954
14271000	32	-829	46539	1204196
14281000	30	-830	43233	1202735
14291000	34	-827	49313	1206487
14301000	36	-825	52093	1209609
14311000	36	-822	52984	1214428
14321000	37	-821	54445	1215712
14331000	37	-818	55309	1220274
14341000	38	-817	56736	1221504
14351000	39	-816	58162	1222939
14361000	45	-822	66630	1212918
14371000	38	-812	57021	1228219
14381000	39	-812	58451	1229430
14391000	40	-809	61404	1232926
14401000	40	-807	60810	1235805
14411000	33	-806	51150	1238866
14421000	39	-810	59354	1232261
14431000	39	-806	60194	1237061
14441000	38	-806	58054	1237823
14451000	38	-803	59027	1242762
14461000	45	-808	69419	1234277
14471000	39	-803	60530	1243140
14481000	35	-803	54737	1243271
14491000	35	-801	54146	1246064
14501000	36	-800	55626	1247354
14511000	34	-798	52800	1251685
14521000	38	-800	59143	1246426
14531000	37	-796	57871	1252928
14541000	35	-794	55083	1257273
14551000	33	-793	52908	1258045
14561000	36	-793	56535	1257967
14571000	34	-791	53651	1262424
14581000	29	-787	46280	1269747
14591000	30	-784	49253	1273373
14601000	27	-781	44020	1279551
14611000	28	-780	45436	1281237
14621000	29	-777	48526	1284838
14631000	27	-775	45447	1289299
14641000	27	-775	45393	1288425
14651000	23	-769	39155	1298608
14661000	25	-769	42951	1298447
14671000	23	-767	39803	1302996
14681000	25	-764	42792	1307234
14691000	24	-762	41935	1310432
14701000	28	-763	48333	1308790
14711000	26	-760	45179	1313443
14721000	24	-754	42569	1324836
14731000	25	-759	44176	1315807
14741000	26	-758	45862	1317325
14751000	26	-753	45723	1326884
14761000	24	-754	41633	1325558
14771000	26	-753	45622	1325585
14781000	28	-751	48858	1329641
14791000	26	-747	47272	1336910
14801000	31	-740	55671	1348622
14811000	27	-743	49576	1344390
14821000	28	-738	52095	1352731
14831000	31	-738	56361	1352634
14841000	28	-739	52028	1351049
14851000	23	-742	41850	1345967
14861000	29	-732	53497	1363269
14871000	32	-735	58646	1358724
14881000	32	-731	59485	1364670
14891000	33	-727	62083	1373357
14901000	33	-729	62702	1368270
14911000	35	-723	67282	1379745
14921000	38	-721	73573	1382225
14931000	37	-729	68622	1369166
14941000	36	-719	69695	1387154
14951000	36	-716	70764	1393345
14961000	34	-717	66189	1391358
14971000	36	-717	70574	1391214
14981000	34	-714	66880	1396791
14991000	34	-715	66805	1395941
15001000	37	-715	71389	1395813
15011000	33	-715	63929	1396093
15021000	32	-713	62814	1399920
15031000	34	-713	67436	1399692
15041000	34	-711	66389	1403279
15051000	33	-709	65466	1406898
15061000	32	-711	63299	1403663
15071000	32	-711	63269	1402676
15081000	30	-709	59580	1408014
15091000	32	-706	63120	1412791
15101000	33	-708	65624	1410346
15111000	32	-703	63658	1418719
15121000	34	-703	68458	1418444
15131000	33	-702	67502	1422159
15141000	32	-701	64328	1423471
15151000	33	-696	67146	1433016
15161000	32	-698	65116	1428991
15171000	34	-698	69795	1429028
15181000	30	-692	61844	1441769
15191000	34	-689	70434	1447714
15201000	31	-690	65484	1445752
15211000	32	-689	67362	1447718
15221000	31	-683	67029	1459995
15231000	35	-680	75877	1465777
15241000	34	-684	71773	1458757
15251000	34	-681	72851	1465761
15261000	31	-682	67469	1463949
15271000	31	-678	68044	1471342
15281000	34	-678	73098	1471315
15291000	31	-677	67079	1474270
15301000	32	-676	68895	1476487
15311000	31	-674	67628	1480864
15321000	29	-673	64297	1482082
15331000	32	-673	69507	1481942
15341000	28	-674	61069	1481736
15351000	30	-670	66890	1490527
15361000	31	-672	67580	1484509
15371000	29	-670	63493	1490658
15381000	29	-670	63586	1489539
15391000	27	-666	61170	1498940
15401000	31	-670	67983	1488831
15411000	29	-668	63842	1494925
15421000	29	-668	63738	1493843
15431000	27	-668	60027	1495544
15441000	29	-663	65782	1504448
15451000	29	-664	65798	1503249
15461000	30	-663	68004	1505328
15471000	28	-659	65391	1515118
15481000	28	-659	65204	1514091
15491000	33	-655	77020	1523915
15501000	29	-655	68207	1523673
15511000	33	-652	77875	1530778
15521000	34	-650	79519	1533454
15531000	35	-645	82740	1544775
15541000	37	-642	89737	1553630
15551000	37	-642	89678	1552521
15561000	35	-641	85733	1554147
15571000	36	-644	86647	1547262
15581000	38	-634	93877	1571396
15591000	39	-637	94679	1564387
15601000	41	-633	101244	1574350
15611000	40	-631	99674	1579581
15621000	39	-629	98781	1584113
15631000	42	-631	105643	1578082
15641000	38	-627	97185	1587758
15651000	34	-632	85989	1578331
15661000	38	-628	96631	1585416
15671000	39	-627	98933	1587896
15681000	41	-623	105846	1598072
15691000	40	-625	102952	1593289
15701000	37	-624	95536	1597016
15711000	38	-623	97953	1599270
15721000	34	-623	87654	1599734
15731000	40	-623	103161	1598687
15741000	37	-622	95637	1602548
15751000	36	-620	94332	1607628
15761000	39	-622	101107	1601823
15771000	35	-618	91966	1612405
15781000	34	-616	90413	1617346
15791000	33	-616	86979	1618436
15801000	32	-614	85890	1623474
15811000	34	-615	89136	1619830
15821000	32	-615	85085	1621422
15831000	29	-610	78590	1635482
15841000	31	-611	82317	1631847
15851000	35	-612	92066	1629615
15861000	30	-610	79650	1636379
15871000	23	-605	62728	1651176
15881000	28	-604	75738	1652709
15891000	30	-603	81713	1653054
15901000	27	-601	75766	1661309
15911000	29	-602	79562	1657418
15921000	27	-599	73842	1665388
15931000	32	-597	88964	1671585
15941000	27	-594	75947	1678846
15951000	28	-593	78608	1681456
15961000	30	-589	86729	1692473
15971000	28	-587	80808	1700615
15981000	27	-585	78233	1707117
15991000	31	-581	90184	1716180
16001000	29	-581	86403	1717401
16011000	24	-579	72735	1724243
16021000	29	-578	85943	1726941
16031000	28	-576	84278	1732709
16041000	29	-571	88434	1747382
16051000	28	-577	84338	1729614
16061000	29	-574	89103	1737891
16071000	26	-573	79484	1742458
16081000	28	-569	87789	1754602
16091000	27	-568	82899	1756230
16101000	30	-566	92398	1761587
16111000	31	-567	96100	1757685
16121000	31	-564	97446	1768063
16131000	28	-563	88630	1772135
16141000	29	-562	90751	1776186
16151000	28	-563	87164	1770338
16161000	29	-558	91578	1785914
16171000	31	-558	99122	1786311
16181000	31	-551	101256	1810502
16191000	30	-551	100028	1809217
16201000	31	-546	104999	1825370
16211000	32	-547	105264	1823608
16221000	34	-546	112245	1824448
16231000	32	-542	108418	1839777
16241000	30	-541	102773	1841689
16251000	30	-538	104161	1853923
16261000	32	-541	110343	1841250
16271000	31	-539	107653	1847836
16281000	30	-535	103804	1863348
16291000	32	-536	109474	1858180
16301000	33	-534	115825	1866952
16311000	30	-532	104484	1873279
16321000	30	-531	107156	1876827
16331000	28	-536	97235	1859364
16341000	28	-529	99840	1885077
16351000	26	-529	93541	1887091
16361000	30	-533	105185	1871045
16371000	24	-526	85201	1896203
16381000	32	-530	111711	1878832
16391000	23	-527	84183	1894208
16401000	24	-526	86585	1898663
16411000	25	-524	89985	1902602
16421000	24	-526	87063	1896103
16431000	25	-525	89169	1900253
16441000	24	-525	86924	1899845
16451000	21	-524	76090	1905244
16461000	21	-521	78614	1916921
16471000	22	-520	81257	1921158
16481000	21	-522	77105	1914357
16491000	21	-518	77846	1927257
16501000	20	-516	75269	1934214
16511000	20	-517	74667	1932754
16521000	17	-515	62119	1938330
16531000	19	-513	73728	1945306
16541000	17	-511	66328	1955355
16551000	18	-514	68820	1944714
16561000	19	-508	71855	1965070
16571000	20	-509	77208	1960254
16581000	21	-504	81267	1980186
16591000	21	-500	83235	1994766
16601000	19	-500	75224	1996977
16611000	21	-500	83791	1997900
16621000	21	-498	82865	2006126
16631000	19	-497	77661	2008071
16641000	19	-493	77016	2023559
16651000	19	-492	79313	2028678
16661000	20	-491	83260	2033178
16671000	20	-491	83550	2031351
16681000	25	-490	102585	2035375
16691000	23	-490	94595	2037963
16701000	23	-486	96184	2052753
16711000	21	-486	90414	2054639
16721000	22	-484	93349	2060153
16731000	20	-484	85100	2063427
16741000	14	-489	56927	2043565
16751000	16	-477	68953	2095981
16761000	23	-482	96748	2068662
16771000	21	-480	90359	2079943
