f/Hz	Re{Y}/µS	Im{Y}/µS	Re{Z}/mOhm	Im{Z}/mOhm
1000	3092652	-307151	320	32
11000	1975534	-1273433	358	231
21000	1121594	-1358977	361	438
31000	646058	-1184371	355	651
41000	414873	-984925	363	862
51000	289902	-833148	373	1071
61000	208605	-726150	365	1272
71000	158353	-635989	369	1481
81000	121524	-564304	365	1694
91000	100479	-506291	377	1900
101000	80397	-459337	370	2112
111000	68838	-420285	380	2317
121000	57604	-386689	377	2530
131000	50058	-358855	381	2733
141000	43593	-334396	383	2940
151000	37399	-313294	376	3147
161000	33460	-294042	382	3357
171000	29563	-277350	380	3565
181000	27057	-262992	387	3763
191000	24103	-248483	387	3987
201000	22065	-236438	391	4193
211000	20002	-225617	390	4398
221000	18386	-215953	391	4597
231000	16831	-206415	392	4813
241000	15588	-197711	396	5027
251000	14828	-189899	409	5234
261000	13458	-183149	399	5431
271000	12468	-176314	399	5643
281000	11710	-170265	402	5846
291000	11101	-164344	409	6057
301000	10514	-158823	415	6269
311000	9650	-153985	405	6469
321000	9222	-149178	413	6678
331000	8731	-144558	416	6892
341000	8419	-140401	426	7097
351000	7928	-136359	425	7309
361000	7488	-132703	424	7512
371000	7138	-129284	426	7711
381000	6840	-125719	431	7931
391000	6557	-122666	435	8129
401000	6193	-119620	432	8337
411000	6032	-116762	441	8542
421000	5756	-113844	443	8762
431000	5538	-111304	446	8962
441000	5246	-108845	442	9166
451000	5024	-106442	442	9374
461000	4928	-104228	453	9573
471000	4682	-101868	450	9796
481000	4484	-99842	449	9996
491000	4331	-97840	452	10201
501000	4287	-95876	465	10409
511000	4082	-94035	461	10614
521000	3938	-92180	463	10829
531000	3808	-90463	464	11035
541000	3709	-88740	470	11249
551000	3592	-87242	471	11443
561000	3493	-85694	475	11650
571000	3388	-84234	477	11852
581000	3304	-82801	481	12058
591000	3234	-81362	488	12271
601000	3128	-80007	488	12480
611000	3028	-78690	488	12689
621000	2931	-77474	488	12889
631000	2855	-76244	490	13098
641000	2753	-75108	487	13296
651000	2734	-73951	499	13504
661000	2642	-72874	497	13704
671000	2621	-71754	508	13918
681000	2494	-70733	498	14120
691000	2436	-69690	501	14332
701000	2383	-68706	504	14537
711000	2357	-67751	513	14742
721000	2285	-66831	511	14946
731000	2229	-65906	513	15156
741000	2191	-65021	518	15362
751000	2174	-64170	527	15566
761000	2105	-63338	524	15771
771000	2052	-62511	525	15980
781000	1988	-61738	521	16181
791000	1974	-60966	531	16386
801000	1949	-60184	538	16598
811000	1898	-59442	537	16806
821000	1883	-58735	545	17008
831000	1826	-57998	542	17225
841000	1810	-57333	550	17424
851000	1764	-56687	548	17624
861000	1723	-56014	549	17836
871000	1699	-55361	554	18046
881000	1649	-54765	549	18243
891000	1609	-54127	549	18459
901000	1613	-53532	562	18664
911000	1573	-52948	560	18870
921000	1543	-52405	561	19065
931000	1511	-51839	562	19274
941000	1510	-51308	573	19473
951000	1478	-50724	574	19698
961000	1455	-50216	576	19897
971000	1438	-49715	582	20098
981000	1403	-49191	579	20313
991000	1366	-48738	574	20502
1001000	1371	-48228	589	20718
1011000	1337	-47750	586	20926
1021000	1310	-47296	585	21127
1031000	1304	-46850	594	21328
1041000	1256	-46357	584	21556
1051000	1239	-45964	586	21740
1061000	1228	-45520	592	21952
1071000	1234	-45107	606	22153
1081000	1209	-44670	605	22370
1091000	1177	-44287	599	22564
1101000	1132	-43889	587	22770
1111000	1139	-43477	602	22985
1121000	1144	-43088	616	23192
1131000	1113	-42743	609	23380
1141000	1106	-42355	616	23594
1151000	1073	-41993	608	23798
1161000	1066	-41646	614	23996
1171000	1060	-41246	623	24229
1181000	1053	-40930	628	24416
1191000	1016	-40570	617	24633
1201000	1008	-40263	621	24821
1211000	1002	-39907	629	25042
1221000	979	-39586	624	25246
1231000	987	-39278	639	25444
1241000	966	-38952	636	25657
1251000	971	-38662	649	25849
1261000	932	-38350	633	26060
1271000	940	-38037	649	26274
1281000	913	-37731	641	26488
1291000	902	-37435	643	26697
1301000	892	-37172	645	26887
1311000	887	-36876	652	27102
1321000	872	-36611	650	27299
1331000	878	-36323	665	27515
1341000	871	-36078	669	27701
1351000	850	-35799	663	27918
1361000	844	-35539	668	28122
1371000	813	-35272	653	28336
1381000	822	-35014	670	28545
1391000	810	-34770	670	28745
1401000	803	-34532	673	28943
1411000	802	-34274	683	29160
1421000	776	-34047	669	29356
1431000	772	-33808	675	29563
1441000	768	-33565	682	29777
1451000	769	-33336	691	29982
1461000	763	-33115	695	30182
1471000	743	-32883	687	30395
1481000	728	-32669	681	30595
1491000	719	-32448	682	30803
1501000	718	-32235	690	31007
1511000	720	-32026	702	31208
1521000	715	-31820	706	31411
1531000	698	-31620	698	31610
1541000	695	-31412	704	31819
1551000	677	-31200	695	32036
1561000	670	-30999	697	32245
1571000	674	-30801	710	32451
1581000	675	-30608	720	32655
1591000	664	-30431	717	32846
1601000	654	-30232	716	33062
1611000	636	-30064	703	33248
1621000	637	-29866	714	33468
1631000	638	-29685	723	33672
1641000	620	-29501	712	33882
1651000	619	-29314	721	34098
1661000	607	-29131	715	34313
1671000	614	-28965	731	34509
1681000	599	-28803	722	34704
1691000	601	-28632	733	34911
1701000	605	-28481	745	35095
1711000	606	-28292	757	35330
1721000	574	-28130	725	35535
1731000	582	-27961	744	35748
1741000	572	-27805	739	35950
1751000	580	-27649	758	36151
1761000	578	-27493	765	36357
1771000	557	-27352	744	36545
1781000	557	-27187	753	36767
1791000	567	-27022	776	36990
1801000	549	-26875	759	37194
1811000	530	-26735	741	37390
1821000	543	-26589	768	37594
1831000	533	-26433	762	37817
1841000	539	-26303	779	38003
1851000	520	-26159	760	38212
1861000	517	-26015	763	38424
1871000	512	-25864	765	38648
1881000	511	-25740	771	38835
1891000	514	-25605	783	39039
1901000	501	-25472	772	39243
1911000	508	-25349	791	39433
1921000	495	-25209	779	39653
1931000	499	-25088	793	39844
1941000	497	-24942	798	40076
1951000	494	-24808	802	40293
1961000	482	-24680	792	40503
1971000	473	-24560	784	40701
1981000	480	-24455	803	40876
1991000	482	-24314	815	41113
2001000	462	-24203	788	41302
2011000	462	-24071	797	41528
2021000	465	-23957	810	41726
2031000	450	-23845	792	41922
2041000	457	-23719	812	42145
2051000	445	-23608	799	42343
2061000	449	-23490	813	42556
2071000	452	-23369	827	42776
2081000	444	-23262	820	42972
2091000	435	-23158	812	43167
2101000	433	-23041	816	43385
2111000	436	-22938	829	43581
2121000	435	-22823	835	43800
2131000	429	-22723	832	43993
2141000	427	-22613	835	44207
2151000	416	-22504	822	44421
2161000	427	-22408	851	44611
2171000	424	-22296	852	44835
2181000	419	-22194	851	45040
2191000	414	-22095	847	45242
2201000	396	-21986	820	45469
2211000	405	-21899	844	45648
2221000	402	-21790	846	45877
2231000	399	-21703	846	46061
2241000	394	-21593	844	46295
2251000	395	-21510	853	46475
2261000	393	-21405	858	46703
2271000	386	-21317	848	46897
2281000	378	-21209	841	47134
2291000	388	-21124	870	47323
2301000	381	-21030	861	47535
2311000	374	-20941	852	47738
2321000	385	-20864	884	47913
2331000	374	-20765	866	48142
2341000	379	-20674	886	48354
2351000	365	-20586	861	48562
2361000	376	-20504	893	48755
2371000	369	-20405	885	48991
2381000	360	-20324	871	49187
2391000	358	-20239	874	49395
2401000	369	-20157	908	49595
2411000	355	-20075	882	49799
2421000	353	-19982	884	50030
2431000	348	-19914	878	50201
2441000	357	-19821	907	50434
2451000	352	-19733	903	50659
2461000	351	-19663	907	50840
2471000	342	-19587	890	51039
2481000	349	-19497	918	51274
2491000	346	-19428	915	51456
2501000	331	-19342	884	51686
2511000	337	-19260	909	51906
2521000	331	-19205	898	52055
2531000	331	-19112	907	52309
2541000	336	-19032	928	52528
2551000	329	-18972	914	52692
2561000	325	-18884	910	52940
2571000	322	-18809	910	53150
2581000	324	-18754	922	53305
2591000	327	-18673	939	53537
2601000	323	-18598	933	53753
2611000	310	-18522	903	53974
2621000	316	-18449	929	54187
2631000	313	-18386	927	54374
2641000	308	-18314	918	54587
2651000	317	-18242	954	54803
2661000	317	-18179	957	54990
2671000	311	-18112	947	55196
2681000	313	-18042	960	55409
2691000	310	-17967	961	55641
2701000	308	-17902	960	55844
2711000	310	-17840	974	56038
2721000	306	-17764	969	56277
2731000	298	-17698	952	56488
2741000	296	-17632	952	56700
2751000	300	-17567	971	56908
2761000	295	-17508	961	57099
2771000	294	-17443	965	57314
2781000	294	-17381	971	57519
2791000	297	-17312	992	57747
2801000	290	-17246	974	57966
2811000	289	-17192	976	58149
2821000	287	-17122	978	58387
2831000	283	-17069	973	58571
2841000	280	-17017	966	58750
2851000	275	-16949	957	58986
2861000	280	-16889	980	59194
2871000	280	-16826	990	59414
2881000	283	-16771	1005	59611
2891000	281	-16710	1004	59828
2901000	274	-16661	987	60005
2911000	275	-16608	997	60196
2921000	274	-16547	1000	60417
2931000	272	-16484	999	60647
2941000	271	-16422	1004	60879
2951000	272	-16375	1014	61051
2961000	275	-16312	1035	61285
2971000	274	-16261	1036	61480
2981000	272	-16199	1036	61713
2991000	274	-16152	1051	61895
3001000	274	-16091	1057	62127
3011000	264	-16048	1026	62297
3021000	261	-15990	1022	62522
3031000	265	-15939	1042	62720
3041000	259	-15873	1027	62982
3051000	260	-15826	1036	63169
3061000	257	-15782	1032	63348
3071000	258	-15727	1041	63566
3081000	248	-15671	1011	63797
3091000	255	-15618	1047	64012
3101000	253	-15571	1042	64206
3111000	253	-15519	1052	64420
3121000	250	-15459	1047	64670
3131000	254	-15410	1068	64874
3141000	255	-15370	1078	65045
3151000	251	-15315	1072	65276
3161000	240	-15264	1029	65497
3171000	237	-15213	1022	65718
3181000	234	-15166	1015	65921
3191000	235	-15128	1027	66085
3201000	226	-15070	996	66341
3211000	229	-15025	1015	66538
3221000	230	-14980	1026	66740
3231000	232	-14936	1039	66937
3241000	226	-14885	1021	67166
3251000	232	-14840	1051	67370
3261000	229	-14794	1045	67578
3271000	229	-14750	1052	67780
3281000	220	-14702	1019	68002
3291000	225	-14654	1045	68224
3301000	217	-14606	1018	68448
3311000	220	-14566	1035	68639
3321000	219	-14520	1038	68853
3331000	219	-14480	1047	69047
3341000	217	-14431	1042	69279
3351000	220	-14387	1061	69491
3361000	222	-14353	1077	69654
3371000	220	-14300	1075	69914
3381000	219	-14266	1075	70082
3391000	222	-14218	1097	70317
3401000	218	-14172	1086	70545
3411000	217	-14133	1084	70741
3421000	220	-14091	1109	70948
3431000	218	-14045	1103	71183
3441000	226	-14007	1151	71375
3451000	223	-13969	1144	71566
3461000	217	-13918	1119	71832
3471000	215	-13885	1114	72000
3481000	216	-13836	1130	72260
3491000	223	-13811	1169	72385
3501000	217	-13769	1143	72608
3511000	217	-13725	1151	72840
3521000	215	-13690	1147	73028
3531000	213	-13641	1147	73290
3541000	212	-13600	1146	73510
3551000	211	-13563	1148	73713
3561000	204	-13522	1117	73936
3571000	209	-13490	1149	74113
3581000	209	-13451	1152	74327
3591000	209	-13416	1159	74519
3601000	207	-13371	1159	74774
3611000	203	-13331	1143	74997
3621000	206	-13296	1163	75195
3631000	203	-13261	1155	75394
3641000	203	-13230	1162	75569
3651000	205	-13182	1182	75843
3661000	199	-13143	1153	76068
3671000	207	-13114	1204	76233
3681000	204	-13076	1191	76456
3691000	199	-13042	1167	76655
3701000	203	-13001	1202	76896
3711000	200	-12965	1188	77114
3721000	205	-12932	1224	77310
3731000	197	-12891	1183	77558
3741000	194	-12857	1176	77762
3751000	200	-12831	1212	77920
3761000	192	-12787	1175	78184
3771000	197	-12757	1210	78369
3781000	187	-12716	1159	78627
3791000	191	-12694	1188	78758
3801000	196	-12658	1224	78983
3811000	189	-12621	1188	79217
3821000	187	-12587	1182	79429
3831000	188	-12553	1190	79646
3841000	184	-12523	1171	79835
3851000	183	-12488	1172	80062
3861000	180	-12457	1160	80260
3871000	176	-12418	1143	80511
3881000	183	-12390	1193	80692
3891000	176	-12352	1153	80941
3901000	178	-12332	1167	81075
3911000	178	-12302	1177	81270
3921000	172	-12259	1141	81555
3931000	175	-12226	1172	81777
3941000	178	-12200	1195	81947
3951000	171	-12164	1155	82191
3961000	173	-12130	1177	82425
3971000	175	-12108	1193	82576
3981000	172	-12068	1179	82848
3991000	170	-12034	1176	83079
4001000	171	-12004	1184	83291
4011000	172	-11977	1198	83478
4021000	171	-11940	1200	83732
4031000	174	-11919	1222	83885
4041000	171	-11882	1210	84144
4051000	170	-11859	1210	84305
4061000	169	-11826	1205	84540
4071000	169	-11795	1214	84768
4081000	164	-11772	1186	84933
4091000	169	-11743	1223	85139
4101000	170	-11706	1238	85406
4111000	165	-11675	1213	85633
4121000	166	-11648	1225	85837
4131000	167	-11618	1236	86057
4141000	171	-11585	1271	86302
4151000	173	-11566	1290	86439
4161000	174	-11528	1309	86727
4171000	170	-11499	1283	86949
4181000	171	-11476	1300	87116
4191000	169	-11438	1290	87412
4201000	164	-11409	1256	87633
4211000	165	-11391	1272	87771
4221000	166	-11359	1285	88018
4231000	158	-11329	1228	88250
4241000	162	-11307	1264	88421
4251000	157	-11275	1234	88678
4261000	162	-11255	1277	88829
4271000	160	-11231	1265	89024
4281000	161	-11203	1279	89244
4291000	161	-11169	1294	89514
4301000	159	-11142	1280	89732
4311000	161	-11124	1304	89879
4321000	160	-11086	1304	90185
4331000	158	-11067	1290	90337
4341000	157	-11042	1289	90546
4351000	158	-11010	1300	90809
4361000	155	-10985	1283	91016
4371000	152	-10955	1267	91261
4381000	156	-10935	1303	91428
4391000	156	-10903	1314	91700
4401000	162	-10882	1366	91875
4411000	166	-10861	1407	92052
4421000	164	-10824	1397	92364
4431000	164	-10801	1403	92565
4441000	158	-10781	1363	92738
4451000	158	-10757	1369	92946
4461000	151	-10724	1312	93232
4471000	150	-10702	1312	93420
4481000	156	-10682	1368	93593
4491000	154	-10655	1353	93830
4501000	149	-10627	1317	94078
4511000	146	-10602	1298	94305
4521000	151	-10579	1345	94511
4531000	146	-10549	1311	94773
4541000	149	-10534	1346	94908
4551000	148	-10510	1340	95125
4561000	149	-10493	1349	95279
4571000	145	-10466	1323	95530
4581000	140	-10442	1280	95749
4591000	145	-10423	1332	95924
4601000	138	-10390	1274	96228
4611000	142	-10367	1317	96438
4621000	149	-10344	1389	96653
4631000	154	-10327	1443	96814
4641000	150	-10299	1414	97079
4651000	145	-10273	1372	97321
4661000	142	-10249	1348	97551
4671000	143	-10231	1369	97720
4681000	137	-10203	1314	97996
4691000	136	-10185	1315	98165
4701000	135	-10159	1312	98419
4711000	141	-10146	1373	98546
4721000	132	-10118	1287	98817
4731000	132	-10102	1297	98972
4741000	138	-10076	1362	99223
4751000	140	-10059	1384	99397
4761000	136	-10024	1356	99745
4771000	136	-10005	1356	99937
4781000	137	-9981	1375	100167
4791000	139	-9971	1393	100272
4801000	136	-9940	1376	100584
4811000	132	-9913	1341	100863
4821000	138	-9891	1411	101080
4831000	142	-9873	1452	101267
4841000	135	-9844	1389	101566
4851000	138	-9830	1433	101709
4861000	137	-9808	1422	101935
4871000	138	-9793	1436	102090
4881000	132	-9770	1380	102334
4891000	130	-9751	1371	102530
4901000	133	-9728	1406	102778
4911000	136	-9714	1444	102927
4921000	129	-9684	1372	103249
4931000	134	-9668	1428	103414
4941000	136	-9650	1463	103607
4951000	135	-9630	1455	103821
4961000	132	-9611	1426	104033
4971000	126	-9589	1365	104267
4981000	125	-9566	1367	104518
4991000	127	-9548	1389	104718
5001000	127	-9530	1402	104909
5011000	128	-9501	1422	105235
5021000	134	-9486	1493	105393
5031000	140	-9469	1563	105589
5041000	140	-9450	1572	105793
5051000	134	-9427	1503	106058
5061000	127	-9409	1439	106261
5071000	129	-9384	1460	106542
5081000	127	-9372	1445	106680
5091000	128	-9360	1463	106821
5101000	119	-9327	1365	107195
5111000	123	-9309	1424	107399
5121000	121	-9285	1408	107687
5131000	127	-9276	1474	107788
5141000	123	-9252	1441	108068
5151000	120	-9235	1408	108260
5161000	121	-9210	1427	108557
5171000	123	-9199	1450	108691
5181000	128	-9184	1522	108863
5191000	126	-9153	1500	109229
5201000	127	-9140	1519	109384
5211000	122	-9118	1470	109652
5221000	123	-9105	1489	109805
5231000	125	-9095	1512	109934
5241000	115	-9073	1396	110196
5251000	116	-9054	1414	110428
5261000	113	-9038	1387	110627
5271000	116	-9027	1417	110755
5281000	115	-9000	1414	111099
5291000	116	-8975	1434	111396
5301000	124	-8963	1549	111550
5311000	119	-8945	1493	111771
5321000	123	-8932	1546	111934
5331000	115	-8914	1445	112159
5341000	112	-8895	1414	112407
5351000	112	-8871	1424	112710
5361000	114	-8856	1452	112901
5371000	121	-8842	1548	113079
5381000	118	-8818	1516	113380
5391000	118	-8798	1522	113641
5401000	119	-8783	1538	113835
5411000	113	-8767	1473	114046
5421000	116	-8755	1508	114201
5431000	108	-8737	1420	114432
5441000	106	-8723	1397	114625
5451000	111	-8708	1468	114820
5461000	109	-8690	1449	115052
5471000	114	-8676	1521	115244
5481000	112	-8653	1499	115551
5491000	109	-8631	1467	115848
5501000	114	-8615	1537	116055
5511000	109	-8600	1479	116257
5521000	113	-8589	1526	116413
5531000	117	-8573	1589	116622
5541000	113	-8548	1552	116962
5551000	115	-8532	1573	117187
5561000	113	-8513	1557	117445
5571000	112	-8504	1547	117573
5581000	111	-8494	1534	117715
5591000	105	-8472	1462	118015
5601000	105	-8459	1469	118198
5611000	113	-8450	1580	118322
5621000	114	-8436	1607	118513
5631000	111	-8414	1565	118827
5641000	106	-8397	1503	119074
5651000	105	-8378	1497	119348
5661000	109	-8363	1555	119561
5671000	106	-8346	1516	119804
5681000	104	-8336	1493	119941
5691000	105	-8317	1524	120217
5701000	100	-8294	1456	120556
5711000	105	-8278	1526	120788
5721000	113	-8262	1650	121007
5731000	114	-8248	1672	121223
5741000	115	-8237	1696	121380
5751000	113	-8221	1671	121622
5761000	105	-8203	1563	121884
5771000	104	-8189	1545	122092
5781000	99	-8169	1489	122396
5791000	103	-8159	1554	122551
5801000	108	-8153	1623	122640
5811000	104	-8127	1579	123022
5821000	102	-8110	1545	123279
5831000	107	-8101	1624	123423
5841000	107	-8090	1633	123595
5851000	106	-8075	1622	123813
5861000	109	-8062	1681	124016
5871000	104	-8040	1605	124357
5881000	104	-8024	1622	124606
5891000	106	-8009	1646	124843
5901000	107	-7993	1667	125084
5911000	104	-7985	1632	125216
5921000	103	-7976	1626	125362
5931000	94	-7951	1482	125755
5941000	95	-7941	1512	125912
5951000	97	-7930	1544	126083
5961000	95	-7909	1516	126413
5971000	95	-7896	1524	126628
5981000	98	-7887	1573	126777
5991000	99	-7870	1597	127037
6001000	95	-7855	1532	127288
6011000	94	-7843	1534	127487
6021000	93	-7824	1515	127787
6031000	95	-7816	1554	127932
6041000	102	-7804	1681	128120
6051000	103	-7784	1695	128449
6061000	101	-7763	1680	128789
6071000	103	-7757	1713	128896
6081000	106	-7748	1761	129043
6091000	103	-7733	1718	129286
6101000	100	-7724	1679	129442
6111000	98	-7712	1650	129653
6121000	94	-7694	1581	129950
6131000	92	-7686	1565	130088
6141000	90	-7667	1537	130407
6151000	94	-7651	1607	130676
6161000	99	-7640	1698	130863
6171000	101	-7626	1738	131100
6181000	95	-7610	1634	131386
6191000	92	-7595	1600	131654
6201000	98	-7583	1696	131845
6211000	99	-7570	1726	132073
6221000	104	-7555	1821	132341
6231000	107	-7545	1886	132516
6241000	106	-7532	1859	132739
6251000	97	-7515	1722	133046
6261000	97	-7506	1718	133201
6271000	90	-7490	1608	133499
6281000	87	-7477	1559	133720
6291000	95	-7467	1700	133905
6301000	101	-7458	1812	134067
6311000	95	-7439	1725	134396
6321000	91	-7424	1654	134672
6331000	92	-7413	1668	134883
6341000	90	-7403	1636	135065
6351000	87	-7389	1596	135318
6361000	92	-7381	1684	135466
6371000	95	-7375	1742	135576
6381000	92	-7355	1704	135936
6391000	94	-7335	1750	136315
6401000	100	-7323	1856	136535
6411000	96	-7311	1796	136763
6421000	93	-7300	1749	136972
6431000	97	-7292	1820	137105
6441000	100	-7283	1880	137284
6451000	90	-7267	1712	137592
6461000	87	-7252	1657	137877
6471000	88	-7244	1683	138032
6481000	90	-7229	1716	138313
6491000	88	-7215	1688	138580
6501000	89	-7204	1709	138788
6511000	94	-7197	1818	138924
6521000	92	-7185	1785	139158
6531000	88	-7169	1709	139461
6541000	90	-7157	1765	139706
6551000	92	-7142	1804	140003
6561000	91	-7125	1792	140328
6571000	95	-7116	1868	140497
6581000	95	-7113	1885	140558
6591000	93	-7102	1840	140773
6601000	87	-7084	1729	141140
6611000	86	-7077	1707	141289
6621000	83	-7070	1669	141418
6631000	88	-7063	1760	141569
6641000	89	-7054	1786	141741
6651000	94	-7040	1887	142016
6661000	93	-7026	1886	142294
6671000	91	-7011	1853	142616
6681000	86	-6996	1761	142922
6691000	88	-6988	1793	143089
6701000	84	-6975	1717	143351
6711000	84	-6960	1739	143653
6721000	88	-6952	1818	143828
6731000	93	-6943	1927	144013
6741000	95	-6932	1976	144226
6751000	88	-6913	1840	144626
6761000	86	-6901	1799	144886
6771000	87	-6893	1831	145054
6781000	91	-6887	1913	145167
6791000	84	-6879	1783	145356
6801000	81	-6865	1726	145644
6811000	84	-6860	1777	145751
6821000	85	-6847	1822	146023
6831000	83	-6833	1777	146326
6841000	83	-6818	1793	146656
6851000	86	-6801	1859	147013
6861000	81	-6790	1761	147263
6871000	82	-6780	1777	147477
6881000	86	-6774	1874	147590
6891000	90	-6765	1965	147803
6901000	93	-6752	2044	148078
6911000	84	-6735	1845	148460
6921000	84	-6726	1850	148660
6931000	87	-6721	1927	148768
6941000	86	-6715	1900	148896
6951000	85	-6706	1883	149102
6961000	83	-6695	1862	149335
6971000	83	-6687	1851	149527
6981000	83	-6674	1870	149802
6991000	82	-6661	1847	150110
7001000	81	-6646	1830	150443
7011000	81	-6639	1841	150600
7021000	80	-6627	1821	150866
7031000	78	-6617	1785	151111
7041000	80	-6610	1838	151265
7051000	83	-6601	1916	151472
7061000	85	-6590	1967	151715
7071000	85	-6572	1977	152139
7081000	85	-6556	1982	152510
7091000	87	-6545	2036	152773
7101000	86	-6537	2018	152945
7111000	83	-6528	1952	153157
7121000	79	-6517	1854	153428
7131000	79	-6510	1865	153592
7141000	84	-6507	1988	153651
7151000	85	-6498	2003	153869
7161000	80	-6486	1893	154144
7171000	80	-6472	1912	154477
7181000	79	-6464	1895	154683
7191000	80	-6451	1927	154992
7201000	76	-6440	1826	155257
7211000	77	-6432	1864	155455
7221000	81	-6428	1963	155546
7231000	86	-6417	2087	155810
7241000	86	-6406	2089	156074
7251000	84	-6387	2048	156541
7261000	84	-6374	2076	156858
7271000	86	-6367	2122	157033
7281000	84	-6361	2067	157183
7291000	81	-6348	2016	157495
7301000	81	-6339	2014	157722
7311000	83	-6335	2074	157833
7321000	84	-6329	2101	157977
7331000	89	-6320	2224	158191
7341000	82	-6305	2051	158579
7351000	80	-6298	2011	158756
7361000	82	-6289	2079	158970
7371000	79	-6280	2013	159200
7381000	74	-6268	1890	159524
7391000	73	-6262	1873	159671
7401000	74	-6256	1889	159814
7411000	78	-6248	2007	160029
7421000	80	-6237	2068	160315
7431000	78	-6219	2024	160760
7441000	76	-6205	1980	161134
7451000	79	-6201	2048	161241
7461000	81	-6194	2120	161412
7471000	80	-6187	2078	161602
7481000	78	-6178	2031	161839
7491000	75	-6169	1976	162081
7501000	76	-6168	2007	162103
7511000	79	-6159	2069	162335
7521000	78	-6147	2067	162654
7531000	70	-6135	1854	162976
7541000	75	-6121	2001	163343
7551000	75	-6113	2006	163548
7561000	75	-6099	2009	163926
7571000	73	-6089	1955	164205
7581000	75	-6084	2034	164345
7591000	77	-6076	2081	164554
7601000	82	-6070	2219	164710
7611000	83	-6056	2274	165084
7621000	79	-6042	2153	165482
7631000	78	-6032	2152	165754
7641000	77	-6028	2130	165879
7651000	77	-6020	2138	166086
7661000	73	-6013	2013	166272
7671000	71	-6005	1968	166510
7681000	74	-5994	2049	166798
7691000	76	-5987	2127	166999
7701000	81	-5979	2266	167216
7711000	79	-5972	2214	167427
7721000	78	-5963	2192	167674
7731000	73	-5955	2063	167899
7741000	72	-5948	2031	168085
7751000	72	-5943	2034	168241
7761000	69	-5932	1964	168551
7771000	70	-5918	2000	168939
7781000	77	-5913	2201	169077
7791000	79	-5902	2261	169411
7801000	84	-5892	2413	169691
7811000	84	-5887	2415	169830
7821000	80	-5872	2310	170274
7831000	73	-5860	2117	170634
7841000	73	-5853	2129	170812
7851000	73	-5849	2145	170938
7861000	72	-5842	2107	171138
7871000	71	-5836	2096	171334
7881000	69	-5827	2036	171601
7891000	70	-5816	2067	171924
7901000	73	-5810	2164	172097
7911000	78	-5804	2305	172264
7921000	77	-5795	2302	172529
7931000	74	-5787	2224	172780
7941000	72	-5777	2149	173070
7951000	69	-5768	2079	173346
7961000	73	-5759	2197	173618
7971000	67	-5747	2022	173970
7981000	73	-5738	2204	174242
7991000	72	-5730	2184	174492
8001000	77	-5726	2338	174602
8011000	75	-5722	2280	174749
8021000	75	-5716	2294	174913
8031000	72	-5706	2213	175241
8041000	67	-5697	2059	175493
8051000	65	-5686	1998	175841
8061000	68	-5680	2098	176036
8071000	74	-5674	2283	176219
8081000	72	-5662	2247	176575
8091000	70	-5654	2186	176845
8101000	69	-5645	2166	177106
8111000	69	-5642	2173	177228
8121000	69	-5638	2158	177331
8131000	71	-5635	2249	177447
8141000	73	-5622	2295	177834
8151000	67	-5611	2138	178193
8161000	73	-5597	2337	178629
8171000	76	-5588	2445	178918
8181000	75	-5582	2409	179110
8191000	72	-5574	2306	179376
8201000	70	-5565	2247	179664
8211000	71	-5560	2288	179825
8221000	71	-5558	2301	179883
8231000	69	-5554	2251	180010
8241000	69	-5546	2232	180298
8251000	67	-5538	2187	180559
8261000	64	-5525	2101	180969
8271000	63	-5511	2065	181419
8281000	64	-5506	2111	181612
8291000	70	-5501	2324	181754
8301000	73	-5495	2405	181952
8311000	72	-5488	2380	182197
8321000	67	-5479	2248	182487
8331000	68	-5472	2286	182711
8341000	69	-5464	2306	182989
8351000	74	-5456	2501	183251
8361000	78	-5452	2640	183372
8371000	77	-5442	2616	183725
8381000	72	-5434	2434	184008
8391000	70	-5425	2390	184303
8401000	68	-5421	2297	184440
8411000	66	-5411	2238	184785
8421000	60	-5405	2039	184990
8431000	60	-5395	2071	185323
8441000	61	-5385	2119	185680
8451000	64	-5380	2208	185833
8461000	66	-5377	2266	185958
8471000	71	-5371	2452	186165
8481000	73	-5365	2524	186374
8491000	67	-5353	2340	186770
8501000	64	-5347	2233	186995
8511000	62	-5338	2160	187311
8521000	62	-5330	2167	187603
8531000	63	-5325	2218	187765
8541000	67	-5321	2370	187897
8551000	70	-5311	2480	188247
8561000	73	-5300	2606	188644
8571000	77	-5292	2737	188934
8581000	76	-5289	2718	189017
8591000	75	-5282	2681	189274
8601000	72	-5275	2587	189529
8611000	74	-5272	2662	189656
8621000	67	-5262	2402	190013
8631000	66	-5253	2393	190354
8641000	63	-5245	2278	190612
8651000	66	-5240	2395	190819
8661000	67	-5233	2442	191068
8671000	67	-5224	2463	191410
8681000	67	-5218	2466	191630
8691000	64	-5208	2362	191980
8701000	64	-5205	2369	192078
8711000	67	-5197	2466	192380
8721000	68	-5194	2530	192500
8731000	71	-5187	2624	192746
8741000	74	-5175	2766	193212
8751000	71	-5161	2669	193719
8761000	66	-5153	2480	194043
8771000	67	-5147	2542	194243
8781000	66	-5143	2498	194395
8791000	66	-5141	2496	194487
8801000	63	-5134	2398	194740
8811000	60	-5129	2286	194927
8821000	58	-5120	2199	195272
8831000	59	-5113	2254	195544
8841000	59	-5108	2258	195744
8851000	62	-5103	2394	195928
8861000	67	-5100	2582	196050
8871000	69	-5093	2673	196314
8881000	65	-5085	2533	196626
8891000	62	-5075	2405	197008
8901000	61	-5069	2364	197241
8911000	60	-5064	2328	197443
8921000	59	-5057	2317	197704
8931000	60	-5046	2338	198157
8941000	59	-5037	2342	198506
8951000	61	-5028	2395	198868
8961000	65	-5020	2590	199172
8971000	66	-5019	2616	199220
8981000	68	-5015	2714	199372
8991000	68	-5008	2723	199638
9001000	67	-5003	2659	199842
9011000	62	-4997	2486	200108
9021000	59	-4988	2373	200444
9031000	57	-4981	2309	200753
9041000	57	-4979	2297	200818
9051000	62	-4972	2512	201086
9061000	61	-4969	2477	201207
9071000	65	-4961	2656	201525
9081000	69	-4952	2815	201886
9091000	70	-4943	2875	202257
9101000	64	-4936	2642	202545
9111000	63	-4931	2606	202766
9121000	69	-4926	2847	202955
9131000	69	-4922	2867	203111
9141000	73	-4913	3008	203479
9151000	74	-4904	3070	203862
9161000	74	-4898	3068	204109
9171000	69	-4888	2898	204547
9181000	69	-4885	2901	204686
9191000	70	-4879	2941	204916
9201000	66	-4875	2784	205089
9211000	63	-4866	2679	205464
9221000	62	-4859	2619	205772
9231000	64	-4853	2715	206025
9241000	64	-4849	2721	206197
9251000	65	-4843	2792	206457
9261000	67	-4835	2871	206801
9271000	69	-4833	2942	206889
9281000	68	-4828	2928	207098
9291000	65	-4819	2814	207475
9301000	61	-4813	2622	207741
9311000	58	-4806	2505	208030
9321000	56	-4801	2445	208275
9331000	57	-4795	2458	208501
9341000	62	-4791	2691	208711
9351000	62	-4782	2713	209097
9361000	66	-4775	2895	209373
9371000	68	-4768	3003	209670
9381000	69	-4760	3063	210050
9391000	68	-4757	2990	210177
9401000	66	-4750	2931	210490
9411000	64	-4744	2836	210759
9421000	65	-4743	2906	210784
9431000	66	-4737	2940	211074
9441000	67	-4733	2995	211224
9451000	61	-4726	2737	211573
9461000	61	-4718	2747	211940
9471000	61	-4712	2764	212183
9481000	60	-4708	2721	212391
9491000	59	-4698	2662	212826
9501000	59	-4690	2659	213185
9511000	59	-4682	2669	213533
9521000	60	-4678	2732	213753
9531000	58	-4667	2662	214220
9541000	59	-4666	2718	214272
9551000	63	-4660	2892	214571
9561000	66	-4655	3066	214788
9571000	67	-4647	3109	215143
9581000	70	-4642	3246	215357
9591000	69	-4636	3208	215653
9601000	66	-4626	3072	216113
9611000	61	-4619	2876	216479
9621000	59	-4614	2780	216700
9631000	60	-4611	2843	216847
9641000	59	-4608	2770	216965
9651000	60	-4605	2834	217099
9661000	62	-4600	2939	217373
9671000	63	-4591	2989	217795
9681000	60	-4582	2849	218189
9691000	59	-4574	2840	218595
9701000	62	-4568	2967	218872
9711000	61	-4570	2927	218787
9721000	62	-4565	2964	219023
9731000	61	-4562	2947	219143
9741000	63	-4561	3035	219225
9751000	59	-4555	2831	219501
9761000	56	-4546	2688	219931
9771000	55	-4540	2687	220210
9781000	54	-4531	2650	220652
9791000	57	-4524	2776	220997
9801000	63	-4518	3090	221275
9811000	62	-4512	3069	221606
9821000	62	-4506	3041	221901
9831000	62	-4498	3076	222264
9841000	60	-4495	2945	222441
9851000	59	-4492	2918	222572
9861000	59	-4489	2911	222747
9871000	56	-4485	2803	222941
9881000	57	-4484	2851	222990
9891000	60	-4482	2978	223051
9901000	60	-4477	2989	223329
9911000	59	-4468	2952	223760
9921000	57	-4457	2878	224316
9931000	52	-4451	2636	224636
9941000	52	-4441	2641	225147
9951000	54	-4435	2738	225456
9961000	56	-4431	2864	225642
9971000	57	-4428	2881	225793
9981000	57	-4421	2930	226147
9991000	60	-4415	3054	226443
10001000	57	-4408	2911	226848
10011000	56	-4402	2885	227154
10021000	58	-4393	2993	227575
10031000	60	-4389	3115	227778
10041000	60	-4385	3095	227996
10051000	62	-4382	3212	228160
10061000	62	-4382	3238	228135
10071000	61	-4378	3205	228353
10081000	61	-4374	3192	228567
10091000	56	-4371	2939	228762
10101000	57	-4365	2982	229041
10111000	51	-4356	2682	229518
10121000	55	-4348	2902	229954
10131000	54	-4346	2842	230081
10141000	53	-4341	2793	230323
10151000	56	-4335	2995	230666
10161000	53	-4326	2811	231148
10171000	52	-4319	2766	231488
10181000	51	-4316	2746	231688
10191000	51	-4311	2717	231916
10201000	51	-4310	2734	231985
10211000	55	-4306	2949	232214
10221000	57	-4300	3092	232498
10231000	59	-4298	3172	232635
10241000	61	-4290	3335	233026
10251000	64	-4280	3510	233610
10261000	62	-4274	3368	233944
10271000	60	-4261	3329	234627
10281000	55	-4257	3047	234856
10291000	56	-4250	3105	235260
10301000	56	-4248	3100	235352
10311000	57	-4247	3133	235399
10321000	58	-4243	3204	235653
10331000	57	-4239	3182	235863
10341000	57	-4235	3165	236081
10351000	57	-4231	3163	236288
10361000	52	-4225	2914	236635
10371000	55	-4219	3103	237004
10381000	53	-4213	3012	237313
10391000	57	-4208	3197	237582
10401000	59	-4205	3354	237769
10411000	57	-4200	3247	238034
10421000	59	-4198	3334	238188
10431000	59	-4195	3373	238345
10441000	58	-4188	3295	238745
10451000	54	-4181	3077	239152
10461000	55	-4174	3150	239549
10471000	56	-4166	3248	240014
10481000	60	-4161	3459	240273
10491000	60	-4154	3494	240705
10501000	64	-4151	3707	240822
10511000	63	-4143	3666	241301
10521000	62	-4137	3647	241664
10531000	60	-4135	3526	241762
10541000	58	-4128	3406	242192
10551000	59	-4125	3465	242366
10561000	60	-4122	3501	242544
10571000	59	-4118	3489	242758
10581000	61	-4115	3589	242989
10591000	63	-4111	3713	243202
10601000	62	-4107	3704	243439
10611000	63	-4102	3738	243734
10621000	61	-4096	3612	244085
10631000	58	-4093	3470	244298
10641000	56	-4085	3365	244749
10651000	51	-4077	3065	245231
10661000	50	-4075	3013	245350
10671000	49	-4073	2964	245506
10681000	49	-4071	2954	245597
10691000	50	-4067	3044	245856
10701000	54	-4064	3256	246024
10711000	55	-4059	3312	246309
10721000	56	-4051	3386	246826
10731000	57	-4044	3509	247218
10741000	58	-4036	3580	247740
10751000	60	-4031	3709	248002
10761000	59	-4027	3609	248292
10771000	59	-4025	3636	248369
10781000	60	-4022	3688	248547
10791000	61	-4018	3764	248827
10801000	59	-4016	3677	248978
10811000	60	-4015	3736	249031
10821000	56	-4010	3506	249327
10831000	53	-4004	3298	249725
10841000	50	-4000	3114	249961
10851000	50	-3992	3119	250463
10861000	49	-3988	3071	250693
10871000	50	-3982	3162	251111
10881000	50	-3978	3182	251330
10891000	55	-3970	3458	251829
10901000	53	-3962	3407	252371
10911000	51	-3956	3264	252737
10921000	47	-3954	3005	252869
10931000	49	-3948	3169	253230
10941000	49	-3944	3180	253532
10951000	52	-3940	3375	253761
10961000	54	-3934	3515	254117
10971000	60	-3928	3858	254536
10981000	60	-3927	3912	254614
10991000	63	-3919	4074	255070
11001000	65	-3920	4225	255024
11011000	62	-3916	4056	255307
11021000	59	-3911	3883	255652
11031000	58	-3904	3823	256117
11041000	53	-3899	3454	256407
11051000	50	-3894	3327	256769
11061000	49	-3891	3220	256941
11071000	50	-3887	3313	257232
11081000	52	-3884	3465	257430
11091000	55	-3878	3643	257798
11101000	56	-3875	3725	257986
11111000	58	-3870	3890	258357
11121000	59	-3867	3913	258537
11131000	60	-3862	4003	258875
11141000	58	-3863	3904	258785
11151000	57	-3855	3850	259334
11161000	58	-3855	3902	259378
11171000	56	-3851	3777	259604
11181000	53	-3849	3591	259733
11191000	53	-3846	3597	259980
11201000	55	-3842	3711	260252
11211000	57	-3834	3871	260767
11221000	58	-3829	3928	261123
11231000	60	-3825	4092	261376
11241000	57	-3813	3915	262209
11251000	60	-3808	4157	262515
11261000	59	-3798	4094	263259
11271000	59	-3794	4122	263511
11281000	56	-3790	3923	263783
11291000	56	-3787	3932	264010
11301000	57	-3785	3943	264115
11311000	58	-3782	4085	264380
11321000	56	-3778	3916	264644
11331000	54	-3773	3806	264972
11341000	52	-3772	3645	265081
11351000	50	-3766	3502	265460
11361000	50	-3762	3562	265763
11371000	52	-3759	3677	265943
11381000	55	-3755	3926	266286
11391000	54	-3754	3801	266356
11401000	57	-3747	4024	266830
11411000	58	-3742	4121	267151
11421000	61	-3737	4381	267492
11431000	60	-3733	4274	267839
11441000	59	-3729	4232	268125
11451000	56	-3725	4017	268426
11461000	53	-3713	3839	269298
11471000	49	-3710	3592	269481
11481000	50	-3703	3630	270005
11491000	50	-3697	3691	270462
11501000	55	-3689	4034	271041
11511000	57	-3685	4188	271320
11521000	58	-3682	4299	271502
11531000	61	-3681	4498	271580
11541000	54	-3674	4007	272126
11551000	57	-3671	4237	272353
11561000	57	-3669	4204	272471
11571000	53	-3665	3966	272778
11581000	50	-3662	3732	273055
11591000	48	-3661	3592	273132
11601000	50	-3656	3756	273452
11611000	50	-3651	3775	273809
11621000	54	-3649	4018	274019
11631000	55	-3646	4144	274197
11641000	58	-3643	4341	274456
11651000	57	-3637	4309	274909
11661000	59	-3638	4483	274839
11671000	61	-3631	4590	275341
11681000	57	-3627	4351	275665
11691000	58	-3626	4372	275719
11701000	50	-3621	3804	276147
11711000	49	-3617	3728	276460
11721000	46	-3613	3557	276734
11731000	49	-3609	3795	277014
11741000	49	-3607	3771	277196
11751000	49	-3605	3740	277330
11761000	51	-3597	3942	277923
11771000	52	-3591	4055	278433
11781000	52	-3581	4041	279188
11791000	49	-3574	3845	279731
11801000	49	-3572	3833	279897
11811000	51	-3566	4035	280366
11821000	48	-3565	3794	280486
11831000	51	-3564	4044	280535
11841000	51	-3562	3998	280655
11851000	52	-3560	4117	280853
11861000	52	-3558	4099	280995
11871000	51	-3557	4064	281095
11881000	54	-3553	4287	281359
11891000	52	-3552	4125	281479
11901000	51	-3549	4013	281690
11911000	48	-3544	3815	282115
11921000	48	-3539	3833	282529
11931000	49	-3533	3929	282960
11941000	45	-3524	3593	283683
11951000	47	-3515	3843	284436
11961000	44	-3516	3595	284401
11971000	47	-3510	3799	284848
11981000	47	-3507	3855	285087
11991000	49	-3505	3997	285264
12001000	51	-3501	4131	285592
12011000	53	-3497	4326	285909
12021000	52	-3493	4248	286244
12031000	49	-3489	4038	286543
12041000	49	-3484	4053	286974
12051000	48	-3479	3999	287351
12061000	49	-3472	4042	287956
12071000	49	-3465	4098	288541
12081000	52	-3462	4325	288801
12091000	52	-3458	4340	289091
12101000	50	-3458	4210	289157
12111000	54	-3456	4553	289309
12121000	55	-3455	4596	289389
12131000	55	-3454	4622	289466
12141000	54	-3453	4562	289513
12151000	57	-3454	4739	289470
12161000	56	-3447	4676	289997
12171000	55	-3446	4670	290142
12181000	50	-3440	4195	290660
12191000	50	-3436	4208	290955
12201000	50	-3430	4288	291522
12211000	49	-3421	4217	292228
12221000	49	-3421	4162	292271
12231000	47	-3416	4062	292649
12241000	52	-3410	4468	293149
12251000	52	-3405	4492	293584
12261000	53	-3404	4557	293681
12271000	51	-3401	4403	293947
12281000	47	-3397	4039	294359
12291000	44	-3393	3788	294692
12301000	45	-3391	3922	294869
12311000	47	-3386	4096	295248
12321000	45	-3383	3931	295507
12331000	50	-3378	4422	295950
12341000	49	-3374	4334	296300
12351000	54	-3370	4753	296659
12361000	57	-3366	5072	297015
12371000	57	-3363	5064	297297
12381000	61	-3356	5394	297896
12391000	63	-3354	5585	298072
12401000	62	-3349	5497	298473
12411000	60	-3343	5384	299069
12421000	58	-3341	5230	299256
12431000	56	-3339	5000	299421
12441000	53	-3330	4741	300224
12451000	51	-3330	4627	300221
12461000	44	-3323	3951	300854
12471000	45	-3321	4052	301053
12481000	46	-3320	4132	301162
12491000	48	-3318	4330	301312
12501000	46	-3317	4180	301388
12511000	47	-3315	4278	301605
12521000	48	-3310	4396	302047
12531000	50	-3304	4575	302598
12541000	50	-3301	4599	302885
12551000	52	-3299	4802	303065
12561000	53	-3294	4916	303536
12571000	53	-3290	4872	303904
12581000	53	-3284	4888	304427
12591000	50	-3282	4657	304576
12601000	49	-3278	4567	304991
12611000	49	-3277	4570	305097
12621000	49	-3275	4530	305281
12631000	52	-3270	4833	305768
12641000	53	-3267	4997	305981
12651000	54	-3266	5035	306096
12661000	55	-3261	5161	306521
12671000	59	-3256	5599	307061
12681000	61	-3251	5751	307503
12691000	61	-3243	5763	308263
12701000	60	-3244	5741	308164
12711000	58	-3238	5528	308691
12721000	57	-3238	5431	308717
12731000	53	-3231	5041	309414
12741000	52	-3231	4941	309421
12751000	50	-3224	4807	310053
12761000	45	-3221	4371	310401
12771000	48	-3221	4602	310376
12781000	46	-3217	4480	310824
12791000	45	-3214	4332	311039
12801000	42	-3209	4126	311562
12811000	42	-3205	4047	311970
12821000	38	-3201	3742	312354
12831000	39	-3194	3854	313005
12841000	41	-3193	4069	313174
12851000	41	-3187	4070	313754
12861000	44	-3183	4317	314080
12871000	45	-3183	4459	314072
12881000	43	-3178	4242	314624
12891000	46	-3174	4526	314961
12901000	48	-3172	4760	315138
12911000	48	-3173	4735	315110
12921000	49	-3175	4872	314893
12931000	48	-3171	4806	315318
12941000	49	-3167	4896	315639
12951000	49	-3166	4892	315775
12961000	50	-3161	4973	316237
12971000	50	-3153	5028	317029
12981000	49	-3149	4980	317447
12991000	47	-3142	4726	318221
13001000	49	-3136	4945	318830
13011000	48	-3131	4864	319274
13021000	51	-3126	5223	319794
13031000	47	-3117	4788	320712
13041000	49	-3116	5046	320861
13051000	49	-3116	4996	320847
13061000	45	-3116	4682	320837
13071000	47	-3114	4826	321041
13081000	48	-3109	4993	321543
13091000	48	-3112	4977	321301
13101000	46	-3106	4767	321853
13111000	46	-3104	4741	322048
13121000	47	-3100	4846	322503
13131000	43	-3101	4519	322452
13141000	44	-3095	4567	323026
13151000	37	-3092	3911	323414
13161000	41	-3086	4273	323955
13171000	44	-3085	4577	324046
13181000	42	-3083	4447	324315
13191000	43	-3075	4556	325107
13201000	43	-3077	4542	324973
13211000	45	-3073	4781	325349
13221000	50	-3067	5312	326003
13231000	50	-3063	5330	326367
13241000	53	-3062	5630	326496
13251000	53	-3057	5655	327073
13261000	56	-3053	5958	327479
13271000	50	-3052	5395	327541
13281000	56	-3050	6032	327799
13291000	51	-3047	5486	328130
13301000	52	-3040	5583	328894
13311000	53	-3035	5745	329418
13321000	53	-3027	5805	330253
13331000	48	-3026	5287	330344
13341000	54	-3019	5881	331162
13351000	53	-3014	5843	331630
13361000	51	-3013	5608	331780
13371000	53	-3007	5849	332452
13381000	54	-3008	5927	332318
13391000	52	-3008	5778	332388
13401000	55	-3004	6106	332771
13411000	54	-3002	5992	333033
13421000	52	-2996	5746	333627
13431000	52	-2993	5779	334047
13441000	48	-2993	5404	334076
13451000	46	-2987	5131	334686
13461000	50	-2987	5561	334689
13471000	49	-2985	5465	334942
13481000	47	-2982	5254	335319
13491000	48	-2977	5396	335866
13501000	53	-2975	5947	336048
13511000	52	-2971	5943	336467
13521000	48	-2972	5435	336383
13531000	50	-2966	5667	337040
13541000	55	-2964	6212	337260
13551000	53	-2964	6047	337324
13561000	56	-2960	6370	337731
13571000	53	-2959	6107	337837
13581000	50	-2957	5711	338092
13591000	52	-2953	5967	338586
13601000	45	-2947	5172	339199
13611000	46	-2945	5310	339500
13621000	45	-2946	5216	339417
13631000	36	-2937	4189	340419
13641000	41	-2935	4752	340616
13651000	41	-2930	4810	341276
13661000	41	-2924	4778	341914
13671000	40	-2924	4683	341966
13681000	43	-2914	5110	343082
13691000	42	-2912	5008	343363
13701000	44	-2908	5230	343823
13711000	47	-2905	5624	344157
13721000	51	-2898	6104	344991
13731000	53	-2893	6343	345586
13741000	48	-2896	5677	345229
13751000	52	-2889	6176	346015
13761000	45	-2887	5408	346353
13771000	47	-2884	5624	346644
13781000	46	-2878	5550	347375
13791000	43	-2881	5162	347023
13801000	42	-2877	5085	347540
13811000	40	-2876	4871	347641
13821000	46	-2870	5611	348325
13831000	43	-2868	5183	348546
13841000	43	-2867	5224	348693
13851000	40	-2868	4839	348656
13861000	42	-2865	5142	348921
13871000	49	-2861	5969	349474
13881000	48	-2858	5828	349770
13891000	49	-2855	5994	350114
13901000	47	-2859	5806	349654
13911000	53	-2847	6564	351116
13921000	54	-2848	6624	350987
13931000	52	-2845	6437	351359
13941000	53	-2844	6583	351453
13951000	56	-2839	6971	352109
13961000	52	-2835	6472	352658
13971000	49	-2833	6096	352898
13981000	49	-2829	6062	353348
13991000	47	-2824	5918	353953
14001000	45	-2820	5711	354533
14011000	43	-2818	5410	354728
14021000	48	-2814	6067	355284
14031000	45	-2808	5678	355985
14041000	51	-2807	6504	356099
14051000	49	-2804	6203	356525
14061000	49	-2800	6203	357028
14071000	49	-2793	6319	357932
14081000	53	-2787	6807	358617
14091000	50	-2786	6400	358873
14101000	49	-2784	6381	359131
14111000	45	-2779	5851	359701
14121000	44	-2779	5699	359718
14131000	41	-2776	5355	360152
14141000	42	-2775	5493	360277
14151000	41	-2773	5374	360558
14161000	41	-2771	5357	360765
14171000	39	-2770	5036	360905
14181000	40	-2767	5268	361260
14191000	40	-2770	5255	360934
14201000	38	-2769	4926	361061
14211000	41	-2764	5309	361776
14221000	42	-2763	5507	361903
14231000	44	-2762	5730	361951
14241000	47	-2757	6195	362644
14251000	48	-2754	6351	363000
14261000	47	-2749	6172	363651
14271000	52	-2744	6929	364241
14281000	50	-2744	6636	364337
14291000	53	-2738	7102	365029
14301000	52	-2738	6944	365047
14311000	49	-2733	6577	365842
14321000	48	-2730	6450	366136
14331000	49	-2728	6589	366495
14341000	42	-2721	5669	367365
14351000	42	-2719	5630	367660
14361000	41	-2719	5596	367658
14371000	38	-2714	5182	368401
14381000	39	-2709	5330	369073
14391000	37	-2712	5013	368696
14401000	37	-2704	5048	369740
14411000	44	-2699	6030	370402
14421000	40	-2696	5453	370791
14431000	46	-2695	6365	370946
14441000	44	-2692	6067	371418
14451000	45	-2683	6242	372644
14461000	44	-2679	6149	373147
14471000	45	-2676	6313	373575
14481000	47	-2673	6520	373967
14491000	41	-2668	5777	374671
14501000	41	-2665	5761	375187
14511000	41	-2666	5825	375048
14521000	43	-2663	6111	375451
14531000	41	-2659	5737	375936
14541000	44	-2658	6231	376049
14551000	43	-2659	6152	376038
14561000	45	-2656	6420	376407
14571000	44	-2654	6275	376693
14581000	45	-2655	6363	376603
14591000	45	-2653	6393	376792
14601000	43	-2652	6180	376904
14611000	45	-2649	6343	377344
14621000	46	-2651	6565	377039
14631000	45	-2649	6399	377351
14641000	44	-2647	6282	377671
14651000	46	-2644	6525	378090
14661000	49	-2641	7046	378496
14671000	49	-2640	7056	378682
14681000	53	-2634	7581	379560
14691000	52	-2631	7480	379892
14701000	54	-2627	7772	380446
14711000	54	-2622	7873	381172
14721000	53	-2622	7750	381213
14731000	51	-2615	7473	382307
14741000	51	-2611	7482	382853
14751000	50	-2611	7314	382838
14761000	46	-2603	6845	384044
14771000	51	-2606	7522	383595
14781000	47	-2602	6882	384220
14791000	48	-2598	7107	384810
14801000	49	-2595	7310	385256
14811000	46	-2593	6833	385585
14821000	47	-2588	7083	386200
14831000	50	-2585	7542	386657
14841000	52	-2583	7791	387040
14851000	49	-2577	7441	387927
14861000	52	-2571	7924	388837
14871000	53	-2571	8054	388826
14881000	51	-2566	7735	389519
14891000	49	-2563	7418	390063
14901000	50	-2563	7533	389957
14911000	47	-2560	7133	390462
14921000	48	-2560	7339	390447
14931000	44	-2553	6771	391509
14941000	51	-2557	7727	390944
14951000	46	-2553	7002	391618
14961000	48	-2554	7347	391478
14971000	43	-2550	6554	391985
14981000	45	-2550	6871	392045
14991000	46	-2547	7108	392421
15001000	43	-2547	6674	392556
15011000	44	-2543	6849	393070
15021000	48	-2544	7359	392979
15031000	47	-2540	7277	393569
15041000	49	-2538	7660	393896
15051000	50	-2535	7810	394287
15061000	49	-2535	7655	394403
15071000	56	-2528	8781	395304
15081000	53	-2526	8290	395769
15091000	53	-2524	8371	396056
15101000	58	-2519	9146	396836
15111000	54	-2518	8445	396912
15121000	52	-2516	8194	397264
15131000	58	-2515	9211	397414
15141000	59	-2516	9347	397250
15151000	47	-2504	7430	399151
15161000	44	-2500	7082	399932
15171000	41	-2498	6552	400235
15181000	36	-2491	5826	401378
15191000	40	-2493	6438	400947
15201000	38	-2489	6159	401667
15211000	39	-2486	6273	402113
15221000	34	-2486	5533	402183
15231000	44	-2480	7129	403124
15241000	47	-2476	7676	403699
15251000	46	-2472	7535	404334
15261000	47	-2469	7739	404842
15271000	48	-2463	7852	405904
15281000	53	-2463	8654	405864
15291000	48	-2457	8030	406830
15301000	50	-2450	8268	407952
15311000	53	-2451	8844	407866
15321000	57	-2453	9421	407377
15331000	57	-2448	9467	408321
15341000	55	-2445	9238	408728
15351000	52	-2444	8771	409059
15361000	51	-2439	8506	409885
15371000	57	-2444	9494	409009
15381000	52	-2439	8757	409784
15391000	49	-2433	8228	410815
15401000	51	-2433	8626	410900
15411000	45	-2430	7690	411376
15421000	50	-2431	8459	411127
15431000	46	-2430	7865	411445
15441000	50	-2430	8492	411393
15451000	44	-2425	7451	412288
15461000	43	-2421	7286	412973
15471000	50	-2424	8511	412418
15481000	45	-2419	7622	413329
15491000	51	-2417	8691	413601
15501000	54	-2414	9257	414127
15511000	50	-2409	8567	414918
15521000	52	-2400	9102	416407
15531000	57	-2406	9771	415428
15541000	54	-2403	9393	415908
15551000	61	-2400	10631	416394
15561000	54	-2396	9358	417238
15571000	57	-2396	9914	417206
15581000	57	-2397	9926	417027
15591000	53	-2388	9239	418514
15601000	53	-2388	9216	418520
15611000	50	-2385	8714	419116
15621000	53	-2380	9403	420043
15631000	51	-2385	8883	419028
15641000	50	-2379	8829	420118
15651000	47	-2373	8254	421219
15661000	57	-2372	10052	421403
15671000	48	-2359	8676	423647
15681000	53	-2358	9495	423918
15691000	51	-2357	9114	424087
15701000	61	-2360	10878	423508
15711000	48	-2349	8622	425566
15721000	54	-2343	9896	426653
15731000	51	-2341	9306	427021
15741000	56	-2340	10242	427017
15751000	58	-2339	10601	427316
15761000	49	-2335	8938	427990
15771000	52	-2336	9604	427946
15781000	55	-2333	10073	428330
15791000	52	-2329	9599	429218
15801000	48	-2326	8954	429782
15811000	49	-2324	9080	430076
15821000	49	-2322	9097	430413
15831000	54	-2325	10078	429940
15841000	49	-2318	9108	431244
15851000	48	-2315	8947	431707
15861000	43	-2313	8072	432234
15871000	47	-2308	8740	433182
15881000	42	-2306	7881	433587
15891000	46	-2304	8638	433810
15901000	44	-2300	8355	434716
15911000	44	-2298	8334	435012
15921000	45	-2297	8507	435133
15931000	46	-2294	8762	435727
15941000	45	-2296	8534	435455
15951000	45	-2293	8628	436034
15961000	46	-2288	8862	436873
15971000	49	-2290	9311	436523
15981000	51	-2289	9657	436689
15991000	49	-2289	9439	436707
16001000	48	-2285	9197	437384
16011000	48	-2285	9169	437377
16021000	51	-2287	9653	437076
16031000	50	-2283	9496	437861
16041000	46	-2282	8899	437955
16051000	48	-2282	9127	438014
16061000	50	-2281	9525	438241
16071000	51	-2272	9943	439855
16081000	52	-2274	10038	439588
16091000	51	-2273	9930	439627
16101000	51	-2277	9852	438888
16111000	52	-2266	10207	441035
16121000	54	-2256	10697	442938
16131000	50	-2261	9807	442041
16141000	57	-2251	11225	443965
16151000	54	-2248	10750	444652
16161000	49	-2244	9770	445493
16171000	46	-2232	9256	447765
16181000	43	-2235	8625	447210
16191000	44	-2230	8792	448351
16201000	42	-2227	8366	448801
16211000	40	-2227	8033	448809
16221000	45	-2227	9166	448886
16231000	44	-2225	8946	449359
16241000	45	-2222	9156	449930
16251000	42	-2225	8537	449330
16261000	44	-2220	8887	450292
16271000	43	-2220	8798	450307
16281000	43	-2222	8629	449813
16291000	44	-2220	8999	450249
16301000	47	-2214	9502	451498
16311000	45	-2220	9167	450347
16321000	46	-2217	9404	450961
16331000	42	-2217	8558	450879
16341000	48	-2215	9821	451239
16351000	47	-2213	9677	451738
16361000	47	-2208	9540	452602
16371000	48	-2210	9798	452176
16381000	50	-2200	10338	454238
16391000	50	-2200	10247	454224
16401000	48	-2198	9922	454807
16411000	51	-2194	10617	455475
16421000	58	-2180	12189	458308
16431000	53	-2188	11013	456759
16441000	54	-2186	11203	457194
16451000	57	-2179	11967	458709
16461000	58	-2177	12155	459066
16471000	57	-2177	11961	459089
16481000	50	-2180	10511	458521
16491000	56	-2173	11812	459810
16501000	56	-2166	12001	461333
16511000	50	-2171	10677	460271
16521000	57	-2161	12260	462370
16531000	48	-2169	10207	460826
16541000	54	-2161	11626	462358
16551000	57	-2154	12384	463988
16561000	57	-2154	12255	464005
16571000	55	-2151	11854	464593
16581000	60	-2144	13039	465961
16591000	59	-2147	12851	465434
16601000	58	-2144	12539	466028
16611000	62	-2139	13564	467193
16621000	62	-2136	13690	467819
16631000	56	-2136	12316	467924
16641000	64	-2129	14006	469182
16651000	64	-2130	14122	469005
16661000	62	-2132	13549	468650
16671000	62	-2129	13620	469208
16681000	57	-2129	12641	469338
16691000	57	-2125	12555	470280
16701000	58	-2120	12842	471265
16711000	58	-2121	12878	471021
16721000	56	-2123	12443	470630
16731000	56	-2119	12399	471581
16741000	53	-2112	11768	473247
16751000	52	-2115	11571	472628
16761000	50	-2109	11128	473825
16771000	50	-2105	11250	474827
