f/Hz	Re{Y}/µS	Im{Y}/µS	Re{Z}/mOhm	Im{Z}/mOhm
1000	6331313	-388747	157	10
11000	3780688	-1786022	216	102
21000	2412082	-2233573	223	207
31000	1666449	-2184680	221	289
41000	1094720	-1909233	226	394
51000	799629	-1663127	235	488
61000	552487	-1519930	211	581
71000	451270	-1349285	223	667
81000	348630	-1204815	222	766
91000	279928	-1082936	224	866
101000	233716	-990997	225	956
111000	197888	-911660	227	1048
121000	172786	-839569	235	1143
131000	143790	-776863	230	1245
141000	128235	-729516	234	1330
151000	111910	-680532	235	1431
161000	98655	-641306	234	1523
171000	91513	-604083	245	1618
181000	81102	-571297	244	1716
191000	72275	-542967	241	1810
201000	67209	-516910	247	1902
211000	58672	-491515	239	2006
221000	55276	-470545	246	2096
231000	51586	-451605	250	2186
241000	46889	-432490	248	2285
251000	44456	-416510	253	2374
261000	41066	-400433	253	2471
271000	37863	-386271	251	2564
281000	36746	-372905	262	2656
291000	32641	-359882	250	2756
301000	31321	-347933	257	2851
311000	28822	-337898	251	2938
321000	27930	-326655	260	3039
331000	26480	-318400	259	3119
341000	24874	-308172	260	3224
351000	23770	-300313	262	3309
361000	22186	-291488	260	3411
371000	21731	-284511	267	3494
381000	20884	-276495	272	3596
391000	19931	-270134	272	3682
401000	18549	-262852	267	3786
411000	18137	-256799	274	3875
421000	17344	-250575	275	3972
431000	16744	-245194	277	4059
441000	15607	-239133	272	4164
451000	15424	-234460	279	4247
461000	14802	-229019	281	4348
471000	14396	-224582	284	4435
481000	13638	-219648	282	4535
491000	13360	-215224	287	4628
501000	12673	-210690	284	4729
511000	12015	-206771	280	4820
521000	11923	-202952	288	4910
531000	11207	-199035	282	5008
541000	11366	-195548	296	5097
551000	10673	-192109	288	5189
561000	10390	-188904	290	5278
571000	10326	-185667	299	5369
581000	9759	-182464	292	5465
591000	9659	-179483	299	5555
601000	9189	-176322	295	5656
611000	9031	-173535	299	5747
621000	8954	-170788	306	5839
631000	8424	-168229	297	5929
641000	8210	-165581	299	6025
651000	8110	-163184	304	6113
661000	7929	-160449	307	6217
671000	7539	-158256	300	6305
681000	7646	-155905	314	6399
691000	7261	-153675	307	6493
701000	7133	-151386	311	6591
711000	7130	-149411	319	6678
721000	6749	-147287	310	6775
731000	6620	-145344	313	6866
741000	6373	-143410	309	6959
751000	6478	-141568	323	7049
761000	6133	-139757	313	7142
771000	6048	-137870	318	7239
781000	5905	-136218	318	7327
791000	5943	-134417	328	7425
801000	5663	-132770	321	7518
811000	5678	-131060	330	7616
821000	5458	-129549	325	7705
831000	5480	-127898	334	7804
841000	5368	-126498	335	7891
851000	5225	-124936	334	7990
861000	5166	-123489	338	8084
871000	5074	-122076	340	8177
881000	5049	-120752	346	8267
891000	4967	-119448	348	8357
901000	4716	-118099	338	8454
911000	4696	-116813	344	8547
921000	4616	-115572	345	8639
931000	4535	-114350	346	8731
941000	4496	-113240	350	8817
951000	4425	-112059	352	8910
961000	4388	-110812	357	9010
971000	4245	-109640	353	9107
981000	4149	-108618	351	9193
991000	4050	-107471	350	9292
1001000	3964	-106383	350	9387
1011000	3941	-105334	355	9480
1021000	3896	-104401	357	9565
1031000	3852	-103422	360	9656
1041000	3852	-102393	367	9753
1051000	3779	-101474	366	9841
1061000	3677	-100509	363	9936
1071000	3638	-99545	367	10032
1081000	3537	-98630	363	10126
1091000	3475	-97757	363	10217
1101000	3409	-96878	363	10310
1111000	3396	-96037	368	10400
1121000	3392	-95121	374	10500
1131000	3340	-94252	376	10597
1141000	3304	-93508	377	10681
1151000	3283	-92678	382	10777
1161000	3237	-91912	383	10866
1171000	3202	-91099	385	10963
1181000	3151	-90373	385	11052
1191000	3109	-89624	387	11144
1201000	3058	-88883	387	11237
1211000	3006	-88123	387	11335
1221000	2968	-87443	388	11423
1231000	2944	-86719	391	11518
1241000	2878	-86067	388	11606
1251000	2855	-85357	391	11702
1261000	2768	-84741	385	11788
1271000	2727	-84052	386	11885
1281000	2700	-83449	387	11971
1291000	2694	-82787	393	12066
1301000	2707	-82155	401	12159
1311000	2671	-81542	401	12251
1321000	2645	-80918	404	12345
1331000	2627	-80337	407	12434
1341000	2580	-79689	406	12536
1351000	2525	-79142	403	12623
1361000	2483	-78536	402	12720
1371000	2470	-77932	406	12819
1381000	2449	-77376	409	12911
1391000	2420	-76846	409	13000
1401000	2368	-76304	406	13093
1411000	2385	-75851	414	13171
1421000	2377	-75282	419	13270
1431000	2336	-74755	418	13364
1441000	2282	-74230	414	13459
1451000	2280	-73748	419	13547
1461000	2240	-73248	417	13639
1471000	2222	-72692	420	13744
1481000	2172	-72231	416	13832
1491000	2225	-71738	432	13926
1501000	2173	-71288	427	14015
1511000	2126	-70841	423	14103
1521000	2079	-70379	419	14196
1531000	2086	-69935	426	14286
1541000	2035	-69489	421	14379
1551000	2061	-69025	432	14475
1561000	2018	-68571	429	14571
1571000	1988	-68124	428	14667
1581000	1965	-67698	428	14759
1591000	1947	-67331	429	14840
1601000	1946	-66891	435	14937
1611000	1963	-66469	444	15032
1621000	1906	-66095	436	15117
1631000	1890	-65679	438	15213
1641000	1883	-65240	442	15315
1651000	1887	-64850	448	15407
1661000	1831	-64506	440	15490
1671000	1802	-64085	439	15592
1681000	1787	-63710	440	15684
1691000	1781	-63360	443	15770
1701000	1809	-62965	456	15869
1711000	1767	-62611	450	15959
1721000	1756	-62244	453	16053
1731000	1713	-61887	447	16146
1741000	1716	-61553	453	16234
1751000	1662	-61195	444	16329
1761000	1694	-60826	458	16428
1771000	1678	-60503	458	16515
1781000	1668	-60186	460	16602
1791000	1632	-59841	455	16699
1801000	1649	-59506	465	16792
1811000	1643	-59168	469	16888
1821000	1611	-58856	465	16978
1831000	1598	-58559	466	17064
1841000	1554	-58207	458	17168
1851000	1600	-57889	477	17261
1861000	1559	-57597	470	17349
1871000	1556	-57317	473	17434
1881000	1567	-56982	482	17536
1891000	1531	-56677	476	17631
1901000	1510	-56378	475	17725
1911000	1477	-56123	469	17806
1921000	1479	-55836	474	17897
1931000	1449	-55571	469	17983
1941000	1448	-55251	474	18087
1951000	1446	-54972	478	18179
1961000	1432	-54686	478	18274
1971000	1408	-54423	475	18362
1981000	1427	-54105	487	18470
1991000	1398	-53884	481	18546
2001000	1400	-53620	487	18637
2011000	1403	-53308	493	18746
2021000	1376	-53092	488	18823
2031000	1337	-52828	479	18917
2041000	1366	-52563	494	19012
2051000	1334	-52298	487	19109
2061000	1346	-52073	496	19191
2071000	1326	-51798	494	19293
2081000	1315	-51545	495	19388
2091000	1296	-51315	492	19475
2101000	1315	-51069	504	19569
2111000	1289	-50816	499	19666
2121000	1292	-50597	504	19751
2131000	1271	-50342	501	19851
2141000	1270	-50110	506	19943
2151000	1270	-49896	510	20029
2161000	1221	-49659	495	20125
2171000	1226	-49425	502	20220
2181000	1227	-49217	506	20306
2191000	1209	-48991	504	20399
2201000	1184	-48754	498	20499
2211000	1201	-48555	509	20582
2221000	1198	-48305	513	20689
2231000	1214	-48102	524	20776
2241000	1150	-47922	501	20855
2251000	1155	-47677	508	20962
2261000	1168	-47462	518	21057
2271000	1133	-47273	507	21142
2281000	1150	-47071	519	21232
2291000	1129	-46869	514	21324
2301000	1140	-46662	523	21418
2311000	1134	-46436	526	21522
2321000	1107	-46282	517	21594
2331000	1108	-46072	522	21693
2341000	1098	-45841	522	21802
2351000	1080	-45676	517	21881
2361000	1101	-45459	533	21985
2371000	1058	-45303	515	22061
2381000	1079	-45079	531	22171
2391000	1056	-44909	523	22255
2401000	1056	-44746	527	22336
2411000	1067	-44532	538	22443
2421000	1041	-44380	529	22520
2431000	1060	-44170	543	22627
2441000	1032	-44004	533	22712
2451000	1015	-43824	528	22806
2461000	1033	-43631	543	22907
2471000	999	-43484	528	22985
2481000	1025	-43275	547	23095
2491000	1017	-43142	546	23167
2501000	984	-42945	533	23273
2511000	993	-42774	542	23366
2521000	996	-42599	548	23462
2531000	998	-42443	554	23548
2541000	980	-42281	548	23638
2551000	969	-42091	546	23745
2561000	951	-41939	540	23832
2571000	962	-41784	551	23920
2581000	942	-41625	544	24012
2591000	929	-41455	541	24110
2601000	956	-41297	560	24202
2611000	924	-41138	546	24296
2621000	934	-40996	556	24380
2631000	912	-40829	547	24480
2641000	908	-40692	548	24562
2651000	917	-40511	558	24672
2661000	914	-40373	560	24756
2671000	909	-40191	562	24868
2681000	896	-40068	558	24945
2691000	905	-39925	568	25034
2701000	886	-39785	559	25123
2711000	904	-39630	575	25220
2721000	884	-39483	567	25315
2731000	849	-39328	549	25415
2741000	862	-39199	561	25499
2751000	860	-39034	564	25606
2761000	851	-38907	562	25690
2771000	861	-38788	572	25768
2781000	864	-38665	578	25850
2791000	853	-38498	575	25963
2801000	858	-38359	583	26056
2811000	850	-38228	581	26146
2821000	821	-38090	566	26241
2831000	813	-37961	564	26331
2841000	831	-37801	581	26441
2851000	824	-37690	580	26520
2861000	823	-37562	583	26610
2871000	819	-37459	583	26683
2881000	811	-37300	582	26797
2891000	811	-37180	587	26884
2901000	794	-37046	579	26981
2911000	791	-36900	580	27088
2921000	800	-36794	591	27166
2931000	787	-36639	586	27281
2941000	790	-36534	591	27359
2951000	777	-36434	585	27434
2961000	795	-36298	603	27537
2971000	767	-36178	586	27629
2981000	786	-36041	605	27733
2991000	759	-35916	588	27831
3001000	780	-35829	607	27897
3011000	741	-35687	582	28010
3021000	764	-35561	604	28108
3031000	748	-35451	595	28196
3041000	742	-35320	595	28300
3051000	742	-35240	597	28364
3061000	740	-35108	600	28471
3071000	737	-35011	601	28550
3081000	736	-34876	605	28660
3091000	735	-34773	608	28745
3101000	712	-34656	592	28842
3111000	721	-34531	605	28947
3121000	712	-34439	600	29024
3131000	717	-34341	608	29107
3141000	698	-34229	595	29203
3151000	713	-34118	612	29297
3161000	711	-34021	614	29381
3171000	706	-33889	614	29495
3181000	696	-33809	609	29566
3191000	697	-33686	614	29673
3201000	686	-33563	609	29782
3211000	678	-33467	605	29868
3221000	704	-33391	631	29935
3231000	669	-33278	604	30038
3241000	684	-33164	622	30140
3251000	666	-33071	609	30226
3261000	661	-32947	608	30339
3271000	663	-32852	614	30428
3281000	656	-32765	611	30508
3291000	669	-32657	627	30609
3301000	658	-32561	621	30699
3311000	672	-32481	637	30774
3321000	651	-32372	621	30878
3331000	652	-32275	625	30971
3341000	654	-32190	631	31053
3351000	648	-32076	630	31163
3361000	636	-31992	622	31245
3371000	642	-31884	632	31351
3381000	635	-31790	628	31444
3391000	632	-31680	630	31553
3401000	631	-31597	631	31636
3411000	621	-31523	625	31710
3421000	634	-31412	643	31822
3431000	620	-31341	631	31894
3441000	632	-31238	647	31999
3451000	603	-31151	622	32090
3461000	620	-31047	643	32196
3471000	624	-30964	650	32282
3481000	605	-30879	634	32372
3491000	609	-30804	642	32451
3501000	602	-30706	639	32555
3511000	611	-30614	651	32652
3521000	601	-30529	644	32743
3531000	606	-30426	655	32854
3541000	584	-30355	634	32931
3551000	603	-30263	658	33031
3561000	585	-30200	641	33100
3571000	582	-30089	643	33223
3581000	591	-30031	655	33286
3591000	584	-29941	651	33387
3601000	580	-29848	651	33490
3611000	583	-29762	658	33587
3621000	574	-29685	651	33675
3631000	569	-29611	648	33758
3641000	578	-29526	663	33855
3651000	568	-29437	655	33958
3661000	561	-29350	651	34060
3671000	566	-29280	660	34140
3681000	559	-29203	655	34231
3691000	557	-29118	657	34331
3701000	554	-29047	657	34415
3711000	572	-28967	681	34508
3721000	552	-28891	662	34600
3731000	562	-28809	677	34699
3741000	567	-28723	687	34802
3751000	547	-28645	667	34897
3761000	547	-28576	669	34982
3771000	553	-28500	680	35074
3781000	540	-28418	668	35176
3791000	528	-28355	656	35255
3801000	542	-28269	678	35361
3811000	532	-28198	668	35451
3821000	540	-28129	682	35537
3831000	520	-28050	661	35639
3841000	530	-27967	678	35744
3851000	529	-27920	678	35803
3861000	525	-27854	676	35889
3871000	541	-27761	701	36008
3881000	522	-27692	680	36099
3891000	518	-27603	679	36215
3901000	508	-27551	668	36284
3911000	524	-27469	694	36392
3921000	516	-27396	687	36488
3931000	501	-27353	669	36547
3941000	511	-27269	686	36659
3951000	516	-27204	698	36746
3961000	510	-27129	693	36848
3971000	510	-27064	696	36936
3981000	504	-26987	692	37041
3991000	501	-26919	691	37135
4001000	498	-26855	691	37224
4011000	494	-26783	689	37325
4021000	501	-26729	700	37400
4031000	502	-26646	707	37516
4041000	493	-26602	696	37579
4051000	504	-26527	715	37683
4061000	488	-26449	697	37796
4071000	493	-26389	707	37882
4081000	487	-26326	703	37972
4091000	477	-26271	691	38052
4101000	492	-26194	717	38163
4111000	494	-26126	723	38262
4121000	468	-26058	689	38363
4131000	478	-25990	707	38463
4141000	482	-25939	717	38539
4151000	492	-25864	735	38649
4161000	478	-25814	717	38726
4171000	478	-25743	721	38832
4181000	464	-25698	703	38901
4191000	476	-25634	723	38997
4201000	467	-25554	715	39120
4211000	458	-25511	704	39186
4221000	464	-25444	716	39289
4231000	454	-25396	703	39364
4241000	470	-25326	732	39472
4251000	465	-25263	728	39571
4261000	451	-25214	709	39648
4271000	448	-25137	708	39769
4281000	449	-25083	713	39855
4291000	465	-25019	742	39956
4301000	446	-24958	715	40054
4311000	441	-24913	710	40128
4321000	446	-24849	722	40231
4331000	448	-24808	728	40297
4341000	465	-24734	760	40416
4351000	457	-24671	751	40520
4361000	443	-24625	730	40596
4371000	438	-24557	727	40708
4381000	444	-24502	739	40800
4391000	454	-24446	759	40893
4401000	430	-24394	723	40982
4411000	433	-24348	731	41058
4421000	444	-24285	753	41165
4431000	436	-24236	742	41248
4441000	450	-24171	769	41358
4451000	432	-24112	743	41459
4461000	425	-24067	733	41538
4471000	420	-24007	729	41642
4481000	420	-23956	732	41731
4491000	433	-23891	759	41843
4501000	433	-23828	762	41953
4511000	415	-23797	732	42009
4521000	428	-23740	760	42110
4531000	419	-23691	745	42196
4541000	427	-23645	764	42279
4551000	418	-23587	752	42384
4561000	426	-23536	768	42475
4571000	418	-23472	758	42591
4581000	409	-23419	746	42687
4591000	414	-23377	757	42764
4601000	410	-23318	754	42872
4611000	419	-23281	773	42939
4621000	420	-23222	779	43049
4631000	404	-23186	751	43116
4641000	407	-23130	761	43220
4651000	409	-23070	768	43332
4661000	401	-23029	756	43410
4671000	408	-22968	772	43526
4681000	407	-22927	774	43602
4691000	403	-22880	770	43694
4701000	404	-22815	775	43817
4711000	394	-22769	760	43906
4721000	385	-22720	745	44002
4731000	400	-22680	777	44078
4741000	406	-22637	791	44162
4751000	406	-22580	797	44273
4761000	392	-22535	771	44361
4771000	389	-22490	769	44451
4781000	393	-22434	781	44561
4791000	376	-22390	749	44649
4801000	385	-22338	772	44753
4811000	388	-22289	781	44852
4821000	395	-22251	797	44927
4831000	392	-22196	796	45038
4841000	392	-22169	797	45093
4851000	391	-22125	799	45184
4861000	392	-22067	805	45302
4871000	385	-22020	793	45400
4881000	386	-21968	800	45506
4891000	390	-21921	811	45604
4901000	375	-21882	784	45687
4911000	373	-21829	783	45798
4921000	377	-21777	794	45906
4931000	380	-21746	803	45971
4941000	378	-21691	804	46087
4951000	375	-21652	799	46172
4961000	384	-21616	822	46247
4971000	394	-21564	846	46357
4981000	385	-21524	831	46445
4991000	370	-21480	801	46541
5001000	374	-21432	813	46645
5011000	363	-21395	793	46726
5021000	361	-21354	791	46817
5031000	358	-21301	789	46934
5041000	367	-21270	811	47000
5051000	362	-21215	803	47124
5061000	380	-21189	846	47180
5071000	368	-21144	822	47281
5081000	358	-21096	805	47390
5091000	365	-21054	823	47484
5101000	365	-21014	826	47573
5111000	364	-20970	828	47673
5121000	364	-20930	830	47765
5131000	363	-20890	833	47855
5141000	368	-20834	847	47983
5151000	367	-20801	847	48059
5161000	363	-20752	843	48173
5171000	359	-20723	835	48242
5181000	353	-20685	825	48329
5191000	355	-20638	834	48440
5201000	359	-20589	848	48555
5211000	354	-20561	837	48622
5221000	341	-20509	810	48746
5231000	354	-20464	844	48851
5241000	349	-20441	836	48908
5251000	352	-20390	848	49029
5261000	347	-20345	839	49139
5271000	342	-20321	828	49196
5281000	332	-20276	808	49305
5291000	345	-20239	841	49396
5301000	340	-20210	832	49466
5311000	335	-20159	824	49592
5321000	337	-20124	831	49679
5331000	332	-20093	821	49754
5341000	329	-20044	819	49878
5351000	343	-20012	857	49956
5361000	340	-19975	853	50047
5371000	342	-19929	860	50164
5381000	337	-19884	851	50276
5391000	339	-19861	860	50335
5401000	330	-19817	841	50448
5411000	333	-19773	850	50560
5421000	327	-19751	837	50618
5431000	323	-19707	831	50731
5441000	326	-19666	843	50836
5451000	322	-19644	835	50892
5461000	324	-19593	844	51026
5471000	326	-19554	851	51126
5481000	333	-19524	873	51203
5491000	329	-19485	866	51308
5501000	325	-19440	860	51426
5511000	322	-19423	852	51472
5521000	316	-19377	840	51594
5531000	313	-19352	834	51662
5541000	328	-19318	880	51750
5551000	321	-19276	863	51863
5561000	320	-19235	866	51973
5571000	332	-19207	901	52049
5581000	321	-19160	875	52177
5591000	320	-19138	872	52238
5601000	325	-19105	890	52327
5611000	318	-19066	876	52435
5621000	323	-19021	892	52559
5631000	328	-18992	909	52638
5641000	326	-18957	907	52736
5651000	328	-18927	914	52819
5661000	320	-18900	896	52895
5671000	320	-18865	900	52993
5681000	313	-18826	883	53102
5691000	313	-18791	886	53202
5701000	319	-18760	906	53289
5711000	315	-18716	900	53415
5721000	303	-18689	866	53494
5731000	310	-18664	891	53565
5741000	302	-18625	869	53677
5751000	301	-18585	871	53792
5761000	304	-18561	882	53861
5771000	308	-18519	898	53984
5781000	309	-18496	903	54051
5791000	311	-18466	912	54138
5801000	317	-18431	934	54239
5811000	313	-18392	926	54357
5821000	311	-18358	922	54457
5831000	303	-18334	901	54529
5841000	298	-18290	890	54659
5851000	295	-18269	885	54724
5861000	295	-18240	885	54810
5871000	295	-18196	890	54943
5881000	288	-18164	872	55040
5891000	295	-18138	895	55118
5901000	299	-18102	911	55227
5911000	299	-18074	914	55312
5921000	299	-18041	917	55415
5931000	298	-18025	917	55465
5941000	298	-17985	920	55586
5951000	296	-17953	918	55685
5961000	297	-17932	923	55751
5971000	292	-17883	912	55904
5981000	294	-17859	920	55978
5991000	294	-17825	925	56087
6001000	291	-17804	918	56151
6011000	297	-17763	940	56282
6021000	293	-17731	933	56381
6031000	295	-17711	941	56447
6041000	293	-17672	939	56570
6051000	301	-17649	966	56644
6061000	293	-17620	943	56738
6071000	288	-17591	930	56832
6081000	289	-17557	938	56943
6091000	289	-17527	940	57038
6101000	283	-17505	922	57112
6111000	277	-17461	908	57257
6121000	285	-17443	937	57314
6131000	286	-17412	944	57417
6141000	281	-17380	929	57521
6151000	274	-17351	911	57620
6161000	277	-17322	923	57715
6171000	277	-17306	924	57768
6181000	270	-17265	906	57906
6191000	275	-17245	925	57972
6201000	277	-17220	933	58057
6211000	277	-17189	936	58162
6221000	270	-17159	915	58265
6231000	270	-17128	922	58370
6241000	278	-17109	951	58434
6251000	263	-17065	904	58584
6261000	268	-17044	923	58657
6271000	271	-17008	936	58782
6281000	270	-16989	936	58846
6291000	272	-16951	947	58977
6301000	264	-16925	923	59070
6311000	275	-16903	964	59145
6321000	270	-16870	947	59260
6331000	269	-16848	947	59340
6341000	273	-16819	965	59440
6351000	281	-16800	997	59506
6361000	270	-16763	960	59641
6371000	271	-16735	968	59741
6381000	269	-16710	961	59828
6391000	275	-16681	987	59932
6401000	270	-16645	975	60063
6411000	267	-16628	964	60123
6421000	266	-16603	965	60216
6431000	266	-16575	969	60317
6441000	261	-16545	953	60426
6451000	256	-16515	940	60536
6461000	256	-16501	938	60589
6471000	258	-16462	950	60732
6481000	256	-16447	945	60786
6491000	252	-16424	935	60873
6501000	260	-16403	967	60948
6511000	257	-16365	959	61091
6521000	252	-16341	943	61183
6531000	257	-16319	965	61264
6541000	251	-16297	947	61348
6551000	252	-16262	954	61479
6561000	254	-16240	962	61562
6571000	249	-16215	948	61656
6581000	252	-16195	959	61731
6591000	252	-16161	963	61862
6601000	248	-16127	953	61994
6611000	250	-16113	961	62047
6621000	251	-16090	970	62137
6631000	246	-16065	953	62231
6641000	254	-16039	988	62330
6651000	249	-16017	970	62418
6661000	248	-15993	970	62511
6671000	247	-15966	970	62618
6681000	250	-15936	983	62736
6691000	246	-15921	970	62795
6701000	247	-15891	976	62915
6711000	240	-15867	954	63010
6721000	249	-15846	991	63090
6731000	251	-15819	1002	63198
6741000	247	-15794	988	63298
6751000	243	-15770	979	63397
6761000	240	-15739	967	63522
6771000	252	-15724	1018	63582
6781000	248	-15697	1007	63692
6791000	245	-15675	998	63782
6801000	247	-15660	1006	63843
6811000	250	-15639	1020	63927
6821000	246	-15611	1010	64042
6831000	237	-15584	976	64154
6841000	239	-15556	988	64267
6851000	246	-15535	1019	64355
6861000	241	-15504	1000	64484
6871000	238	-15482	993	64578
6881000	240	-15460	1004	64666
6891000	239	-15446	1001	64728
6901000	246	-15424	1035	64816
6911000	241	-15390	1017	64962
6921000	232	-15364	983	65073
6931000	236	-15345	1000	65152
6941000	236	-15328	1005	65223
6951000	236	-15292	1008	65380
6961000	235	-15281	1008	65427
6971000	236	-15255	1015	65535
6981000	237	-15240	1020	65602
6991000	231	-15209	1000	65737
7001000	233	-15182	1011	65853
7011000	230	-15168	1001	65915
7021000	238	-15154	1034	65973
7031000	233	-15119	1020	66125
7041000	236	-15099	1036	66213
7051000	238	-15084	1045	66281
7061000	235	-15062	1036	66375
7071000	232	-15036	1026	66490
7081000	227	-15009	1008	66612
7091000	227	-14978	1013	66747
7101000	230	-14963	1027	66818
7111000	232	-14952	1035	66864
7121000	229	-14921	1028	67006
7131000	232	-14906	1045	67071
7141000	231	-14877	1045	67201
7151000	232	-14864	1050	67260
7161000	228	-14837	1035	67385
7171000	226	-14817	1029	67473
7181000	224	-14795	1023	67573
7191000	230	-14776	1055	67661
7201000	225	-14750	1032	67783
7211000	217	-14728	1002	67883
7221000	221	-14709	1023	67971
7231000	224	-14684	1038	68085
7241000	232	-14674	1075	68132
7251000	224	-14642	1044	68280
7261000	224	-14622	1046	68372
7271000	220	-14602	1031	68468
7281000	220	-14594	1034	68504
7291000	220	-14559	1037	68670
7301000	219	-14540	1036	68759
7311000	220	-14528	1042	68816
7321000	224	-14511	1066	68895
7331000	226	-14491	1078	68992
7341000	221	-14460	1056	69141
7351000	225	-14437	1079	69248
7361000	220	-14416	1058	69352
7371000	221	-14405	1067	69405
7381000	213	-14373	1029	69561
7391000	215	-14353	1044	69658
7401000	223	-14336	1084	69739
7411000	220	-14319	1070	69821
7421000	221	-14302	1082	69902
7431000	222	-14268	1089	70068
7441000	220	-14250	1084	70160
7451000	223	-14227	1099	70272
7461000	225	-14217	1115	70322
7471000	226	-14200	1118	70403
7481000	223	-14165	1111	70578
7491000	223	-14157	1113	70620
7501000	228	-14137	1139	70719
7511000	230	-14118	1151	70812
7521000	223	-14095	1123	70928
7531000	219	-14075	1106	71032
7541000	220	-14057	1111	71124
7551000	225	-14040	1139	71205
7561000	227	-14020	1154	71310
7571000	217	-13987	1109	71480
7581000	216	-13972	1107	71552
7591000	212	-13955	1086	71642
7601000	209	-13942	1075	71710
7611000	214	-13928	1104	71779
7621000	208	-13898	1078	71936
7631000	207	-13883	1072	72013
7641000	204	-13865	1059	72109
7651000	210	-13852	1095	72175
7661000	209	-13835	1089	72266
7671000	205	-13807	1077	72413
7681000	206	-13796	1085	72469
7691000	204	-13771	1074	72600
7701000	207	-13757	1095	72672
7711000	208	-13746	1102	72734
7721000	197	-13720	1048	72873
7731000	205	-13701	1092	72971
7741000	209	-13683	1117	73068
7751000	211	-13670	1126	73135
7761000	205	-13641	1099	73294
7771000	203	-13619	1092	73408
7781000	209	-13610	1126	73457
7791000	209	-13584	1135	73597
7801000	211	-13573	1146	73659
7811000	209	-13554	1135	73760
7821000	206	-13529	1127	73896
7831000	203	-13511	1113	74000
7841000	202	-13494	1108	74088
7851000	207	-13483	1139	74149
7861000	207	-13459	1142	74284
7871000	202	-13441	1116	74383
7881000	203	-13424	1125	74476
7891000	205	-13400	1139	74610
7901000	207	-13386	1156	74689
7911000	213	-13368	1192	74785
7921000	210	-13347	1180	74906
7931000	215	-13334	1209	74979
7941000	211	-13315	1191	75085
7951000	212	-13301	1200	75161
7961000	213	-13287	1206	75243
7971000	205	-13257	1164	75414
7981000	209	-13241	1194	75501
7991000	205	-13221	1170	75617
8001000	201	-13207	1154	75702
8011000	203	-13197	1167	75757
8021000	203	-13181	1168	75850
8031000	199	-13161	1147	75967
8041000	199	-13138	1155	76096
8051000	203	-13127	1181	76163
8061000	206	-13117	1197	76215
8071000	197	-13086	1148	76400
8081000	201	-13071	1176	76490
8091000	203	-13063	1188	76532
8101000	202	-13047	1186	76625
8111000	210	-13035	1236	76698
8121000	206	-13014	1218	76821
8131000	198	-12991	1171	76961
8141000	195	-12970	1161	77085
8151000	198	-12952	1181	77189
8161000	199	-12941	1186	77253
8171000	197	-12922	1182	77372
8181000	189	-12895	1137	77531
8191000	193	-12888	1160	77574
8201000	195	-12878	1177	77631
8211000	193	-12860	1165	77744
8221000	193	-12850	1166	77801
8231000	189	-12827	1148	77941
8241000	193	-12805	1176	78079
8251000	193	-12785	1177	78196
8261000	191	-12767	1169	78308
8271000	197	-12756	1212	78375
8281000	199	-12743	1224	78455
8291000	193	-12719	1195	78601
8301000	201	-12705	1247	78687
8311000	207	-12691	1286	78772
8321000	204	-12675	1270	78873
8331000	207	-12666	1292	78931
8341000	199	-12642	1242	79080
8351000	193	-12621	1209	79217
8361000	190	-12606	1194	79307
8371000	189	-12595	1194	79376
8381000	195	-12587	1232	79430
8391000	191	-12570	1207	79537
8401000	189	-12545	1202	79696
8411000	187	-12533	1189	79769
8421000	183	-12520	1168	79855
8431000	183	-12500	1173	79981
8441000	186	-12492	1192	80035
8451000	193	-12477	1237	80130
8461000	193	-12457	1242	80256
8471000	189	-12438	1222	80381
8481000	184	-12418	1193	80513
8491000	188	-12409	1218	80571
8501000	190	-12398	1233	80640
8511000	182	-12373	1186	80803
8521000	183	-12356	1200	80917
8531000	190	-12347	1248	80975
8541000	196	-12334	1286	81056
8551000	196	-12320	1294	81145
8561000	201	-12307	1324	81232
8571000	195	-12286	1295	81370
8581000	197	-12265	1306	81510
8591000	193	-12248	1284	81626
8601000	190	-12234	1271	81723
8611000	195	-12222	1306	81797
8621000	199	-12210	1337	81876
8631000	189	-12189	1275	82018
8641000	189	-12177	1272	82104
8651000	190	-12168	1282	82165
8661000	188	-12152	1272	82271
8671000	187	-12143	1268	82335
8681000	188	-12131	1277	82415
8691000	182	-12105	1242	82590
8701000	187	-12089	1280	82703
8711000	183	-12070	1255	82833
8721000	180	-12059	1240	82904
8731000	188	-12049	1298	82972
8741000	185	-12038	1277	83049
8751000	180	-12013	1246	83224
8761000	180	-12003	1250	83292
8771000	179	-11989	1248	83388
8781000	178	-11971	1244	83518
8791000	182	-11968	1273	83536
8801000	183	-11958	1279	83609
8811000	175	-11929	1226	83810
8821000	176	-11915	1236	83906
8831000	172	-11901	1212	84006
8841000	177	-11884	1252	84125
8851000	180	-11874	1275	84202
8861000	188	-11860	1335	84294
8871000	184	-11837	1316	84463
8881000	180	-11825	1285	84546
8891000	182	-11813	1302	84634
8901000	180	-11798	1295	84743
8911000	178	-11787	1285	84823
8921000	179	-11782	1291	84858
8931000	176	-11762	1273	85000
8941000	175	-11746	1268	85117
8951000	178	-11729	1290	85238
8961000	174	-11717	1269	85327
8971000	176	-11705	1283	85411
8981000	173	-11697	1265	85470
8991000	171	-11677	1255	85622
9001000	167	-11659	1227	85750
9011000	169	-11649	1247	85824
9021000	168	-11637	1242	85914
9031000	172	-11622	1272	86023
9041000	177	-11612	1311	86096
9051000	179	-11600	1327	86187
9061000	175	-11582	1307	86319
9071000	172	-11573	1281	86392
9081000	171	-11552	1279	86546
9091000	173	-11539	1298	86646
9101000	178	-11529	1342	86717
9111000	181	-11518	1363	86798
9121000	174	-11492	1318	86997
9131000	176	-11480	1335	87087
9141000	180	-11472	1371	87150
9151000	176	-11459	1339	87247
9161000	172	-11448	1315	87330
9171000	172	-11440	1317	87389
9181000	169	-11426	1296	87500
9191000	166	-11411	1277	87618
9201000	165	-11397	1272	87726
9211000	159	-11382	1231	87844
9221000	159	-11369	1230	87939
9231000	170	-11356	1321	88036
9241000	172	-11344	1337	88129
9251000	166	-11324	1296	88291
9261000	169	-11311	1321	88389
9271000	170	-11305	1332	88437
9281000	170	-11298	1329	88491
9291000	168	-11286	1321	88589
9301000	169	-11276	1327	88660
9311000	169	-11261	1330	88782
9321000	167	-11241	1322	88944
9331000	163	-11222	1291	89091
9341000	167	-11209	1331	89197
9351000	172	-11193	1370	89323
9361000	174	-11183	1388	89400
9371000	179	-11178	1432	89440
9381000	176	-11158	1413	89597
9391000	169	-11137	1364	89773
9401000	171	-11126	1381	89859
9411000	168	-11116	1359	89941
9421000	165	-11106	1334	90021
9431000	168	-11096	1366	90103
9441000	169	-11086	1376	90182
9451000	165	-11072	1342	90295
9461000	159	-11052	1299	90462
9471000	157	-11039	1288	90568
9481000	153	-11025	1258	90685
9491000	157	-11017	1291	90752
9501000	164	-11010	1356	90805
9511000	167	-11004	1382	90857
9521000	166	-10985	1379	91016
9531000	158	-10966	1311	91171
9541000	164	-10957	1362	91241
9551000	161	-10942	1349	91373
9561000	163	-10928	1366	91486
9571000	168	-10921	1410	91548
9581000	174	-10914	1460	91600
9591000	180	-10896	1513	91750
9601000	166	-10872	1403	91958
9611000	170	-10863	1443	92033
9621000	168	-10851	1428	92138
9631000	166	-10844	1409	92199
9641000	166	-10836	1414	92267
9651000	172	-10830	1463	92316
9661000	168	-10813	1439	92457
9671000	164	-10792	1406	92644
9681000	166	-10783	1431	92717
9691000	171	-10776	1471	92775
9701000	167	-10764	1438	92881
9711000	164	-10750	1417	93002
9721000	167	-10746	1450	93035
9731000	168	-10736	1453	93122
9741000	162	-10715	1407	93302
9751000	158	-10703	1376	93411
9761000	153	-10688	1339	93540
9771000	152	-10672	1336	93684
9781000	157	-10665	1376	93740
9791000	159	-10662	1396	93774
9801000	164	-10650	1445	93875
9811000	159	-10631	1410	94044
9821000	161	-10615	1429	94187
9831000	168	-10605	1490	94269
9841000	165	-10591	1470	94401
9851000	162	-10577	1449	94522
9861000	164	-10571	1464	94571
9871000	167	-10569	1491	94596
9881000	161	-10558	1447	94696
9891000	155	-10540	1396	94852
9901000	154	-10532	1392	94932
9911000	153	-10523	1377	95012
9921000	154	-10509	1390	95137
9931000	152	-10500	1378	95222
9941000	153	-10495	1386	95263
9951000	153	-10482	1392	95377
9961000	148	-10461	1349	95576
9971000	149	-10449	1365	95685
9981000	153	-10443	1404	95737
9991000	152	-10427	1401	95883
10001000	151	-10413	1388	96014
10011000	152	-10404	1407	96100
10021000	158	-10400	1463	96129
10031000	163	-10383	1514	96286
10041000	161	-10365	1499	96451
10051000	159	-10352	1487	96581
10061000	160	-10334	1494	96746
10071000	156	-10328	1464	96806
10081000	157	-10317	1478	96901
10091000	160	-10314	1503	96931
10101000	160	-10308	1507	96989
10111000	153	-10291	1445	97150
10121000	153	-10277	1451	97284
10131000	156	-10272	1477	97328
10141000	160	-10267	1516	97379
10151000	161	-10259	1526	97455
10161000	161	-10246	1533	97574
10171000	161	-10233	1541	97699
10181000	156	-10219	1493	97833
10191000	153	-10202	1469	97994
10201000	149	-10191	1432	98104
10211000	150	-10181	1445	98202
10221000	146	-10170	1408	98306
10231000	143	-10160	1388	98405
10241000	148	-10159	1435	98416
10251000	154	-10148	1493	98519
10261000	151	-10129	1474	98701
10271000	149	-10111	1457	98879
10281000	153	-10100	1495	98988
10291000	157	-10092	1538	99064
10301000	160	-10084	1574	99146
10311000	159	-10071	1570	99271
10321000	158	-10063	1557	99351
10331000	160	-10057	1584	99411
10341000	157	-10046	1559	99515
10351000	153	-10033	1522	99652
10361000	149	-10018	1480	99797
10371000	145	-10007	1444	99910
10381000	143	-9997	1435	100006
10391000	147	-9987	1472	100112
10401000	152	-9980	1531	100173
10411000	152	-9974	1529	100241
10421000	149	-9960	1504	100377
10431000	144	-9942	1458	100558
10441000	144	-9932	1463	100664
10451000	151	-9931	1533	100668
10461000	147	-9926	1497	100727
10471000	147	-9914	1496	100847
10481000	151	-9903	1538	100951
10491000	159	-9892	1623	101065
10501000	153	-9876	1567	101233
10511000	152	-9862	1565	101376
10521000	153	-9852	1571	101475
10531000	149	-9844	1540	101562
10541000	146	-9836	1510	101650
10551000	144	-9826	1492	101750
10561000	144	-9823	1488	101777
10571000	143	-9818	1484	101835
10581000	140	-9806	1453	101959
10591000	136	-9791	1420	102116
10601000	136	-9779	1419	102241
10611000	136	-9766	1427	102378
10621000	137	-9754	1443	102507
10631000	135	-9740	1420	102654
10641000	138	-9727	1459	102783
10651000	140	-9724	1485	102820
10661000	147	-9718	1556	102882
10671000	143	-9710	1515	102963
10681000	139	-9695	1482	103128
10691000	140	-9687	1490	103209
10701000	139	-9675	1482	103343
10711000	138	-9661	1473	103489
10721000	139	-9644	1497	103666
10731000	147	-9640	1582	103709
10741000	150	-9637	1616	103743
10751000	152	-9626	1642	103855
10761000	144	-9608	1556	104054
10771000	142	-9597	1546	104176
10781000	141	-9594	1534	104211
10791000	141	-9588	1538	104273
10801000	141	-9584	1532	104323
10811000	140	-9578	1524	104382
10821000	135	-9569	1474	104487
10831000	139	-9565	1524	104531
10841000	141	-9556	1545	104621
10851000	141	-9540	1550	104798
10861000	136	-9524	1500	104973
10871000	141	-9513	1556	105098
10881000	140	-9502	1549	105219
10891000	138	-9488	1531	105379
10901000	139	-9484	1546	105421
10911000	139	-9477	1553	105499
10921000	142	-9470	1584	105576
10931000	142	-9452	1591	105768
10941000	141	-9433	1583	105983
10951000	141	-9428	1581	106045
10961000	142	-9418	1603	106159
10971000	147	-9416	1659	106178
10981000	146	-9406	1649	106287
10991000	138	-9394	1565	106424
11001000	139	-9390	1579	106478
11011000	142	-9386	1612	106513
11021000	139	-9383	1581	106547
11031000	135	-9367	1541	106733
11041000	132	-9353	1504	106892
11051000	135	-9343	1544	107004
11061000	131	-9326	1507	107201
11071000	129	-9315	1483	107333
11081000	133	-9310	1529	107389
11091000	137	-9306	1582	107429
11101000	142	-9302	1642	107477
11111000	140	-9293	1624	107584
11121000	134	-9275	1552	107792
11131000	131	-9263	1528	107935
11141000	132	-9257	1535	107999
11151000	136	-9251	1584	108069
11161000	136	-9238	1588	108225
11171000	134	-9225	1571	108381
11181000	140	-9217	1651	108474
11191000	143	-9209	1683	108564
11201000	145	-9200	1712	108666
11211000	140	-9191	1661	108781
11221000	140	-9177	1662	108946
11231000	138	-9173	1640	108993
11241000	136	-9165	1617	109088
11251000	137	-9154	1635	109223
11261000	136	-9146	1625	109310
11271000	136	-9139	1627	109400
11281000	135	-9139	1620	109401
11291000	140	-9129	1674	109511
11301000	133	-9116	1603	109673
11311000	130	-9099	1570	109876
11321000	129	-9090	1562	109992
11331000	132	-9083	1604	110074
11341000	131	-9076	1596	110158
11351000	128	-9066	1561	110286
11361000	129	-9061	1574	110338
11371000	134	-9052	1634	110451
11381000	138	-9046	1685	110516
11391000	143	-9035	1754	110658
11401000	137	-9024	1676	110786
11411000	137	-9007	1683	110994
11421000	138	-9001	1706	111070
11431000	135	-8989	1671	111216
11441000	132	-8980	1635	111335
11451000	131	-8976	1620	111388
11461000	131	-8969	1627	111467
11471000	134	-8964	1665	111531
11481000	136	-8959	1695	111588
11491000	132	-8953	1646	111675
11501000	126	-8939	1578	111844
11511000	123	-8926	1549	112013
11521000	128	-8922	1606	112057
11531000	134	-8915	1681	112145
11541000	134	-8908	1691	112235
11551000	136	-8901	1721	112320
11561000	138	-8896	1742	112384
11571000	136	-8887	1716	112494
11581000	132	-8881	1674	112577
11591000	135	-8869	1713	112728
11601000	128	-8856	1630	112900
11611000	125	-8840	1605	113099
11621000	129	-8834	1656	113175
11631000	132	-8819	1703	113365
11641000	135	-8811	1738	113464
11651000	137	-8804	1772	113563
11661000	138	-8799	1788	113625
11671000	138	-8795	1785	113671
11681000	138	-8789	1781	113746
11691000	133	-8776	1722	113921
11701000	125	-8764	1630	114077
11711000	123	-8757	1602	114171
11721000	123	-8752	1608	114242
11731000	128	-8744	1673	114343
11741000	128	-8737	1678	114433
11751000	125	-8731	1646	114516
11761000	122	-8721	1605	114643
11771000	130	-8714	1707	114731
11781000	133	-8709	1754	114791
11791000	135	-8700	1789	114909
11801000	130	-8683	1723	115138
11811000	128	-8673	1702	115277
11821000	125	-8664	1664	115403
11831000	132	-8657	1762	115487
11841000	126	-8646	1681	115637
11851000	130	-8632	1745	115821
11861000	130	-8627	1750	115895
11871000	136	-8621	1831	115963
11881000	142	-8614	1909	116061
11891000	140	-8606	1885	116171
11901000	134	-8596	1813	116304
11911000	128	-8588	1734	116415
11921000	127	-8582	1725	116500
11931000	131	-8579	1786	116530
11941000	130	-8571	1765	116644
11951000	131	-8564	1792	116739
11961000	133	-8558	1811	116828
11971000	139	-8549	1899	116946
11981000	135	-8541	1852	117046
11991000	139	-8535	1913	117131
12001000	135	-8522	1858	117312
12011000	133	-8514	1836	117421
12021000	123	-8500	1705	117618
12031000	125	-8497	1730	117665
12041000	123	-8492	1709	117739
12051000	119	-8486	1654	117821
12061000	121	-8476	1680	117950
12071000	122	-8472	1700	118008
12081000	124	-8464	1729	118121
12091000	131	-8458	1828	118197
12101000	137	-8448	1915	118342
12111000	132	-8427	1864	118632
12121000	129	-8416	1817	118796
12131000	128	-8404	1818	118956
12141000	130	-8402	1841	118987
12151000	129	-8396	1824	119070
12161000	127	-8389	1804	119180
12171000	124	-8381	1763	119296
12181000	123	-8376	1748	119360
12191000	124	-8377	1773	119344
12201000	126	-8370	1801	119444
12211000	126	-8364	1801	119528
12221000	122	-8352	1742	119705
12231000	125	-8344	1790	119816
12241000	122	-8332	1764	119997
12251000	124	-8325	1782	120090
12261000	122	-8312	1758	120276
12271000	118	-8301	1719	120445
12281000	119	-8295	1724	120533
12291000	119	-8290	1731	120601
12301000	127	-8287	1849	120636
12311000	129	-8283	1886	120693
12321000	132	-8273	1933	120843
12331000	131	-8262	1915	121008
12341000	125	-8247	1834	121223
12351000	125	-8238	1845	121357
12361000	127	-8234	1869	121419
12371000	130	-8230	1917	121477
12381000	127	-8225	1872	121545
12391000	121	-8213	1791	121729
12401000	117	-8210	1737	121782
12411000	119	-8204	1761	121870
12421000	118	-8203	1750	121883
12431000	123	-8200	1833	121931
12441000	124	-8197	1843	121967
12451000	117	-8186	1739	122142
12461000	120	-8172	1796	122344
12471000	119	-8164	1787	122461
12481000	120	-8153	1809	122630
12491000	119	-8144	1790	122771
12501000	120	-8141	1806	122815
12511000	121	-8131	1825	122961
12521000	120	-8126	1819	123033
12531000	123	-8123	1865	123074
12541000	126	-8117	1909	123163
12551000	120	-8109	1820	123297
12561000	120	-8095	1838	123505
12571000	118	-8082	1805	123705
12581000	120	-8070	1842	123883
12591000	124	-8066	1903	123947
12601000	128	-8057	1969	124077
12611000	130	-8052	1999	124163
12621000	130	-8048	2014	124221
12631000	129	-8040	1998	124343
12641000	126	-8033	1950	124453
12651000	128	-8027	1980	124552
12661000	129	-8025	1997	124585
12671000	127	-8023	1979	124615
12681000	122	-8011	1904	124794
12691000	116	-8005	1807	124901
12701000	115	-7997	1790	125021
12711000	114	-7989	1791	125153
12721000	115	-7981	1809	125268
12731000	111	-7970	1741	125440
12741000	108	-7964	1704	125542
12751000	114	-7958	1798	125639
12761000	122	-7952	1928	125720
12771000	124	-7945	1957	125830
12781000	124	-7940	1966	125910
12791000	119	-7934	1889	126014
12801000	114	-7922	1821	126208
12811000	113	-7910	1799	126404
12821000	115	-7902	1838	126530
12831000	120	-7896	1921	126610
12841000	127	-7886	2039	126773
12851000	125	-7876	2015	126930
12861000	121	-7867	1955	127086
12871000	123	-7862	1985	127169
12881000	123	-7858	1986	127222
12891000	126	-7858	2034	127227
12901000	125	-7854	2021	127284
12911000	124	-7851	2018	127346
12921000	121	-7843	1968	127464
12931000	115	-7832	1874	127659
12941000	113	-7823	1840	127796
12951000	112	-7817	1840	127906
12961000	116	-7812	1901	127982
12971000	113	-7804	1861	128119
12981000	111	-7797	1818	128228
12991000	117	-7790	1928	128349
13001000	119	-7781	1964	128481
13011000	119	-7779	1969	128527
13021000	123	-7775	2027	128585
13031000	124	-7770	2047	128675
13041000	119	-7765	1976	128757
13051000	109	-7749	1821	129031
13061000	106	-7739	1770	129189
13071000	109	-7729	1820	129352
13081000	114	-7722	1903	129464
13091000	117	-7720	1966	129504
13101000	120	-7707	2015	129725
13111000	121	-7696	2036	129906
13121000	122	-7686	2068	130080
13131000	123	-7682	2081	130144
13141000	125	-7678	2118	130207
13151000	127	-7679	2160	130192
13161000	130	-7672	2210	130298
13171000	125	-7668	2128	130376
13181000	122	-7655	2090	130605
13191000	119	-7652	2040	130658
13201000	121	-7641	2067	130840
13211000	116	-7636	1991	130925
13221000	112	-7630	1923	131034
13231000	111	-7622	1916	131175
13241000	109	-7619	1874	131229
13251000	115	-7610	1985	131373
13261000	116	-7606	2002	131453
13271000	118	-7603	2046	131490
13281000	123	-7597	2131	131599
13291000	124	-7593	2151	131670
13301000	116	-7582	2023	131863
13311000	114	-7568	1992	132111
13321000	109	-7560	1902	132255
13331000	112	-7552	1970	132393
13341000	114	-7549	2000	132435
13351000	123	-7536	2160	132666
13361000	120	-7531	2112	132753
13371000	120	-7518	2131	132980
13381000	125	-7515	2213	133035
13391000	119	-7510	2103	133120
13401000	126	-7507	2237	133165
13411000	124	-7506	2206	133190
13421000	130	-7504	2303	133222
13431000	128	-7495	2284	133381
13441000	120	-7482	2137	133613
13451000	118	-7477	2108	133714
13461000	117	-7473	2093	133785
13471000	117	-7464	2095	133939
13481000	117	-7455	2106	134109
13491000	120	-7449	2164	134208
13501000	115	-7446	2070	134276
13511000	121	-7438	2195	134404
13521000	118	-7432	2127	134527
13531000	120	-7426	2179	134621
13541000	122	-7427	2219	134608
13551000	124	-7425	2248	134640
13561000	121	-7419	2199	134745
13571000	113	-7407	2060	134975
13581000	111	-7400	2020	135109
13591000	104	-7391	1900	135265
13601000	107	-7387	1953	135344
13611000	110	-7384	2009	135396
13621000	116	-7377	2128	135529
13631000	118	-7371	2162	135638
13641000	121	-7359	2229	135854
13651000	117	-7350	2164	136014
13661000	116	-7343	2159	136158
13671000	116	-7338	2160	136251
13681000	124	-7337	2299	136265
13691000	127	-7330	2356	136379
13701000	123	-7327	2285	136437
13711000	121	-7322	2262	136546
13721000	115	-7310	2146	136764
13731000	111	-7305	2087	136869
13741000	109	-7301	2051	136935
13751000	113	-7295	2118	137042
13761000	108	-7284	2033	137261
13771000	105	-7279	1979	137354
13781000	105	-7271	1992	137511
13791000	102	-7265	1937	137618
13801000	106	-7261	2019	137701
13811000	115	-7255	2193	137810
13821000	116	-7255	2202	137808
13831000	118	-7246	2255	137966
13841000	117	-7237	2237	138136
13851000	112	-7230	2137	138281
13861000	106	-7217	2040	138533
13871000	108	-7210	2077	138670
13881000	110	-7207	2124	138727
13891000	110	-7203	2123	138797
13901000	119	-7198	2293	138891
13911000	119	-7188	2305	139075
13921000	123	-7180	2377	139239
13931000	124	-7174	2414	139352
13941000	125	-7170	2440	139422
13951000	126	-7166	2448	139511
13961000	125	-7162	2427	139588
13971000	126	-7159	2456	139638
13981000	125	-7153	2439	139755
13991000	122	-7147	2395	139875
14001000	119	-7140	2336	140008
14011000	114	-7134	2241	140143
14021000	112	-7124	2197	140338
14031000	108	-7122	2134	140387
14041000	115	-7115	2264	140513
14051000	112	-7105	2222	140711
14061000	109	-7097	2160	140879
14071000	113	-7091	2255	140991
14081000	113	-7088	2254	141045
14091000	115	-7081	2302	141186
14101000	118	-7076	2353	141288
14111000	120	-7074	2392	141331
14121000	118	-7071	2354	141384
14131000	116	-7069	2321	141424
14141000	114	-7059	2293	141627
14151000	109	-7049	2201	141835
14161000	107	-7039	2157	142027
14171000	102	-7033	2068	142150
14181000	109	-7028	2210	142251
14191000	109	-7020	2207	142425
14201000	111	-7013	2256	142553
14211000	119	-7003	2425	142747
14221000	116	-7000	2377	142823
14231000	114	-6990	2337	143014
14241000	115	-6981	2351	143197
14251000	116	-6980	2386	143227
14261000	118	-6974	2422	143356
14271000	119	-6974	2450	143342
14281000	123	-6972	2539	143394
14291000	121	-6970	2488	143429
14301000	120	-6964	2467	143544
14311000	114	-6956	2365	143720
14321000	108	-6947	2246	143910
14331000	107	-6946	2223	143939
14341000	111	-6939	2301	144067
14351000	108	-6934	2249	144189
14361000	103	-6924	2149	144403
14371000	107	-6921	2234	144451
14381000	105	-6913	2190	144616
14391000	106	-6905	2221	144793
14401000	109	-6900	2292	144894
14411000	118	-6897	2480	144945
14421000	114	-6893	2405	145042
14431000	117	-6888	2473	145128
14441000	115	-6882	2417	145269
14451000	115	-6878	2440	145341
14461000	108	-6865	2299	145640
14471000	111	-6861	2363	145710
14481000	107	-6849	2284	145965
14491000	111	-6844	2379	146069
14501000	117	-6838	2506	146208
14511000	119	-6833	2546	146308
14521000	121	-6828	2592	146404
14531000	119	-6825	2564	146471
14541000	120	-6822	2571	146541
14551000	121	-6816	2593	146664
14561000	123	-6815	2637	146698
14571000	118	-6809	2553	146829
14581000	118	-6808	2537	146851
14591000	115	-6803	2479	146945
14601000	118	-6798	2563	147063
14611000	121	-6799	2622	147025
14621000	116	-6790	2512	147228
14631000	112	-6781	2431	147430
14641000	110	-6776	2386	147536
14651000	109	-6771	2386	147654
14661000	110	-6762	2401	147845
14671000	111	-6756	2432	147970
14681000	111	-6745	2442	148227
14691000	111	-6742	2445	148289
14701000	108	-6735	2382	148432
14711000	109	-6732	2405	148499
14721000	113	-6728	2486	148584
14731000	111	-6723	2458	148705
14741000	111	-6721	2461	148751
14751000	112	-6718	2490	148814
14761000	118	-6711	2610	148963
14771000	115	-6706	2550	149080
14781000	111	-6696	2480	149295
14791000	110	-6688	2469	149483
14801000	109	-6673	2444	149826
14811000	111	-6668	2503	149931
14821000	113	-6658	2557	150152
14831000	114	-6655	2580	150220
14841000	117	-6653	2644	150268
14851000	120	-6652	2713	150283
14861000	117	-6646	2637	150424
14871000	116	-6640	2640	150556
14881000	121	-6640	2754	150562
14891000	111	-6635	2522	150663
14901000	109	-6629	2483	150816
14911000	110	-6625	2500	150912
14921000	111	-6624	2533	150918
14931000	113	-6622	2580	150973
14941000	112	-6619	2560	151046
14951000	114	-6620	2597	151019
14961000	108	-6604	2486	151375
14971000	109	-6599	2498	151499
14981000	109	-6587	2505	151763
14991000	110	-6580	2535	151932
15001000	108	-6576	2499	152016
15011000	107	-6566	2491	152251
15021000	109	-6563	2528	152318
15031000	106	-6552	2480	152577
15041000	105	-6549	2437	152667
15051000	103	-6540	2403	152867
15061000	104	-6540	2440	152867
15071000	105	-6532	2453	153057
15081000	111	-6531	2608	153079
15091000	113	-6526	2657	153184
15101000	120	-6522	2815	153279
15111000	124	-6513	2924	153481
15121000	124	-6506	2938	153646
15131000	122	-6503	2874	153724
15141000	113	-6489	2682	154056
15151000	114	-6482	2706	154236
15161000	109	-6477	2604	154349
15171000	109	-6477	2603	154355
15181000	109	-6473	2599	154436
15191000	107	-6474	2556	154424
15201000	107	-6469	2546	154546
15211000	106	-6467	2528	154586
15221000	104	-6457	2498	154823
15231000	103	-6454	2473	154914
15241000	102	-6448	2448	155042
15251000	105	-6444	2538	155130
15261000	106	-6440	2562	155248
15271000	109	-6432	2632	155421
15281000	113	-6434	2737	155383
15291000	116	-6428	2814	155513
15301000	117	-6424	2845	155603
15311000	116	-6420	2822	155713
15321000	116	-6409	2817	155989
15331000	110	-6406	2676	156063
15341000	103	-6398	2516	156251
15351000	104	-6392	2543	156402
15361000	108	-6390	2637	156447
15371000	105	-6384	2574	156595
15381000	111	-6379	2719	156714
15391000	105	-6375	2590	156822
15401000	103	-6364	2549	157088
15411000	108	-6358	2667	157247
15421000	109	-6349	2700	157466
15431000	117	-6347	2896	157500
15441000	120	-6340	2980	157675
15451000	118	-6335	2935	157799
15461000	122	-6331	3034	157896
15471000	124	-6330	3099	157922
15481000	120	-6321	3006	158142
15491000	121	-6321	3026	158146
15501000	117	-6315	2922	158291
15511000	110	-6304	2777	158585
15521000	107	-6299	2697	158717
15531000	105	-6296	2653	158790
15541000	105	-6292	2646	158883
15551000	103	-6287	2603	159015
15561000	109	-6284	2752	159085
15571000	110	-6281	2777	159168
15581000	108	-6273	2747	159355
15591000	108	-6267	2758	159518
15601000	108	-6261	2752	159682
15611000	103	-6253	2621	159869
15621000	104	-6247	2663	160028
15631000	108	-6243	2763	160121
15641000	108	-6243	2763	160134
15651000	112	-6238	2874	160245
15661000	115	-6236	2968	160293
15671000	115	-6235	2947	160327
15681000	121	-6229	3109	160488
15691000	115	-6222	2974	160674
15701000	118	-6219	3043	160745
15711000	116	-6208	3007	161034
15721000	113	-6198	2942	161297
15731000	116	-6191	3013	161468
15741000	116	-6187	3019	161564
15751000	116	-6180	3045	161764
15761000	110	-6175	2893	161896
15771000	108	-6172	2842	161973
15781000	109	-6166	2872	162130
15791000	107	-6164	2810	162193
15801000	103	-6158	2713	162343
15811000	104	-6157	2732	162380
15821000	102	-6154	2699	162443
15831000	108	-6155	2839	162425
15841000	107	-6150	2823	162552
15851000	112	-6150	2973	162549
15861000	109	-6149	2892	162587
15871000	113	-6145	2993	162675
15881000	115	-6136	3054	162925
15891000	114	-6130	3028	163089
15901000	110	-6119	2931	163378
15911000	110	-6113	2932	163528
15921000	107	-6109	2861	163646
15931000	104	-6104	2788	163785
15941000	107	-6099	2886	163907
15951000	107	-6096	2874	163999
15961000	106	-6093	2847	164081
15971000	108	-6090	2904	164152
15981000	105	-6086	2822	164270
15991000	110	-6084	2971	164299
16001000	110	-6077	2974	164492
16011000	111	-6066	3010	164791
16021000	107	-6057	2916	165053
16031000	110	-6055	2997	165100
16041000	115	-6043	3134	165410
16051000	117	-6040	3215	165510
16061000	120	-6037	3291	165567
16071000	121	-6036	3314	165614
16081000	121	-6030	3337	165774
16091000	120	-6030	3310	165771
16101000	116	-6022	3200	165988
16111000	113	-6014	3122	166222
16121000	111	-6012	3058	166283
16131000	109	-6012	3022	166284
16141000	107	-6007	2957	166411
16151000	105	-6003	2917	166525
16161000	103	-6002	2869	166560
16171000	105	-5997	2931	166701
16181000	106	-5994	2936	166776
16191000	103	-5987	2863	166967
16201000	107	-5978	2992	167219
16211000	105	-5974	2933	167330
16221000	105	-5967	2947	167535
16231000	111	-5966	3125	167557
16241000	114	-5959	3214	167749
16251000	112	-5953	3149	167921
16261000	116	-5951	3282	167988
16271000	120	-5951	3397	167973
16281000	123	-5945	3472	168144
16291000	118	-5938	3346	168342
16301000	117	-5933	3313	168480
16311000	118	-5924	3360	168733
16321000	117	-5914	3344	169023
16331000	115	-5903	3290	169343
16341000	112	-5901	3206	169392
16351000	112	-5893	3236	169633
16361000	112	-5890	3238	169713
16371000	113	-5888	3259	169766
16381000	112	-5890	3223	169732
16391000	117	-5883	3381	169901
16401000	115	-5882	3335	169946
16411000	115	-5881	3329	169975
16421000	119	-5875	3457	170139
16431000	117	-5872	3393	170231
16441000	117	-5867	3390	170387
16451000	116	-5860	3388	170581
16461000	113	-5855	3293	170737
16471000	119	-5852	3475	170806
16481000	116	-5845	3398	171017
16491000	117	-5842	3438	171095
16501000	120	-5839	3518	171200
16511000	120	-5839	3505	171197
16521000	124	-5839	3638	171194
16531000	119	-5831	3490	171437
16541000	118	-5831	3478	171439
16551000	113	-5823	3322	171660
16561000	114	-5817	3368	171831
16571000	109	-5809	3242	172075
16581000	111	-5804	3292	172228
16591000	111	-5802	3306	172288
16601000	108	-5791	3212	172612
16611000	115	-5778	3446	172991
16621000	113	-5775	3393	173083
16631000	114	-5770	3410	173257
16641000	109	-5756	3293	173658
16651000	112	-5756	3388	173656
16661000	113	-5751	3414	173808
16671000	108	-5752	3268	173791
16681000	110	-5749	3341	173887
16691000	112	-5746	3392	173965
16701000	109	-5743	3289	174074
16711000	111	-5744	3375	174032
16721000	114	-5744	3456	174013
16731000	116	-5742	3512	174100
16741000	116	-5738	3530	174198
16751000	119	-5731	3612	174405
16761000	115	-5729	3489	174480
16771000	110	-5717	3353	174867
