f/Hz	Re{Y}/µS	Im{Y}/µS	Re{Z}/mOhm	Im{Z}/mOhm
1000	319020	-102313	2842	912
11000	24827	-89362	2886	10389
21000	7220	-49385	2899	19825
31000	3350	-33824	2900	29277
41000	1933	-25676	2916	38727
51000	1268	-20683	2954	48169
61000	881	-17322	2929	57580
71000	658	-14873	2967	67107
81000	503	-13056	2944	76477
91000	410	-11625	3030	85918
101000	324	-10471	2957	95408
111000	262	-9520	2886	104962
121000	238	-8742	3109	114307
131000	204	-8072	3136	123803
141000	170	-7505	3016	133183
151000	159	-7006	3237	142654
161000	127	-6566	2943	152247
171000	118	-6181	3093	161735
181000	110	-5842	3227	171108
191000	95	-5528	3108	180829
201000	85	-5258	3085	190136
211000	75	-5003	2993	199821
221000	76	-4776	3328	209337
231000	69	-4571	3317	218742
241000	59	-4375	3094	228534
251000	59	-4206	3334	237703
261000	56	-4044	3394	247232
271000	50	-3889	3303	257101
281000	52	-3755	3669	266289
291000	38	-3620	2872	276181
301000	39	-3497	3161	285938
311000	39	-3393	3415	294708
321000	44	-3282	4108	304594
331000	39	-3187	3829	313719
341000	37	-3089	3840	323641
351000	36	-2999	3996	333446
361000	36	-2915	4178	342966
371000	32	-2828	3957	353593
381000	23	-2759	3027	362463
391000	25	-2679	3544	373214
401000	23	-2623	3386	381209
411000	25	-2551	3876	392033
421000	17	-2491	2670	401423
431000	23	-2436	3813	410402
441000	19	-2378	3360	420453
451000	21	-2329	3895	429282
461000	25	-2272	4839	440053
471000	19	-2231	3876	448150
481000	17	-2176	3637	459505
491000	26	-2134	5735	468626
501000	15	-2086	3541	479452
511000	11	-2046	2721	488724
521000	18	-2001	4589	499660
531000	12	-1963	3218	509521
541000	17	-1933	4553	517319
551000	15	-1890	4218	529107
561000	13	-1853	3766	539638
571000	13	-1832	3877	545738
581000	10	-1794	3097	557502
591000	9	-1762	2738	567435
601000	17	-1733	5767	576932
611000	5	-1703	1598	587254
621000	11	-1678	3801	596001
631000	14	-1648	5007	606652
641000	19	-1618	7199	617951
651000	8	-1595	3140	627132
661000	2	-1568	982	637634
671000	10	-1546	4184	646632
681000	4	-1524	1761	656059
691000	9	-1493	3821	669945
701000	10	-1470	4628	680304
711000	7	-1451	3452	688984
721000	10	-1437	4755	695796
731000	8	-1412	4209	708056
741000	8	-1391	4051	718885
751000	16	-1363	8521	733736
761000	15	-1351	8478	740199
771000	17	-1335	9517	748941
781000	6	-1313	3772	761865
791000	4	-1296	2607	771882
801000	4	-1283	2297	779171
811000	3	-1264	1573	791185
821000	8	-1244	5331	803857
831000	11	-1232	7484	811468
841000	9	-1222	5930	818095
851000	1	-1205	938	829876
861000	2	-1188	1766	841840
871000	2	-1169	1446	855746
881000	3	-1155	2301	865572
891000	10	-1143	7943	875133
901000	15	-1128	12126	886222
911000	7	-1115	5883	897219
921000	2	-1098	1867	910391
931000	4	-1087	3447	919776
941000	3	-1073	2270	932139
951000	3	-1061	2983	942351
961000	3	-1054	2811	948937
971000	3	-1045	2640	957327
981000	8	-1035	7416	965672
991000	12	-1021	11303	979331
1001000	12	-1005	11602	995025
1011000	8	-994	7788	1006075
1021000	8	-986	8471	1014603
1031000	5	-977	5648	1023265
1041000	2	-965	2556	1035770
1051000	5	-958	5931	1043521
1061000	6	-948	6939	1054606
1071000	9	-940	9832	1063981
1081000	8	-931	9694	1074295
1091000	8	-916	9569	1091097
1101000	8	-901	10427	1109653
1111000	7	-891	8872	1122298
1121000	9	-885	10976	1129312
1131000	11	-875	14242	1142106
1141000	14	-870	18467	1149680
1151000	13	-860	18130	1161961
1161000	10	-850	14129	1175701
1171000	10	-845	13609	1183482
1181000	9	-839	13158	1191523
1191000	10	-836	13921	1195706
1201000	8	-832	12223	1202361
1211000	4	-821	6513	1218306
1221000	5	-809	7322	1236111
1231000	4	-798	6697	1253272
1241000	8	-788	13107	1269201
1251000	8	-782	12341	1278305
1261000	4	-771	6019	1296259
1271000	3	-766	5283	1305588
1281000	1	-760	1095	1315317
1291000	-1	-757	-1397	1320516
1301000	-1	-753	-916	1328733
1311000	-0	-750	-353	1334045
1321000	3	-740	4899	1350779
1331000	5	-735	8829	1359582
1341000	9	-729	16375	1371361
1351000	2	-719	3473	1390734
1361000	1	-712	2350	1405085
1371000	2	-703	4700	1423253
1381000	3	-693	6940	1441941
1391000	6	-688	12908	1453621
1401000	8	-683	17067	1463445
1411000	9	-679	19699	1471666
1421000	9	-674	18988	1483865
1431000	9	-671	19659	1490722
1441000	8	-669	18109	1495373
1451000	4	-663	8630	1508099
1461000	4	-660	9142	1514778
1471000	4	-654	9642	1529751
1481000	7	-650	16352	1538885
1491000	7	-645	16960	1550145
1501000	9	-639	22321	1565782
1511000	9	-632	23283	1581829
1521000	9	-628	21602	1591585
1531000	5	-623	13407	1603916
1541000	4	-614	11790	1627864
1551000	0	-609	182	1643037
1561000	-2	-604	-4416	1655734
1571000	0	-599	814	1668841
1581000	0	-595	1404	1682080
1591000	3	-590	7301	1695485
1601000	6	-580	17959	1724794
1611000	8	-573	23688	1744248
1621000	7	-568	21460	1761471
1631000	6	-562	19375	1778942
1641000	6	-559	19993	1788296
1651000	7	-557	23314	1794921
1661000	5	-553	15441	1807839
1671000	7	-552	22313	1811760
1681000	8	-548	25746	1824503
1691000	6	-547	20420	1828421
1701000	5	-541	18153	1847368
1711000	8	-543	27578	1842191
1721000	6	-534	22207	1870768
1731000	8	-531	28866	1881078
1741000	6	-527	23043	1898117
1751000	5	-520	17251	1921843
1761000	2	-513	8072	1949284
1771000	2	-508	8499	1967291
1781000	-0	-503	-1952	1989281
1791000	-1	-501	-5333	1997567
1801000	1	-498	2102	2009940
1811000	-0	-494	-1191	2025628
1821000	2	-490	10016	2041698
1831000	5	-484	21461	2065295
1841000	4	-480	18142	2082119
1851000	7	-475	30394	2106698
1861000	4	-471	19535	2123887
1871000	6	-470	27827	2129345
1881000	6	-467	28322	2142881
1891000	1	-462	4081	2164312
1901000	1	-459	4224	2178152
1911000	-0	-455	-61	2196352
1921000	-1	-453	-4184	2206191
1931000	0	-453	530	2207847
1941000	0	-452	1293	2214027
1951000	1	-448	6202	2233320
1961000	1	-447	6480	2239501
1971000	-0	-445	-2188	2245347
1981000	1	-442	6842	2260484
1991000	3	-441	16628	2266643
2001000	8	-436	44591	2290950
2011000	8	-432	40477	2311445
2021000	8	-430	40728	2327500
2031000	7	-424	36847	2358539
2041000	7	-421	37602	2375167
2051000	6	-417	33197	2397048
2061000	2	-416	13116	2403987
2071000	0	-410	2551	2441802
2081000	-0	-409	-2070	2443707
2091000	-0	-406	-2341	2461796
2101000	-0	-401	-2977	2491168
2111000	-0	-400	-2953	2498692
2121000	1	-395	7896	2528904
2131000	1	-392	8477	2547954
2141000	0	-389	2416	2572860
2151000	1	-383	7658	2610604
2161000	4	-379	25701	2637481
2171000	3	-373	19023	2677298
2181000	2	-370	12387	2705168
2191000	3	-368	25569	2714289
2201000	2	-365	12253	2736378
2211000	1	-363	5604	2752075
2221000	4	-367	26294	2727969
2231000	2	-360	12843	2777042
2241000	2	-361	14139	2772636
2251000	2	-359	14437	2781597
2261000	4	-356	28337	2805342
2271000	3	-356	21531	2807985
2281000	3	-355	21848	2817870
2291000	4	-353	28943	2834950
2301000	3	-351	21787	2851786
2311000	4	-348	36256	2876297
2321000	3	-350	22397	2856808
2331000	4	-346	30630	2888850
2341000	3	-344	23370	2906156
2351000	4	-341	38066	2931731
2361000	4	-338	38078	2957329
2371000	4	-335	37938	2983790
2381000	1	-330	12980	3034305
2391000	2	-327	21378	3053930
2401000	2	-321	20113	3116006
2411000	2	-320	20192	3127749
2421000	0	-317	2129	3156599
2431000	1	-311	9890	3214307
2441000	0	-311	1227	3217097
2451000	1	-309	10070	3239710
2461000	0	-308	1058	3242969
2471000	4	-304	47783	3285789
2481000	3	-303	28667	3298543
2491000	4	-302	48077	3311955
2501000	7	-296	77557	3375376
2511000	8	-294	88339	3399016
2521000	9	-291	110097	3433571
2531000	10	-291	121718	3437398
2541000	10	-289	122643	3452079
2551000	12	-286	145130	3487104
2561000	13	-284	156889	3512511
2571000	11	-285	135033	3506431
2581000	11	-282	136525	3543308
2591000	11	-279	137966	3581234
2601000	9	-278	115974	3597268
2611000	12	-277	150585	3600213
2621000	8	-276	105736	3617484
2631000	9	-272	119325	3669014
2641000	6	-270	83978	3697890
2651000	7	-270	96252	3702833
2661000	7	-267	96614	3744742
2671000	4	-265	59203	3774977
2681000	6	-264	84756	3792159
2691000	8	-262	110230	3809419
2701000	8	-261	110644	3827165
2711000	8	-259	124666	3857879
2721000	11	-255	167092	3915619
2731000	9	-256	140442	3907819
2741000	14	-253	210674	3937380
2751000	12	-254	182709	3930080
2761000	13	-252	198244	3962097
2771000	10	-248	158021	4025802
2781000	12	-248	202022	4029547
2791000	11	-246	173973	4051118
2801000	11	-247	173363	4042114
2811000	12	-246	203297	4060434
2821000	8	-242	130823	4128089
2831000	9	-239	163148	4179512
2841000	9	-239	163769	4170365
2851000	9	-238	164358	4191903
2861000	6	-234	100964	4278396
2871000	4	-232	68161	4300803
2881000	4	-231	67686	4323901
2891000	4	-229	83325	4364169
2901000	1	-225	29487	4437682
2911000	5	-226	99496	4428022
2921000	1	-223	27626	4485773
2931000	5	-220	99710	4549392
2941000	2	-218	42966	4592446
2951000	4	-216	79566	4619633
2961000	3	-212	76671	4723637
2971000	10	-209	217023	4769964
2981000	6	-206	135574	4840365
2991000	8	-204	199436	4889943
3001000	7	-202	179437	4941915
3011000	6	-200	157806	4994232
3021000	7	-200	179547	5001788
3031000	9	-197	226953	5077013
3041000	8	-194	206145	5133116
3051000	6	-192	160053	5215027
3061000	6	-190	159628	5248209
3071000	8	-188	235939	5306365
3081000	7	-188	210017	5316483
3091000	6	-187	158979	5352708
3101000	5	-184	158606	5439836
3111000	5	-184	156960	5423498
3121000	5	-183	156584	5460182
3131000	7	-183	209321	5444051
3141000	5	-180	156323	5537052
3151000	5	-181	155749	5520168
3161000	6	-181	182423	5530139
3171000	5	-179	154069	5595000
3181000	5	-179	153504	5577380
3191000	5	-178	153042	5615671
3201000	6	-178	180764	5626300
3211000	6	-175	180562	5723444
3221000	7	-175	237959	5704303
3231000	7	-174	237501	5744177
3241000	6	-172	209573	5816894
3251000	8	-170	270641	5858942
3261000	7	-168	240223	5934089
3271000	8	-168	271821	5945350
3281000	9	-167	303819	5957060
3291000	12	-164	438688	6058692
3301000	8	-161	310336	6179793
3311000	12	-162	443435	6150112
3321000	9	-160	344531	6238275
3331000	10	-158	383083	6322099
3341000	11	-154	463333	6443522
3351000	10	-154	426596	6460679
3361000	7	-154	311569	6480234
3371000	6	-152	274364	6571696
3381000	9	-148	398146	6741029
3391000	8	-146	359952	6842056
3401000	7	-144	318959	6945169
3411000	3	-143	144526	7004883
3421000	5	-140	275195	7111430
3431000	3	-136	178317	7362112
3441000	7	-132	376864	7530757
3451000	5	-130	275135	7710864
3461000	5	-126	329726	7952834
3471000	3	-126	213936	7916698
3481000	7	-125	439299	7992942
3491000	7	-122	446550	8191958
3501000	4	-122	262293	8217755
3511000	6	-119	447934	8360586
3521000	7	-119	507780	8379132
3531000	9	-118	640050	8459742
3541000	9	-116	646528	8552478
3551000	9	-117	642286	8515153
3561000	9	-114	658332	8741633
3571000	10	-114	787594	8685597
3581000	10	-113	794376	8779786
3591000	8	-114	651281	8751902
3601000	8	-112	654867	8849246
3611000	7	-112	583564	8881671
3621000	10	-112	793937	8892515
3631000	7	-111	575125	8936438
3641000	8	-111	644338	8959731
3651000	8	-112	637270	8917395
3661000	7	-109	570013	9101619
3671000	7	-108	571789	9209371
3681000	7	-107	574372	9314691
3691000	7	-107	651498	9341619
3701000	8	-104	741060	9528714
3711000	9	-104	822570	9551496
3721000	10	-104	904432	9574345
3731000	9	-101	931032	9860596
3741000	8	-99	762388	10000226
3751000	9	-98	952468	10109694
3761000	7	-95	788859	10458005
3771000	10	-95	1084332	10467527
3781000	9	-92	1006832	10721421
3791000	9	-92	1106162	10745263
3801000	9	-89	1148010	11107864
3811000	9	-90	1132254	11036821
3821000	11	-87	1405726	11386012
3831000	9	-87	1155861	11351934
3841000	8	-87	1035242	11419485
3851000	8	-84	1072032	11831712
3861000	7	-83	1086410	12018687
3871000	7	-83	1073332	11952443
3881000	9	-83	1313317	11843003
3891000	6	-81	944332	12200874
3901000	7	-81	1074492	12242069
3911000	8	-81	1203773	12283535
3921000	7	-82	1036006	12086945
3931000	7	-81	1040778	12274161
3941000	7	-80	1045197	12460091
3951000	8	-79	1183980	12504546
3961000	7	-79	1042006	12591697
3971000	7	-78	1179564	12636806
3981000	7	-77	1193573	12844283
3991000	4	-77	738583	12930495
4001000	8	-77	1319737	12792185
4011000	9	-77	1466929	12830506
4021000	8	-75	1355206	13219633
4031000	8	-74	1372174	13447936
4041000	8	-73	1534002	13488825
4051000	8	-70	1609931	14074803
4061000	10	-69	1998875	14272191
4071000	12	-65	2773812	14989349
4081000	11	-66	2473733	14735655
4091000	12	-62	2912649	15596105
4101000	11	-59	3131887	16380469
4111000	12	-57	3551703	16900699
4121000	13	-58	3641045	16430402
4131000	11	-53	3572101	18030448
4141000	11	-53	3879297	18049949
4151000	11	-52	4004452	18465599
4161000	12	-49	4591394	19123797
4171000	10	-46	4314029	20612743
4181000	11	-45	5256829	20865703
4191000	10	-45	4900552	21185578
4201000	10	-45	4786069	20937816
4211000	8	-43	4389735	22672132
4221000	7	-42	3933207	22993609
4231000	3	-41	2014823	24027825
4241000	7	-40	4228124	24420004
4251000	7	-40	4094351	24121778
4261000	7	-38	4950283	25331510
4271000	5	-38	3173597	25999979
4281000	6	-38	4259272	25448659
4291000	6	-37	4395991	26336125
4301000	4	-36	3198102	27520064
4311000	5	-35	3896482	27714492
4321000	5	-36	3747095	27315664
4331000	5	-35	3856671	28315626
4341000	2	-35	1607762	28844212
4351000	4	-33	3173476	29801868
4361000	2	-28	2711570	36159728
4371000	2	-34	1423607	29025633
4381000	-2	-30	-2711824	33387835
4391000	0	-29	191053	34306143
4401000	-1	-27	-1362837	36860735
4411000	1	-26	927906	38902930
4421000	-2	-26	-3347777	38816895
4431000	-3	-24	-5964466	41699815
4441000	-2	-22	-3611798	45128812
4451000	-3	-22	-5775020	45213270
4461000	-0	-19	-934231	51595482
4471000	-2	-18	-6853691	53730233
4481000	0	-18	792417	56579775
4491000	-1	-14	-5857231	72420871
4501000	-0	-15	-814776	66398903
4511000	-0	-14	-2197173	72340232
4521000	-2	-12	-11480232	84032969
4531000	-0	-8	-2235513	118203351
4541000	-0	-9	-2487044	111006561
4551000	1	-8	23564554	127362182
4561000	3	-6	63459110	131414691
4571000	3	-5	86937625	153844068
4581000	4	-4	110643544	136405042
4591000	3	-3	162088102	150711965
4601000	3	-5	83988880	130711077
4611000	3	-4	115636598	148804064
4621000	5	-3	155845071	88880188
4631000	2	-3	182675454	240563563
4641000	3	-2	225317359	177885970
4651000	4	-4	142536046	135922548
4661000	5	2	186035646	-56890798
4671000	5	1	198960600	-38495509
4681000	8	4	95900903	-51911291
4691000	8	4	101070810	-49446325
4701000	7	4	105035913	-64463852
4711000	8	7	76061243	-65988126
4721000	9	8	62108336	-54462596
4731000	9	9	54005413	-56484045
4741000	10	10	51583794	-51781358
4751000	10	12	41369528	-48249530
4761000	11	11	47394118	-44562607
4771000	13	14	36054394	-39464932
4781000	13	16	30458507	-37125189
4791000	14	15	33591991	-35400101
4801000	12	16	30021714	-39866124
4811000	13	18	25724631	-36948504
4821000	13	19	25413068	-35283711
4831000	13	18	26474063	-35637066
4841000	12	18	25236756	-37429263
4851000	15	19	25490108	-32481722
4861000	13	18	25782214	-36024304
4871000	13	18	26812277	-36493406
4881000	13	19	24231394	-35988542
4891000	11	20	20608382	-38480841
4901000	12	19	23668370	-38033430
4911000	12	21	20477374	-35201843
4921000	11	21	19169037	-36426838
4931000	9	23	15419755	-37765812
4941000	7	26	10005884	-36328784
4951000	9	23	14255303	-37199542
4961000	9	25	12812250	-35974835
4971000	5	26	7289136	-37742792
4981000	7	27	8456746	-34954704
4991000	4	28	5508546	-34620722
5001000	3	29	4196949	-34577585
5011000	3	30	3572444	-33150705
5021000	4	32	3620263	-30776895
5031000	2	31	1987013	-31808333
5041000	1	33	656975	-29909478
5051000	-3	37	-1820838	-26810900
5061000	2	34	1900633	-28964406
5071000	-1	36	-583847	-27568943
5081000	1	41	864416	-24641396
5091000	2	38	1085676	-26138015
5101000	0	40	203402	-24798132
5111000	1	43	483469	-23408472
5121000	1	45	701641	-22197392
5131000	1	43	301138	-23001682
5141000	0	47	43657	-21478450
5151000	3	45	1393595	-21918670
5161000	3	50	1312849	-20099458
5171000	4	52	1392769	-19194078
5181000	4	49	1597723	-20102722
5191000	4	49	1600568	-20329632
5201000	4	53	1452784	-18713796
5211000	4	53	1443163	-18865162
5221000	4	54	1295858	-18454346
5231000	5	54	1531258	-18267087
5241000	4	54	1539825	-18451253
5251000	5	54	1759563	-18228725
5261000	6	55	1958862	-18011842
5271000	3	55	1028522	-18140586
5281000	5	56	1456809	-17607845
5291000	3	54	1033205	-18509185
5301000	7	57	2204677	-17392706
5311000	5	58	1506815	-17178991
5321000	5	59	1380174	-16818287
5331000	4	61	950338	-16289156
5341000	4	59	1060848	-16910143
5351000	3	62	836775	-16080788
5361000	4	63	1018941	-15933966
5371000	5	66	1226832	-15096192
5381000	6	63	1360750	-15647766
5391000	1	65	155264	-15359442
5401000	3	66	729257	-15147531
5411000	2	68	400197	-14682756
5421000	2	69	331232	-14405077
5431000	3	69	711364	-14454316
5441000	6	71	1121403	-13897879
5451000	6	73	1039153	-13672077
5461000	3	76	568212	-13199066
5471000	5	77	796827	-12902944
5481000	5	78	731390	-12703368
5491000	6	80	947726	-12436036
5501000	7	77	1217260	-12895800
5511000	8	81	1139851	-12227669
5521000	7	84	985499	-11786160
5531000	8	88	1079754	-11310788
5541000	9	85	1164707	-11618511
5551000	8	87	1083220	-11438198
5561000	11	89	1312429	-11059973
5571000	9	89	1168575	-11051741
5581000	9	89	1185039	-11122370
5591000	9	90	1117045	-10974782
5601000	8	92	920103	-10754956
5611000	9	93	988332	-10670994
5621000	9	94	1050619	-10589897
5631000	7	93	854044	-10711708
5641000	9	92	1065270	-10713196
5651000	13	94	1392219	-10439871
5661000	9	93	1011229	-10635910
5671000	9	96	1017989	-10367002
5681000	9	94	956362	-10552358
5691000	10	96	1089656	-10350578
5701000	10	95	1095861	-10412906
5711000	11	97	1098592	-10152900
5721000	10	97	1098608	-10201123
5731000	9	96	914243	-10309358
5741000	8	96	916981	-10369368
5751000	11	96	1166332	-10233533
5761000	9	96	983111	-10346852
5771000	10	96	1047543	-10275421
5781000	7	96	740869	-10328562
5791000	11	96	1125873	-10265708
5801000	10	99	1003482	-9963625
5811000	9	98	952685	-10131535
5821000	11	99	1068211	-9939961
5831000	10	100	948650	-9924892
5841000	9	99	953452	-9979245
5851000	10	100	1021051	-9919477
5861000	12	101	1139425	-9740203
5871000	10	101	975749	-9850523
5881000	10	102	920884	-9732035
5891000	11	103	1034918	-9558331
5901000	13	105	1141681	-9391505
5911000	11	102	1048438	-9652628
5921000	13	104	1148031	-9474560
5931000	13	105	1190898	-9402184
5941000	12	105	1088616	-9397443
5951000	12	109	1028808	-9042025
5961000	13	108	1131904	-9126557
5971000	13	109	1080190	-9025290
5981000	14	110	1130752	-8970489
5991000	15	111	1218418	-8820343
6001000	14	112	1133792	-8819831
6011000	15	112	1175147	-8764926
6021000	16	113	1215712	-8702870
6031000	13	115	940542	-8616144
6041000	14	116	1022128	-8479197
6051000	12	115	901704	-8565998
6061000	13	116	942787	-8513901
6071000	12	118	819143	-8385434
6081000	10	118	736926	-8375900
6091000	13	121	857927	-8168089
6101000	12	119	824193	-8287760
6111000	11	122	707565	-8163480
6121000	10	123	668589	-8078569
6131000	9	123	594314	-8062467
6141000	11	125	672241	-7946981
6151000	10	128	605358	-7755938
6161000	13	127	784462	-7788216
6171000	10	130	611458	-7641482
6181000	11	131	649295	-7601999
6191000	9	130	546622	-7664523
6201000	11	133	594546	-7460736
6211000	9	137	475690	-7260766
6221000	12	136	628143	-7290743
6231000	7	139	385682	-7177451
6241000	12	138	630407	-7181885
6251000	13	142	664722	-7003851
6261000	12	142	610331	-7001413
6271000	11	142	555160	-6998888
6281000	14	145	644998	-6854494
6291000	13	144	640537	-6874797
6301000	14	147	642227	-6762975
6311000	15	147	675309	-6732660
6321000	14	148	647876	-6672143
6331000	14	148	648044	-6694833
6341000	16	150	697210	-6607948
6351000	15	150	647872	-6604488
6361000	14	151	621435	-6547573
6371000	15	150	672904	-6594555
6381000	14	150	620840	-6589032
6391000	14	150	620806	-6611135
6401000	14	153	575846	-6481922
6411000	13	151	551849	-6554197
6421000	13	156	532023	-6376277
6431000	14	155	578436	-6418774
6441000	14	152	597133	-6507759
6451000	14	154	573895	-6454526
6461000	13	154	528189	-6451332
6471000	13	158	509079	-6282885
6481000	12	155	508362	-6421161
6491000	12	154	509047	-6442212
6501000	12	154	510151	-6458961
6511000	10	158	419429	-6309023
6521000	11	158	446100	-6281518
6531000	12	159	470492	-6258040
6541000	11	159	419826	-6247371
6551000	15	162	559263	-6108764
6561000	11	161	423916	-6167857
6571000	11	161	424808	-6186602
6581000	11	165	410725	-6025166
6591000	12	164	452487	-6067608
6601000	11	164	411588	-6061587
6611000	10	166	351307	-5991352
6621000	12	164	433169	-6058187
6631000	11	167	397616	-5947096
6641000	11	167	394807	-5960161
6651000	12	168	414805	-5932384
6661000	9	171	321414	-5841634
6671000	9	170	319379	-5861292
6681000	11	172	366157	-5800430
6691000	12	171	402127	-5837298
6701000	11	174	366911	-5733577
6711000	12	172	406390	-5770518
6721000	11	173	367766	-5767086
6731000	12	173	390464	-5744488
6741000	11	174	349429	-5737514
6751000	12	172	385910	-5771303
6761000	11	174	369030	-5728402
6771000	11	175	352036	-5685393
6781000	8	173	269160	-5752972
6791000	10	176	331724	-5656248
6801000	9	175	309267	-5707492
6811000	11	178	339647	-5593142
6821000	13	176	413230	-5650462
6831000	11	177	337296	-5622842
6841000	11	180	340620	-5543216
6851000	12	179	375751	-5575850
6861000	8	181	233324	-5506959
6871000	9	176	296510	-5658672
6881000	11	178	339483	-5602147
6891000	9	179	264927	-5572578
6901000	11	178	356022	-5593599
6911000	12	177	394240	-5629254
6921000	10	180	309614	-5548058
6931000	10	179	307740	-5564631
6941000	11	178	342628	-5599074
6951000	10	181	308922	-5497915
6961000	13	178	412908	-5572574
6971000	10	179	322366	-5581355
6981000	11	181	324984	-5503140
6991000	11	182	346780	-5482447
7001000	11	183	330816	-5442764
7011000	13	183	385772	-5442998
7021000	14	183	404806	-5423811
7031000	12	184	336825	-5400552
7041000	14	187	390148	-5311592
7051000	13	188	354523	-5302632
7061000	14	186	387418	-5334790
7071000	14	189	390113	-5264684
7081000	17	191	473628	-5198520
7091000	16	193	428506	-5148659
7101000	16	192	428629	-5161972
7111000	20	196	517747	-5061775
7121000	18	195	473379	-5089061
7131000	18	196	458810	-5057002
7141000	17	198	442022	-5023679
7151000	19	199	470081	-4973476
7161000	19	199	468928	-4983309
7171000	20	201	498953	-4936474
7181000	19	201	469818	-4933774
7191000	21	204	508890	-4855341
7201000	20	202	493148	-4897254
7211000	20	204	480527	-4865211
7221000	21	206	479456	-4807235
7231000	21	204	496694	-4861012
7241000	19	205	438907	-4844804
7251000	18	204	437156	-4853568
7261000	18	206	421516	-4819843
7271000	18	208	420210	-4762482
7281000	18	208	420774	-4774298
7291000	18	209	407536	-4744449
7301000	18	209	408502	-4756656
7311000	16	208	367103	-4777983
7321000	19	209	420613	-4748629
7331000	16	210	368196	-4731375
7341000	15	210	342323	-4729601
7351000	15	212	330720	-4698570
7361000	14	212	300709	-4693421
7371000	13	212	298478	-4701471
7381000	10	216	210602	-4627183
7391000	13	215	275897	-4639142
7401000	10	215	209144	-4643857
7411000	11	214	235189	-4667623
7421000	8	217	178265	-4609885
7431000	8	216	178528	-4620960
7441000	8	218	168433	-4590586
7451000	9	216	187528	-4614161
7461000	4	221	82553	-4521972
7471000	8	219	166012	-4553405
7481000	9	215	186710	-4640489
7491000	4	221	74365	-4513650
7501000	4	221	74715	-4522978
7511000	4	222	89333	-4510443
7521000	2	221	49000	-4527531
7531000	3	223	55157	-4476479
7541000	5	223	90497	-4478629
7551000	2	224	43437	-4455559
7561000	5	225	92542	-4433184
7571000	3	226	68245	-4425873
7581000	4	228	74316	-4377842
7591000	2	228	38300	-4393631
7601000	4	227	72321	-4395875
7611000	3	229	62842	-4368130
7621000	5	231	90025	-4335698
7631000	4	231	69441	-4330233
7641000	4	228	75230	-4375151
7651000	4	231	77877	-4325270
7661000	5	232	90558	-4311061
7671000	4	235	75859	-4251503
7681000	5	236	86771	-4238818
7691000	6	235	106905	-4261389
7701000	5	236	97843	-4235001
7711000	7	238	122881	-4203134
7721000	6	236	108205	-4229430
7731000	7	240	126010	-4165531
7741000	9	241	150872	-4135537
7751000	11	239	191183	-4167917
7761000	9	242	144478	-4119307
7771000	9	240	147960	-4156765
7781000	8	242	139061	-4132147
7791000	10	244	160736	-4100306
7801000	10	241	166898	-4136751
7811000	9	245	150930	-4082951
7821000	9	246	141455	-4059125
7831000	8	244	132066	-4086011
7841000	8	247	136655	-4044973
7851000	11	246	186484	-4056151
7861000	9	245	152543	-4068301
7871000	9	248	153406	-4024687
7881000	11	250	176637	-3993527
7891000	11	248	185332	-4031538
7901000	13	251	199029	-3971691
7911000	13	254	202710	-3931187
7921000	13	255	196408	-3908969
7931000	13	253	203080	-3942298
7941000	10	255	148606	-3917767
7951000	16	256	242570	-3884068
7961000	12	257	178588	-3878519
7971000	15	258	232065	-3869313
7981000	15	261	214297	-3817916
7991000	12	259	177270	-3849801
8001000	16	264	225790	-3770953
8011000	14	263	199143	-3785749
8021000	15	264	208249	-3773401
8031000	14	263	198019	-3796568
8041000	15	264	216860	-3769662
8051000	15	266	209699	-3749473
8061000	15	265	208302	-3755599
8071000	14	269	191110	-3707542
8081000	14	267	197840	-3738829
8091000	13	270	183610	-3693156
8101000	15	272	201862	-3667376
8111000	13	271	175124	-3681800
8121000	15	271	200388	-3681088
8131000	12	272	166467	-3667487
8141000	14	274	183989	-3642832
8151000	13	270	180375	-3688677
8161000	12	276	160583	-3620582
8171000	11	276	145696	-3617270
8181000	12	273	165080	-3655567
8191000	11	273	147289	-3650814
8201000	14	275	179780	-3632763
8211000	11	276	146706	-3620504
8221000	11	277	139972	-3600253
8231000	12	276	154892	-3616807
8241000	11	276	139999	-3613451
8251000	12	277	150074	-3602585
8261000	13	276	166157	-3616153
8271000	11	278	144059	-3587105
8281000	10	279	125294	-3581302
8291000	9	279	110375	-3578077
8301000	9	280	120662	-3569141
8311000	10	281	129943	-3558551
8321000	11	278	148168	-3595433
8331000	10	282	121548	-3545117
8341000	10	281	121485	-3551485
8351000	8	282	106759	-3548914
8361000	8	283	100221	-3530147
8371000	11	285	138539	-3500286
8381000	9	285	113381	-3510604
8391000	11	287	129995	-3485083
8401000	8	285	97372	-3511359
8411000	8	286	91626	-3492950
8421000	10	285	128731	-3499769
8431000	9	286	115336	-3496428
8441000	12	289	140357	-3459076
8451000	11	290	133975	-3442208
8461000	10	289	124745	-3460628
8471000	11	292	134051	-3413948
8481000	12	291	145447	-3425424
8491000	13	292	151957	-3415925
8501000	10	290	122140	-3441758
8511000	12	292	139390	-3419704
8521000	12	295	140150	-3389254
8531000	12	292	143193	-3413943
8541000	11	293	130045	-3411162
8551000	12	296	139973	-3368012
8561000	14	293	159713	-3402072
8571000	13	295	153549	-3384248
8581000	14	296	159813	-3373673
8591000	13	294	153339	-3391245
8601000	15	296	168175	-3368503
8611000	12	297	140368	-3356772
8621000	12	297	137679	-3360318
8631000	13	296	151759	-3372553
8641000	12	296	137950	-3370187
8651000	14	296	158314	-3369193
8661000	15	297	165978	-3361321
8671000	13	298	141225	-3350220
8681000	14	298	162238	-3347072
8691000	14	298	159581	-3350009
8701000	15	299	165337	-3341009
8711000	15	298	166299	-3345704
8721000	15	298	166674	-3351623
8731000	15	300	168500	-3322693
8741000	15	298	172475	-3347578
8751000	15	300	165322	-3329937
8761000	14	298	158499	-3348912
8771000	14	299	151480	-3332993
8781000	15	300	169872	-3329081
8791000	15	302	168870	-3299036
8801000	12	299	132448	-3335178
8811000	14	299	153610	-3333536
8821000	14	300	159871	-3323368
8831000	13	301	145730	-3321140
8841000	13	300	147513	-3324852
8851000	14	301	156756	-3314708
8861000	13	299	148993	-3332606
8871000	17	302	181955	-3304378
8881000	15	304	161085	-3278806
8891000	16	303	172985	-3289600
8901000	15	305	165932	-3274221
8911000	17	305	186375	-3273280
8921000	17	306	179561	-3258967
8931000	16	304	172608	-3276099
8941000	16	309	165882	-3227479
8951000	16	307	170857	-3251533
8961000	18	314	178723	-3179347
8971000	18	311	183756	-3202069
8981000	17	313	175670	-3185848
8991000	19	315	187621	-3163977
9001000	20	316	195193	-3154945
9011000	19	317	189400	-3139684
9021000	17	319	165118	-3130975
9031000	18	321	176188	-3109872
9041000	20	320	193817	-3108474
9051000	19	321	182598	-3107064
9061000	20	322	188552	-3098643
9071000	20	322	193038	-3089483
9081000	21	325	193067	-3061844
9091000	19	326	181831	-3059155
9101000	22	329	199788	-3028047
9111000	20	328	183439	-3036784
9121000	22	326	207266	-3051695
9131000	23	330	212267	-3015924
9141000	21	329	195798	-3023958
9151000	20	332	177059	-3004699
9161000	17	330	155916	-3025238
9171000	19	333	173091	-2993765
9181000	21	333	189106	-2991066
9191000	17	335	155095	-2975646
9201000	18	334	164129	-2984116
9211000	19	335	169385	-2976548
9221000	14	337	120278	-2966554
9231000	19	336	163451	-2966347
9241000	20	335	173820	-2975411
9251000	17	336	152621	-2968211
9261000	16	336	142326	-2966156
9271000	16	339	142468	-2941522
9281000	13	337	117374	-2959102
9291000	13	341	107479	-2927634
9301000	15	339	127969	-2942450
9311000	17	342	146401	-2913406
9321000	13	343	109531	-2908626
9331000	16	341	140002	-2928729
9341000	12	342	103523	-2924472
9351000	13	342	109563	-2917580
9361000	13	345	110413	-2895417
9371000	15	343	130038	-2910361
9381000	13	342	111954	-2916821
9391000	14	341	120640	-2925394
9401000	13	342	109840	-2922427
9411000	14	344	119085	-2904237
9421000	12	345	98501	-2895184
9431000	14	343	118802	-2910497
9441000	12	342	101940	-2918600
9451000	14	345	119764	-2889933
9461000	12	343	98249	-2908127
9471000	13	348	103674	-2873267
9481000	13	347	111540	-2881109
9491000	11	348	91269	-2872592
9501000	11	349	87718	-2861101
9511000	9	348	72730	-2868097
9521000	13	347	108535	-2878425
9531000	11	348	88272	-2868371
9541000	14	351	114366	-2847061
9551000	11	351	90266	-2848049
9561000	13	351	105359	-2847108
9571000	11	353	89966	-2827285
9581000	13	348	106450	-2866034
9591000	13	351	107112	-2842981
9601000	14	352	111993	-2835585
9611000	13	353	101216	-2831735
9621000	11	353	90499	-2828307
9631000	13	357	98066	-2796479
9641000	14	354	112221	-2820898
9651000	11	354	86280	-2822147
9661000	13	355	105872	-2810788
9671000	11	362	82178	-2761528
9681000	12	361	90538	-2769961
9691000	13	363	100301	-2754340
9701000	11	359	84147	-2785413
9711000	12	361	93846	-2769428
9721000	10	360	79043	-2775866
9731000	9	361	68478	-2772160
9741000	11	364	86481	-2747128
9751000	13	363	96652	-2753940
9761000	12	370	89484	-2703111
9771000	11	366	85228	-2727407
9781000	12	367	89522	-2720780
9791000	12	365	92935	-2737570
9801000	14	370	102801	-2698345
9811000	11	365	81369	-2736744
9821000	12	369	87344	-2706990
9831000	12	372	88926	-2687083
9841000	11	367	83552	-2722132
9851000	9	371	67237	-2690908
9861000	11	372	80010	-2688488
9871000	9	371	63369	-2693799
9881000	10	370	71682	-2700942
9891000	12	375	83427	-2664329
9901000	10	376	73085	-2660457
9911000	8	372	57710	-2688611
9921000	7	375	49896	-2663528
9931000	9	372	62595	-2684709
9941000	9	380	62631	-2628438
9951000	13	383	86086	-2608980
9961000	7	374	46924	-2669649
9971000	11	380	73317	-2629155
9981000	9	379	59347	-2635266
9991000	11	381	76561	-2624888
10001000	10	381	68506	-2621666
10011000	10	384	69907	-2602204
10021000	11	382	73776	-2618018
10031000	13	387	84171	-2582081
10041000	14	384	95671	-2602818
10051000	12	386	83249	-2587184
10061000	9	387	58347	-2585810
10071000	11	387	70401	-2584575
10081000	10	388	67187	-2574354
10091000	9	392	60299	-2551034
10101000	13	391	87627	-2557295
10111000	11	395	72041	-2528540
10121000	16	399	99272	-2503003
10131000	12	393	77633	-2544726
10141000	15	399	91629	-2502723
10151000	11	394	72365	-2535355
10161000	15	398	96343	-2509406
10171000	13	396	80921	-2523910
10181000	12	396	79780	-2525706
10191000	15	402	91484	-2482854
10201000	14	399	90589	-2505025
10211000	12	398	78479	-2509711
10221000	16	401	99328	-2492564
10231000	13	399	82415	-2506610
10241000	13	402	81499	-2485311
10251000	13	405	81220	-2468475
10261000	15	404	89011	-2474798
10271000	14	403	88616	-2477938
10281000	16	402	96537	-2484687
10291000	14	399	88117	-2502780
10301000	17	404	105281	-2472488
10311000	13	401	77652	-2489546
10321000	11	404	65083	-2472714
10331000	11	402	67789	-2487055
10341000	13	404	76659	-2472965
10351000	16	405	98122	-2465203
10361000	11	402	69719	-2482944
10371000	14	404	84812	-2471535
10381000	13	406	80527	-2461091
10391000	12	404	75999	-2471584
10401000	13	407	76928	-2453937
10411000	18	407	106650	-2452318
10421000	12	405	75905	-2466905
10431000	12	403	71315	-2477441
10441000	14	407	83662	-2455564
10451000	14	406	82825	-2458673
10461000	14	407	86968	-2452876
10471000	13	408	78468	-2450079
10481000	14	407	86073	-2454598
10491000	13	407	78666	-2452775
10501000	12	406	74477	-2461497
10511000	13	407	79286	-2455446
10521000	12	406	72466	-2463062
10531000	11	407	69170	-2454226
10541000	11	407	67548	-2455451
10551000	14	412	81972	-2426326
10561000	12	406	72599	-2463681
10571000	12	412	73340	-2425900
10581000	12	410	69275	-2435671
10591000	10	409	58114	-2441596
10601000	13	410	79882	-2435509
10611000	15	412	87150	-2421522
10621000	12	410	70892	-2434018
10631000	13	410	78026	-2439341
10641000	13	411	75075	-2429789
10651000	13	409	78475	-2442989
10661000	11	407	63703	-2454850
10671000	12	409	72597	-2441481
10681000	15	412	90727	-2424114
10691000	14	412	82978	-2421952
10701000	12	412	70832	-2426550
10711000	11	410	64741	-2434969
10721000	14	413	82810	-2416924
10731000	12	415	67488	-2409969
10741000	13	415	77788	-2408269
10751000	14	413	80964	-2421039
10761000	15	417	85225	-2396503
10771000	10	412	61757	-2424760
10781000	16	421	88605	-2374283
10791000	11	413	64645	-2420574
10801000	10	413	61200	-2420122
10811000	13	414	76544	-2410544
10821000	12	418	69749	-2389598
10831000	14	418	81532	-2387732
10841000	14	417	78399	-2395960
10851000	13	416	73119	-2404387
10861000	17	425	93102	-2350389
10871000	14	423	78604	-2362717
10881000	12	419	66317	-2386495
10891000	15	421	83309	-2370174
10901000	13	421	70736	-2374259
10911000	14	425	75210	-2351538
10921000	15	424	80899	-2356261
10931000	15	425	83138	-2349803
10941000	16	429	86787	-2326693
10951000	16	427	90347	-2338942
10961000	13	427	72785	-2340234
10971000	15	429	80103	-2327597
10981000	16	428	84383	-2331070
10991000	14	429	75886	-2329102
11001000	15	428	83124	-2333973
11011000	16	429	87804	-2328580
11021000	16	429	88650	-2329385
11031000	18	432	97909	-2309293
11041000	17	430	89373	-2323788
11051000	18	432	97174	-2312889
11061000	17	430	93116	-2320352
11071000	18	435	94670	-2296216
11081000	18	435	94668	-2296647
11091000	15	433	80332	-2307788
11101000	15	431	82927	-2319133
11111000	19	433	99286	-2302954
11121000	16	429	88645	-2325708
11131000	18	435	95226	-2296003
11141000	18	432	98479	-2308363
11151000	17	438	86482	-2277456
11161000	15	434	81074	-2303051
11171000	13	436	70371	-2290107
11181000	18	441	94527	-2261490
11191000	17	439	88836	-2274975
11201000	18	435	94782	-2296819
11211000	18	438	94071	-2280245
11221000	16	440	84134	-2267174
11231000	18	437	93838	-2283042
11241000	19	438	96900	-2278060
11251000	17	436	87128	-2292173
11261000	19	439	96841	-2272784
11271000	17	443	88045	-2253377
11281000	19	440	97419	-2268046
11291000	17	437	89634	-2282882
11301000	18	447	90187	-2233879
11311000	20	444	99706	-2248831
11321000	21	445	103580	-2243635
11331000	19	449	95663	-2225418
11341000	21	452	103502	-2205737
11351000	18	445	93039	-2242452
11361000	24	456	113612	-2187594
11371000	22	453	106262	-2201963
11381000	26	451	126057	-2211329
11391000	20	459	94911	-2174504
11401000	24	453	114972	-2200624
11411000	24	462	111183	-2161022
11421000	20	458	94658	-2177586
11431000	24	463	112308	-2155539
11441000	22	465	102290	-2144002
11451000	26	463	120294	-2153899
11461000	18	467	82120	-2136703
11471000	24	463	112355	-2153098
11481000	23	467	105488	-2136564
11491000	23	467	105214	-2137928
11501000	27	464	123227	-2148069
11511000	19	467	87363	-2139008
11521000	27	462	124181	-2157669
11531000	23	465	107461	-2143599
11541000	18	470	80424	-2122995
11551000	25	468	112477	-2132427
11561000	26	469	115780	-2125543
11571000	26	463	119181	-2151076
11581000	25	468	115875	-2128696
11591000	18	471	81907	-2121656
11601000	26	467	119391	-2134041
11611000	16	471	72891	-2119250
11621000	20	472	90936	-2114404
11631000	24	468	111295	-2132308
11641000	15	476	67445	-2097353
11651000	23	468	104095	-2130960
11661000	28	470	124842	-2120165
11671000	17	475	73321	-2103813
11681000	19	473	84237	-2111105
11691000	14	477	60993	-2092516
11701000	22	472	96354	-2112368
11711000	21	474	93577	-2104478
11721000	16	477	69636	-2094257
11731000	24	474	106983	-2105964
11741000	18	477	77513	-2092773
11751000	11	480	45654	-2082666
11761000	12	480	54081	-2080994
11771000	11	481	45981	-2078403
11781000	16	478	67978	-2091584
11791000	21	474	92289	-2103503
11801000	16	479	69781	-2086529
11811000	11	480	48207	-2082884
11821000	16	480	71519	-2081118
11831000	11	483	48266	-2071375
11841000	12	480	50458	-2081401
11851000	9	483	40540	-2069909
11861000	22	475	96897	-2100228
11871000	10	482	43133	-2074254
11881000	13	484	55060	-2066299
11891000	15	482	66292	-2073743
11901000	5	485	20266	-2063079
11911000	14	483	60257	-2070199
11921000	9	485	36874	-2060003
11931000	20	478	88027	-2087855
11941000	8	485	34397	-2061641
11951000	9	486	35969	-2056284
11961000	17	483	71782	-2069474
11971000	13	483	56194	-2070104
11981000	12	485	51720	-2062365
11991000	6	486	25789	-2056326
12001000	16	482	68707	-2072684
12011000	9	485	39590	-2059010
12021000	8	490	33349	-2040468
12031000	7	492	29509	-2033166
12041000	5	489	22636	-2044720
12051000	12	490	47868	-2039139
12061000	16	485	66044	-2057769
12071000	15	485	65565	-2059513
12081000	8	490	31660	-2041568
12091000	11	487	48329	-2050621
12101000	9	490	38553	-2039721
12111000	8	496	30675	-2014561
12121000	20	487	82261	-2048289
12131000	13	494	53070	-2021101
12141000	11	495	46839	-2018977
12151000	6	498	24495	-2007475
12161000	7	499	27725	-2002495
12171000	12	498	46742	-2007763
12181000	11	496	42841	-2013799
12191000	7	500	27083	-1999103
12201000	9	502	37641	-1992045
12211000	8	502	31775	-1990039
12221000	8	505	31358	-1978472
12231000	8	505	30048	-1979097
12241000	9	502	36468	-1990602
12251000	6	502	22826	-1989971
12261000	8	506	30912	-1975742
12271000	12	504	46781	-1983941
12281000	10	507	39224	-1972271
12291000	9	507	33252	-1970149
12301000	12	507	45002	-1971085
12311000	13	510	49227	-1960953
12321000	9	508	36305	-1969420
12331000	12	509	47211	-1962635
12341000	12	514	44901	-1943742
12351000	17	507	64838	-1968525
12361000	11	510	43417	-1958804
12371000	13	514	49015	-1942957
12381000	12	513	45942	-1947875
12391000	9	516	32325	-1936485
12401000	8	515	29810	-1942437
12411000	7	513	26142	-1947512
12421000	10	518	36021	-1928608
12431000	10	516	37510	-1936712
12441000	12	517	44517	-1935056
12451000	11	515	39716	-1939780
12461000	15	516	55228	-1935912
12471000	10	521	36887	-1920210
12481000	8	518	30331	-1929377
12491000	11	520	40329	-1922711
12501000	7	519	24954	-1927980
12511000	10	518	37460	-1929238
12521000	11	521	40550	-1919887
12531000	6	522	22242	-1916511
12541000	10	523	36466	-1911561
12551000	13	522	48360	-1913184
12561000	12	523	43174	-1911648
12571000	9	524	32553	-1907315
12581000	15	524	56428	-1907885
12591000	9	525	32639	-1903461
12601000	8	527	29493	-1896730
12611000	14	531	48614	-1882960
12621000	11	530	39773	-1885638
12631000	10	531	34179	-1883669
12641000	9	531	32210	-1883930
12651000	15	532	52873	-1877437
12661000	11	534	38345	-1870438
12671000	14	533	47917	-1876641
12681000	17	533	59934	-1875780
12691000	13	533	46605	-1875683
12701000	16	538	55141	-1856700
12711000	11	537	39700	-1862241
12721000	16	539	55608	-1853359
12731000	15	541	51269	-1847002
12741000	18	541	62529	-1847744
12751000	13	541	45445	-1846014
12761000	13	541	44644	-1847404
12771000	14	540	47099	-1848990
12781000	20	542	67435	-1842356
12791000	13	546	44129	-1831228
12801000	13	544	45081	-1838414
12811000	11	546	36680	-1829467
12821000	15	544	50230	-1837806
12831000	11	546	36376	-1831204
12841000	18	545	59066	-1832919
12851000	13	548	42881	-1824727
12861000	15	548	48238	-1822674
12871000	16	547	52964	-1825912
12881000	14	548	47642	-1824434
12891000	15	549	49322	-1819880
12901000	15	550	50491	-1815252
12911000	16	550	54424	-1817600
12921000	15	550	50432	-1816269
12931000	15	550	49371	-1816850
12941000	13	549	44571	-1821267
12951000	15	549	51159	-1818989
12961000	14	550	45807	-1817195
12971000	15	552	48437	-1808764
12981000	16	550	54203	-1818210
12991000	18	549	58900	-1821067
13001000	12	551	40633	-1813004
13011000	16	552	53277	-1808748
13021000	13	552	44302	-1811103
13031000	12	550	40884	-1816244
13041000	12	552	38084	-1809976
13051000	14	553	44432	-1808718
13061000	11	552	36771	-1811449
13071000	13	552	42141	-1810019
13081000	13	552	42675	-1809534
13091000	11	553	36316	-1807211
13101000	15	552	50159	-1809354
13111000	14	554	46663	-1803238
13121000	12	554	40610	-1805751
13131000	8	556	26161	-1798252
13141000	12	555	40349	-1801721
13151000	10	554	33246	-1804819
13161000	12	554	39840	-1803205
13171000	11	555	34531	-1801369
13181000	13	555	43790	-1801520
13191000	10	556	32431	-1796805
13201000	11	554	35272	-1804106
13211000	11	557	35531	-1793897
13221000	11	554	34697	-1805266
13231000	12	558	39741	-1792177
13241000	11	558	34517	-1790673
13251000	15	556	47794	-1798098
13261000	12	559	39608	-1789613
13271000	9	558	28974	-1791118
13281000	12	560	38172	-1785606
13291000	12	557	39839	-1793305
13301000	12	561	38076	-1782040
13311000	12	561	37031	-1782868
13321000	9	560	30118	-1785413
13331000	11	563	35110	-1776482
13341000	10	559	33326	-1788603
13351000	7	561	22119	-1783029
13361000	9	565	28743	-1770327
13371000	12	564	38945	-1771361
13381000	13	565	41184	-1767427
13391000	11	565	33453	-1770107
13401000	9	563	29728	-1774754
13411000	12	568	38299	-1758192
13421000	13	568	41134	-1759997
13431000	12	570	35524	-1753048
13441000	16	571	47577	-1748973
13451000	14	572	42643	-1747404
13461000	13	573	38590	-1745357
13471000	14	573	43897	-1744138
13481000	16	575	47145	-1736601
13491000	15	574	44454	-1741459
13501000	10	574	30554	-1740706
13511000	11	573	33759	-1743345
13521000	13	574	39057	-1742144
13531000	13	575	40410	-1738257
13541000	12	575	35570	-1736972
13551000	15	575	45220	-1736594
13561000	12	577	35844	-1733568
13571000	14	580	41176	-1721886
13581000	14	578	42469	-1728011
13591000	12	579	36686	-1725517
13601000	11	578	32121	-1729502
13611000	10	582	30913	-1718471
13621000	13	580	39527	-1723212
13631000	12	582	36885	-1718027
13641000	12	584	34297	-1712091
13651000	13	581	38596	-1720747
13661000	10	582	29087	-1716993
13671000	14	583	40567	-1713197
13681000	12	584	35096	-1712227
13691000	13	583	37964	-1715084
13701000	12	585	35055	-1709213
13711000	11	583	32248	-1714079
13721000	9	586	25495	-1706824
13731000	12	587	36253	-1703192
13741000	11	588	31155	-1701392
13751000	12	587	34045	-1703744
13761000	10	585	29467	-1708107
13771000	14	587	39943	-1703670
13781000	10	586	29538	-1704913
13791000	10	588	27678	-1699518
13801000	11	587	31253	-1702369
13811000	11	589	31443	-1698622
13821000	7	590	21384	-1694107
13831000	11	588	33184	-1701074
13841000	9	590	26188	-1693210
13851000	9	590	25024	-1694086
13861000	12	590	33435	-1694439
13871000	12	590	34140	-1694535
13881000	12	590	33526	-1695016
13891000	10	591	28383	-1692915
13901000	10	592	28679	-1689016
13911000	10	594	29580	-1684258
13921000	9	594	25189	-1682651
13931000	7	593	20437	-1685694
13941000	10	596	29407	-1676402
13951000	11	594	31142	-1683643
13961000	11	597	31328	-1673827
13971000	14	599	38488	-1668038
13981000	9	600	26325	-1667516
13991000	11	600	31222	-1665855
14001000	12	601	32731	-1662417
14011000	12	602	33352	-1659147
14021000	12	604	32932	-1655175
14031000	13	605	35041	-1651950
14041000	10	601	28986	-1664578
14051000	14	607	37599	-1645670
14061000	14	607	38819	-1647030
14071000	12	610	31662	-1639890
14081000	12	611	32882	-1636129
14091000	11	611	30335	-1636465
14101000	15	614	38583	-1627212
14111000	14	610	38439	-1637640
14121000	16	614	43351	-1626662
14131000	16	618	42025	-1617528
14141000	16	616	41516	-1623225
14151000	16	619	40426	-1613784
14161000	18	621	47319	-1608431
14171000	15	623	39934	-1604897
14181000	19	620	49008	-1610579
14191000	16	623	42328	-1603325
14201000	18	626	46239	-1595685
14211000	18	622	46842	-1605895
14221000	18	624	45623	-1601677
14231000	21	624	53653	-1601966
14241000	17	627	43503	-1593059
14251000	18	626	46053	-1594985
14261000	15	629	38712	-1588280
14271000	17	626	42713	-1596496
14281000	18	631	44206	-1583981
14291000	18	629	44938	-1589769
14301000	16	629	40012	-1588288
14311000	17	630	43843	-1586703
14321000	14	629	34229	-1587927
14331000	16	628	41195	-1592297
14341000	16	631	39231	-1583313
14351000	16	630	40297	-1585228
14361000	15	631	36606	-1584059
14371000	14	631	36342	-1584647
14381000	17	633	42267	-1578707
14391000	16	629	40081	-1588591
14401000	17	632	41574	-1580927
14411000	14	631	35750	-1583416
14421000	15	634	38259	-1576455
14431000	18	632	44560	-1580547
14441000	15	635	36204	-1573029
14451000	13	634	33365	-1577168
14461000	14	635	35446	-1573792
14471000	13	633	32655	-1578211
14481000	15	634	37149	-1576633
14491000	12	631	29389	-1583115
14501000	14	636	34398	-1572756
14511000	13	634	31212	-1576673
14521000	13	635	31417	-1573249
14531000	12	634	28878	-1576881
14541000	16	635	38498	-1572923
14551000	16	637	38496	-1569395
14561000	16	635	39015	-1574262
14571000	11	637	27175	-1569182
14581000	12	638	28315	-1566159
14591000	14	635	33724	-1574027
14601000	14	636	33572	-1571099
14611000	13	638	32179	-1566426
14621000	14	636	34340	-1572372
14631000	11	641	26473	-1560604
14641000	11	638	27965	-1566358
14651000	12	641	29765	-1559772
14661000	11	639	28028	-1563614
14671000	13	642	30638	-1556870
14681000	10	643	23896	-1555061
14691000	9	643	22121	-1554622
14701000	10	642	25152	-1556898
14711000	12	641	28969	-1558718
14721000	12	643	28409	-1555339
14731000	11	643	26907	-1555563
14741000	9	643	22910	-1554600
14751000	9	647	22654	-1546261
14761000	11	645	27586	-1549785
14771000	12	646	29538	-1547153
14781000	12	646	28979	-1547743
14791000	13	647	30813	-1545015
14801000	8	645	19540	-1549515
14811000	12	648	29061	-1542113
14821000	12	648	28726	-1543075
14831000	10	651	23406	-1536855
14841000	10	652	24524	-1534179
14851000	10	649	24611	-1539323
14861000	9	652	20239	-1534437
14871000	10	651	23950	-1536192
14881000	11	652	24884	-1532698
14891000	13	655	29432	-1527054
14901000	11	653	26796	-1530817
14911000	10	657	22870	-1521261
14921000	14	653	31860	-1529775
14931000	14	656	31489	-1522854
14941000	13	656	29470	-1523183
14951000	13	656	29883	-1523668
14961000	11	659	25213	-1517052
14971000	10	659	24117	-1517723
14981000	14	660	32438	-1513728
14991000	12	661	28325	-1512909
15001000	12	660	28052	-1514096
15011000	14	661	30972	-1512231
15021000	11	662	24803	-1510331
15031000	12	665	27317	-1504024
15041000	12	662	28070	-1509377
15051000	10	663	23749	-1508176
15061000	9	661	20603	-1511959
15071000	14	665	32555	-1502224
15081000	13	664	30274	-1505827
15091000	11	665	24613	-1504253
15101000	8	665	19132	-1502749
15111000	10	666	22979	-1501538
15121000	10	665	23331	-1502422
15131000	10	665	22440	-1502751
15141000	12	664	27805	-1505988
15151000	10	670	21686	-1491612
15161000	9	668	19924	-1495710
15171000	8	668	18607	-1495986
15181000	12	666	26297	-1500543
15191000	12	669	26405	-1493277
15201000	9	671	19194	-1490632
15211000	9	670	19052	-1491193
15221000	7	672	16387	-1486898
15231000	11	674	24817	-1483742
15241000	11	674	24418	-1484358
15251000	12	675	25407	-1480684
15261000	11	673	24478	-1485299
15271000	8	676	16571	-1479720
15281000	12	677	26053	-1476156
15291000	10	676	21430	-1478078
15301000	13	679	27172	-1472565
15311000	13	681	28402	-1467138
15321000	18	685	38814	-1459825
15331000	14	681	30759	-1468557
15341000	11	684	24487	-1461709
15351000	15	687	32536	-1455473
15361000	15	687	30841	-1455708
15371000	18	685	37943	-1458520
15381000	14	689	29287	-1451174
15391000	15	688	31211	-1453227
15401000	12	690	25222	-1448233
15411000	17	692	35031	-1444437
15421000	13	695	25942	-1437482
15431000	15	694	30596	-1440821
15441000	19	695	39366	-1438421
15451000	17	694	35222	-1440687
15461000	17	693	35754	-1441156
15471000	16	695	33056	-1437582
15481000	18	694	37671	-1439538
15491000	14	698	28733	-1432764
15501000	17	696	34977	-1435501
15511000	16	696	33455	-1435823
15521000	17	695	34236	-1437157
15531000	19	694	39700	-1440219
15541000	17	696	35437	-1435052
15551000	16	698	33178	-1431123
15561000	17	698	34832	-1432749
15571000	16	698	32831	-1432791
15581000	17	697	34927	-1434036
15591000	15	697	31601	-1433220
15601000	20	696	41089	-1434743
15611000	19	696	39972	-1435100
15621000	18	697	36792	-1434399
15631000	15	700	31520	-1428854
15641000	14	702	28490	-1424477
15651000	16	701	32507	-1426522
15661000	13	699	25737	-1430899
15671000	17	700	34426	-1427158
15681000	18	697	37596	-1432803
15691000	17	700	33991	-1428555
15701000	17	701	34974	-1425770
15711000	18	702	37019	-1422971
15721000	20	699	40518	-1428751
15731000	18	700	36455	-1428278
15741000	22	700	44060	-1427917
15751000	17	702	34608	-1424556
15761000	19	700	39486	-1428077
15771000	27	698	54384	-1430634
15781000	15	702	31155	-1422903
15791000	17	700	33658	-1427634
15801000	17	701	35203	-1424952
15811000	17	703	34448	-1421821
15821000	17	701	35341	-1426033
15831000	22	700	45491	-1426528
15841000	16	703	32613	-1421594
15851000	16	703	32860	-1422605
15861000	22	701	44961	-1425370
15871000	17	702	35262	-1424546
15881000	18	701	35600	-1425295
15891000	18	704	36723	-1419342
15901000	20	703	40728	-1421689
15911000	22	704	44097	-1419906
15921000	19	705	37756	-1418014
15931000	20	702	41417	-1424247
15941000	22	704	44507	-1419277
15951000	15	705	30997	-1418088
15961000	20	705	39366	-1417342
15971000	18	707	36227	-1413034
15981000	21	707	41154	-1412259
15991000	19	710	37319	-1406971
16001000	22	707	43591	-1412876
16011000	21	707	41971	-1412949
16021000	20	711	38609	-1405806
16031000	19	709	37447	-1408664
16041000	21	706	42667	-1414624
16051000	20	711	38858	-1406287
16061000	22	711	43493	-1405137
16071000	19	712	38435	-1403430
16081000	24	714	46657	-1399634
16091000	23	712	44794	-1402704
16101000	25	716	48614	-1394357
16111000	24	716	46657	-1395486
16121000	17	715	32895	-1397242
16131000	21	715	40721	-1396650
16141000	24	715	47301	-1396348
16151000	21	716	41684	-1394996
16161000	24	717	45879	-1393316
16171000	23	717	45324	-1393743
16181000	24	720	45430	-1387117
16191000	26	719	49349	-1389904
16201000	25	722	48825	-1382900
16211000	21	723	39515	-1382400
16221000	25	725	47497	-1378232
16231000	25	724	47758	-1378973
16241000	25	726	47751	-1375840
16251000	26	724	49821	-1379931
16261000	24	724	45557	-1379313
16271000	26	727	48400	-1374359
16281000	27	726	50747	-1375365
16291000	25	725	47098	-1378089
16301000	23	725	44289	-1377818
16311000	26	727	48489	-1373380
16321000	25	725	47894	-1377084
16331000	21	727	38924	-1374348
16341000	23	728	42767	-1372356
16351000	24	727	45798	-1374260
16361000	24	728	45523	-1371610
16371000	23	729	43237	-1370382
16381000	22	731	41815	-1366207
16391000	27	731	50670	-1366645
16401000	25	731	47395	-1366047
16411000	23	730	42981	-1368314
16421000	23	734	42081	-1361055
16431000	17	730	31373	-1368606
16441000	24	730	44821	-1367785
16451000	24	734	44689	-1360538
16461000	25	735	46721	-1359443
16471000	22	732	41337	-1364538
16481000	26	734	47905	-1360313
16491000	23	733	43031	-1362727
16501000	24	735	44367	-1358919
16511000	23	735	42609	-1358889
16521000	24	734	45400	-1361457
16531000	22	737	39848	-1355665
16541000	20	736	37233	-1357585
16551000	23	737	41465	-1355836
16561000	22	737	40418	-1356373
16571000	24	737	43426	-1354991
16581000	20	737	35911	-1355644
16591000	23	738	43051	-1353919
16601000	23	740	41470	-1350654
16611000	18	741	33153	-1348531
16621000	21	742	38871	-1345795
16631000	21	741	38849	-1348749
16641000	23	743	42000	-1343772
16651000	22	746	38913	-1340231
16661000	22	743	40562	-1344354
16671000	23	744	42002	-1341871
16681000	21	743	38007	-1344357
16691000	22	744	39132	-1342246
16701000	18	744	31956	-1342789
16711000	21	747	38049	-1337591
16721000	23	748	41450	-1335674
16731000	19	749	34116	-1333861
16741000	20	749	35512	-1334782
16751000	21	747	37543	-1338485
16761000	23	753	40843	-1327411
16771000	27	737	49564	-1354201
