f/Hz	Re{Y}/µS	Im{Y}/µS	Re{Z}/mOhm	Im{Z}/mOhm
1000	565179	-149206	1654	437
11000	66140	-185484	1706	4783
21000	19846	-105933	1709	9120
31000	9287	-73104	1710	13462
41000	5383	-55602	1725	17818
51000	3524	-44830	1743	22169
61000	2423	-37568	1709	26508
71000	1798	-32293	1719	30870
81000	1391	-28348	1727	35192
91000	1113	-25237	1744	39548
101000	914	-22746	1763	43894
111000	756	-20704	1762	48235
121000	633	-18991	1752	52599
131000	554	-17548	1796	56930
141000	480	-16293	1805	61322
151000	418	-15218	1805	65664
161000	367	-14283	1798	69969
171000	335	-13438	1855	74371
181000	289	-12702	1791	78688
191000	262	-12031	1807	83077
201000	239	-11434	1825	87421
211000	225	-10891	1899	91783
221000	203	-10407	1872	96052
231000	188	-9946	1904	100511
241000	176	-9537	1931	104815
251000	161	-9163	1921	109106
261000	154	-8806	1990	113527
271000	142	-8474	1976	117976
281000	123	-8172	1835	122335
291000	120	-7894	1922	126643
301000	112	-7632	1919	131008
311000	108	-7388	1981	135319
321000	106	-7150	2066	139821
331000	89	-6930	1848	144267
341000	93	-6733	2052	148495
351000	85	-6533	1984	153047
361000	88	-6359	2169	157224
371000	82	-6183	2149	161714
381000	75	-6020	2063	166082
391000	68	-5864	1968	170523
401000	76	-5721	2308	174758
411000	63	-5582	2006	179120
421000	65	-5455	2174	183309
431000	66	-5313	2345	188203
441000	60	-5198	2207	192343
451000	63	-5083	2448	196713
461000	48	-4965	1946	201392
471000	50	-4866	2098	205506
481000	52	-4768	2289	209700
491000	41	-4660	1892	214559
501000	50	-4561	2395	219245
511000	47	-4477	2355	223320
521000	46	-4388	2412	227850
531000	40	-4306	2156	232192
541000	48	-4222	2668	236845
551000	40	-4149	2314	240983
561000	37	-4081	2244	245026
571000	34	-4008	2101	249458
581000	32	-3930	2091	254417
591000	35	-3863	2359	258837
601000	39	-3807	2682	262622
611000	34	-3737	2423	267594
621000	30	-3675	2257	272063
631000	34	-3622	2597	276033
641000	33	-3550	2624	281630
651000	30	-3499	2487	285814
661000	26	-3457	2148	289243
671000	32	-3398	2809	294235
681000	27	-3355	2426	298078
691000	26	-3300	2408	303019
701000	34	-3251	3232	307573
711000	27	-3203	2622	312152
721000	25	-3164	2527	316072
731000	28	-3109	2845	321599
741000	23	-3072	2465	325544
751000	24	-3030	2568	330043
761000	29	-2981	3273	335375
771000	30	-2948	3505	339209
781000	24	-2910	2845	343659
791000	21	-2873	2522	348105
801000	22	-2832	2736	353091
811000	17	-2795	2210	357754
821000	23	-2774	3035	360497
831000	19	-2728	2506	366535
841000	24	-2693	3309	371274
851000	24	-2669	3316	374666
861000	16	-2635	2258	379550
871000	17	-2602	2447	384377
881000	21	-2580	3196	387570
891000	23	-2535	3518	394457
901000	21	-2514	3246	397726
911000	19	-2488	3118	401864
921000	18	-2458	2929	406824
931000	16	-2428	2669	411792
941000	21	-2399	3633	416743
951000	17	-2382	3048	419844
961000	7	-2355	1292	424576
971000	19	-2328	3576	429432
981000	21	-2310	3924	432871
991000	26	-2281	4912	438334
1001000	16	-2252	3144	443940
1011000	9	-2230	1848	448479
1021000	10	-2211	2078	452324
1031000	23	-2192	4790	456085
1041000	15	-2157	3140	463685
1051000	18	-2139	3989	467557
1061000	11	-2116	2444	472505
1071000	16	-2099	3566	476295
1081000	20	-2081	4560	480483
1091000	9	-2057	2102	486196
1101000	6	-2038	1443	490780
1111000	13	-2016	3307	496132
1121000	18	-1999	4567	500321
1131000	14	-1984	3641	504119
1141000	9	-1962	2287	509636
1151000	11	-1945	2823	514232
1161000	11	-1929	3070	518287
1171000	15	-1907	4164	524223
1181000	23	-1893	6371	528148
1191000	16	-1876	4509	533096
1201000	8	-1862	2420	537077
1211000	6	-1849	1663	540799
1221000	10	-1828	3041	546921
1231000	12	-1818	3755	550153
1241000	13	-1807	4014	553501
1251000	9	-1783	2736	560853
1261000	11	-1761	3569	567967
1271000	14	-1751	4460	570974
1281000	11	-1739	3750	574890
1291000	7	-1728	2256	578627
1301000	10	-1715	3375	583146
1311000	15	-1701	5033	587762
1321000	12	-1687	4273	592867
1331000	9	-1666	3140	600347
1341000	15	-1650	5349	606114
1351000	9	-1632	3236	612595
1361000	4	-1623	1333	616194
1371000	8	-1618	3238	617868
1381000	11	-1609	4154	621483
1391000	8	-1595	3201	626893
1401000	3	-1575	1223	634873
1411000	1	-1563	285	639798
1421000	6	-1556	2618	642675
1431000	5	-1542	2028	648578
1441000	9	-1524	3902	656260
1451000	13	-1514	5578	660246
1461000	15	-1505	6444	664262
1471000	16	-1498	7154	667485
1481000	9	-1487	4103	672556
1491000	2	-1474	1150	678381
1501000	7	-1464	3321	682914
1511000	6	-1448	3090	690465
1521000	8	-1441	3807	694053
1531000	6	-1432	3022	698479
1541000	11	-1424	5598	702020
1551000	15	-1412	7466	708345
1561000	19	-1399	9486	714537
1571000	15	-1389	7778	720096
1581000	8	-1376	4305	726857
1591000	5	-1371	2808	729494
1601000	10	-1357	5194	736910
1611000	8	-1349	4602	741449
1621000	5	-1342	2755	745400
1631000	6	-1332	3169	750987
1641000	4	-1324	2015	755367
1651000	3	-1320	1776	757633
1661000	5	-1312	2759	762033
1671000	11	-1304	6389	766824
1681000	18	-1298	10865	770454
1691000	12	-1279	7491	781818
1701000	7	-1270	4306	787561
1711000	7	-1264	4162	791022
1721000	4	-1256	2291	796227
1731000	0	-1248	299	801501
1741000	-3	-1241	-1718	805734
1751000	0	-1233	4	811215
1761000	4	-1225	2347	816060
1771000	9	-1219	6230	820341
1781000	10	-1213	7109	824074
1791000	12	-1203	8223	831478
1801000	9	-1194	6315	837303
1811000	7	-1178	4864	848950
1821000	8	-1169	5906	855673
1831000	9	-1160	6631	861711
1841000	6	-1150	4597	869445
1851000	5	-1150	4125	869604
1861000	3	-1144	2504	873776
1871000	3	-1137	2094	879391
1881000	5	-1131	3763	884519
1891000	7	-1126	5441	888346
1901000	10	-1120	8156	892623
1911000	9	-1116	7260	896338
1921000	12	-1112	9617	899389
1931000	10	-1108	7838	902666
1941000	9	-1100	7643	908859
1951000	4	-1092	3738	915864
1961000	1	-1082	954	924495
1971000	2	-1076	2011	929145
1981000	7	-1067	6365	936990
1991000	11	-1059	9980	944166
2001000	12	-1051	10553	951659
2011000	9	-1043	8543	958411
2021000	9	-1039	7999	961997
2031000	9	-1035	8305	966538
2041000	5	-1030	4620	970484
2051000	8	-1029	7687	972227
2061000	9	-1024	8152	976595
2071000	9	-1021	8419	979539
2081000	7	-1009	7017	991147
2091000	6	-1005	6422	994880
2101000	10	-1000	10377	999504
2111000	4	-990	4392	1010541
2121000	2	-984	1853	1016228
2131000	4	-974	4285	1026413
2141000	3	-972	3584	1028640
2151000	5	-966	4904	1034709
2161000	10	-962	11119	1039912
2171000	12	-953	13562	1048876
2181000	14	-950	15804	1052207
2191000	13	-945	15093	1058481
2201000	12	-938	13413	1065779
2211000	9	-932	9926	1073153
2221000	13	-929	14556	1076399
2231000	10	-923	11768	1083120
2241000	14	-918	16306	1088775
2251000	14	-913	16762	1094444
2261000	14	-904	17386	1106533
2271000	14	-907	17569	1101706
2281000	12	-902	14727	1108716
2291000	10	-895	13021	1116842
2301000	7	-891	9058	1122676
2311000	6	-886	7089	1128563
2321000	3	-884	3953	1131217
2331000	3	-879	4371	1137380
2341000	2	-873	2234	1145877
2351000	2	-868	2284	1152155
2361000	2	-861	2441	1160817
2371000	2	-853	2613	1171974
2381000	5	-848	6807	1179544
2391000	4	-844	5807	1184959
2401000	8	-837	10998	1194299
2411000	6	-834	8806	1198722
2421000	8	-829	11941	1205666
2431000	7	-830	9641	1204802
2441000	8	-827	12360	1209156
2451000	7	-824	9956	1213483
2461000	5	-823	7768	1215087
2471000	8	-819	12153	1220747
2481000	5	-816	7113	1225224
2491000	6	-812	8821	1230988
2501000	3	-805	4983	1242320
2511000	1	-799	2344	1252314
2521000	-0	-794	-474	1259801
2531000	1	-785	2321	1273257
2541000	2	-782	2670	1278260
2551000	5	-778	7516	1284598
2561000	3	-775	4944	1289542
2571000	4	-773	6492	1293024
2581000	7	-769	11130	1299700
2591000	8	-765	12884	1306318
2601000	8	-762	14629	1313021
2611000	9	-758	16486	1319751
2621000	13	-751	22982	1331207
2631000	19	-744	34929	1344049
2641000	13	-743	23979	1344811
2651000	12	-742	21144	1346756
2661000	9	-737	16638	1356982
2671000	12	-736	22035	1357532
2681000	10	-734	18922	1363045
2691000	8	-730	15905	1368822
2701000	9	-729	16109	1371156
2711000	7	-728	13091	1373555
2721000	8	-724	15168	1380644
2731000	8	-723	15732	1382817
2741000	9	-716	17519	1397097
2751000	13	-713	24658	1402920
2761000	7	-708	14257	1412330
2771000	6	-702	12486	1423676
2781000	6	-696	12755	1437056
2791000	7	-692	14750	1445202
2801000	2	-687	3566	1454945
2811000	3	-683	5660	1463360
2821000	3	-684	6221	1461939
2831000	3	-683	6566	1464581
2841000	4	-675	8436	1480810
2851000	2	-674	5017	1483412
2861000	3	-670	7034	1492062
2871000	1	-665	2911	1502677
2881000	1	-662	2867	1509449
2891000	3	-658	6769	1520427
2901000	6	-650	13039	1537846
2911000	6	-647	13482	1544754
2921000	8	-643	20077	1554292
2931000	9	-639	22350	1563849
2941000	12	-637	29035	1569102
2951000	11	-635	27089	1574245
2961000	13	-634	31743	1577233
2971000	12	-632	29788	1582438
2981000	13	-630	32319	1587568
2991000	14	-629	34944	1588292
3001000	10	-627	26540	1595702
3011000	10	-628	24740	1591915
3021000	10	-621	24869	1608799
3031000	9	-618	22786	1618998
3041000	7	-616	18459	1622180
3051000	4	-609	11029	1641918
3061000	3	-605	8482	1652485
3071000	-1	-601	-1628	1665234
3081000	-1	-598	-1544	1673440
3091000	1	-595	3698	1681970
3101000	1	-592	3706	1690328
3111000	3	-589	8737	1699107
3121000	2	-585	5891	1710262
3131000	4	-583	11429	1713925
3141000	3	-580	8830	1725276
3151000	4	-577	11582	1731731
3161000	4	-576	11601	1735487
3171000	6	-577	17220	1733794
3181000	5	-569	14231	1756406
3191000	5	-566	14375	1765646
3201000	4	-564	11828	1772244
3211000	6	-560	20489	1785007
3221000	5	-555	17377	1803144
3231000	6	-551	20232	1816010
3241000	6	-546	19979	1831999
3251000	9	-542	29012	1845293
3261000	6	-543	20165	1840102
3271000	5	-540	17260	1853173
3281000	5	-537	17433	1863537
3291000	5	-537	17744	1861469
3301000	5	-536	17761	1865686
3311000	5	-535	17729	1869988
3321000	6	-534	21036	1871247
3331000	7	-532	24398	1878644
3341000	6	-532	21575	1879653
3351000	7	-532	24785	1880825
3361000	9	-530	31330	1885134
3371000	7	-527	25331	1895602
3381000	7	-524	25408	1906380
3391000	7	-525	25776	1904326
3401000	7	-520	25689	1921916
3411000	7	-515	25473	1939910
3421000	5	-512	18660	1951180
3431000	7	-509	25286	1962918
3441000	6	-505	24891	1981706
3451000	4	-502	17666	1993345
3461000	4	-498	14287	2008650
3471000	2	-497	7116	2013177
3481000	3	-495	10526	2021827
3491000	4	-493	17712	2027072
3501000	4	-492	17630	2032033
3511000	3	-488	13536	2048185
3521000	4	-488	17582	2049561
3531000	2	-485	9684	2061891
3541000	1	-481	5128	2078560
3551000	-1	-478	-3166	2091197
3561000	-2	-474	-7668	2108144
3571000	-2	-473	-7681	2113626
3581000	1	-467	3318	2140118
3591000	4	-462	19182	2163158
3601000	1	-460	6289	2172390
3611000	3	-457	14368	2187193
3621000	5	-454	22469	2202334
3631000	5	-452	26469	2212824
3641000	4	-450	21925	2223210
3651000	7	-447	35449	2234146
3661000	7	-448	36047	2231371
3671000	8	-448	40673	2233184
3681000	7	-446	35897	2243501
3691000	8	-445	40313	2245201
3701000	7	-445	36184	2246802
3711000	9	-442	45240	2262274
3721000	7	-443	36128	2259178
3731000	7	-440	35709	2274701
3741000	7	-438	35696	2281000
3751000	7	-437	35932	2287416
3761000	7	-436	36030	2293928
3771000	7	-436	36447	2290688
3781000	7	-433	35916	2306591
3791000	7	-432	36201	2313106
3801000	5	-429	26019	2328971
3811000	4	-427	20726	2340141
3821000	4	-424	19967	2356809
3831000	3	-419	18702	2383681
3841000	1	-417	8037	2400488
3851000	1	-414	7529	2418169
3861000	1	-410	6575	2436122
3871000	1	-406	4793	2465048
3881000	1	-404	4270	2472784
3891000	1	-403	4131	2480297
3901000	3	-401	20345	2494601
3911000	1	-398	8068	2512935
3921000	2	-396	12946	2526765
3931000	4	-393	23468	2546710
3941000	6	-392	41235	2549540
3951000	5	-392	35628	2551473
3961000	7	-391	47432	2559878
3971000	7	-389	47269	2568005
3981000	8	-385	52785	2594405
3991000	10	-384	64942	2602939
4001000	9	-383	64788	2611341
4011000	12	-379	82980	2638737
4021000	13	-375	95431	2660087
4031000	13	-374	95804	2668983
4041000	13	-373	96337	2677914
4051000	13	-370	96425	2699873
4061000	12	-368	89671	2715537
4071000	14	-366	102765	2724657
4081000	12	-365	89205	2733850
4091000	12	-364	88957	2743099
4101000	12	-361	88688	2766097
4111000	11	-361	81927	2768688
4121000	10	-359	74890	2785345
4131000	10	-357	75305	2795249
4141000	8	-356	61149	2804729
4151000	8	-355	60821	2814616
4161000	9	-354	74799	2824928
4171000	10	-352	82092	2842210
4181000	9	-349	74349	2859414
4191000	11	-348	89023	2869759
4201000	12	-348	96144	2872471
4211000	12	-344	103480	2905661
4221000	14	-342	118828	2916084
4231000	15	-340	127164	2934594
4241000	15	-342	127098	2914352
4251000	15	-339	127273	2940654
4261000	16	-339	134961	2943416
4271000	16	-337	143018	2961858
4281000	13	-336	111025	2972873
4291000	12	-335	111147	2983898
4301000	15	-334	135503	2986810
4311000	15	-331	135635	3014233
4321000	14	-329	127559	3033811
4331000	11	-327	102645	3053751
4341000	8	-322	75858	3108147
4351000	11	-325	102531	3077129
4361000	10	-324	94068	3080164
4371000	6	-322	58808	3108466
4381000	6	-320	58190	3120528
4391000	7	-318	65934	3141845
4401000	5	-314	54918	3180636
4411000	5	-313	54086	3193425
4421000	5	-312	53303	3206373
4431000	5	-309	51794	3238447
4441000	7	-307	70402	3252645
4451000	8	-304	88263	3285924
4461000	6	-305	68434	3279174
4471000	8	-300	86045	3333006
4481000	9	-297	105124	3367743
4491000	9	-294	104085	3402764
4501000	11	-291	135310	3428424
4511000	14	-289	167551	3453859
4521000	11	-285	134614	3501825
4531000	11	-284	134635	3517676
4541000	10	-284	123469	3522110
4551000	11	-280	145503	3560557
4561000	11	-279	145636	3576735
4571000	9	-278	121739	3592734
4581000	8	-276	109011	3620452
4591000	7	-274	95848	3648668
4601000	9	-273	119124	3665764
4611000	9	-273	118896	3658300
4621000	7	-272	94202	3675343
4631000	8	-273	106934	3656432
4641000	8	-270	105052	3698035
4651000	8	-271	104610	3690332
4661000	8	-270	103832	3707561
4671000	6	-267	90079	3737510
4681000	7	-267	102037	3742965
4691000	8	-267	114203	3747927
4701000	7	-265	99661	3778085
4711000	8	-264	111908	3783437
4721000	7	-264	98586	3788295
4731000	9	-262	124044	3807706
4741000	9	-262	136215	3813261
4751000	10	-260	148640	3845927
4761000	8	-259	120937	3864001
4771000	8	-257	119735	3883030
4781000	12	-258	174141	3875431
4791000	12	-252	187416	3964437
4801000	11	-253	172348	3941763
4811000	9	-252	143355	3961057
4821000	13	-250	215173	3996063
4831000	14	-247	230085	4030986
4841000	12	-246	199863	4052057
4851000	13	-246	214393	4057535
4861000	13	-242	229981	4123977
4871000	13	-240	230105	4145861
4881000	12	-238	214316	4184423
4891000	12	-237	213764	4206232
4901000	10	-234	180024	4261257
4911000	11	-232	195728	4301537
4921000	9	-230	178023	4342370
4931000	8	-228	159312	4384558
4941000	10	-225	192729	4445324
4951000	8	-223	155193	4470212
4961000	10	-221	209180	4515112
4971000	8	-218	169596	4578540
4981000	8	-215	166810	4644465
4991000	10	-213	224723	4692372
5001000	8	-210	181729	4760919
5011000	10	-210	222398	4749791
5021000	10	-207	221720	4821793
5031000	10	-205	242179	4873722
5041000	10	-202	240965	4948113
5051000	13	-203	305871	4910906
5061000	12	-203	282737	4920045
5071000	11	-202	259515	4929222
5081000	10	-199	258816	5005897
5091000	10	-200	257500	4992238
5101000	10	-200	256429	4977758
5111000	10	-199	255154	5010036
5121000	12	-199	299842	4996789
5131000	11	-197	276600	5054266
5141000	11	-198	275148	5040369
5151000	9	-197	227572	5073015
5161000	10	-196	249100	5084258
5171000	9	-195	247477	5117127
5181000	11	-194	294129	5150556
5191000	9	-194	243395	5135431
5201000	12	-192	315619	5193581
5211000	11	-192	289128	5205650
5221000	10	-190	288062	5242263
5231000	13	-188	363572	5301786
5241000	12	-185	364750	5390186
5251000	12	-185	362189	5374288
5261000	11	-183	335209	5439949
5271000	14	-181	418313	5503889
5281000	13	-180	388762	5516330
5291000	14	-179	444948	5553027
5301000	14	-176	448139	5651089
5311000	13	-176	417955	5665297
5321000	12	-173	389269	5740212
5331000	10	-174	326674	5724095
5341000	14	-174	443338	5703396
5351000	12	-173	383429	5747809
5361000	10	-169	353634	5885411
5371000	10	-168	351588	5930337
5381000	10	-169	348946	5910670
5391000	11	-168	379454	5923319
5401000	10	-166	345706	6002213
5411000	9	-166	311034	6018421
5421000	9	-166	308542	6000672
5431000	9	-167	306648	5981279
5441000	8	-165	303902	6027204
5451000	8	-164	301547	6074632
5461000	9	-164	332172	6089328
5471000	10	-163	364015	6104133
5481000	10	-162	362359	6152497
5491000	9	-162	325231	6165730
5501000	9	-161	356642	6179411
5511000	10	-159	391334	6267246
5521000	11	-157	426627	6355619
5531000	11	-156	462613	6370944
5541000	14	-155	572124	6381940
5551000	14	-152	577737	6513731
5561000	13	-149	585312	6650233
5571000	18	-148	786480	6647748
5581000	16	-146	753880	6750985
5591000	17	-144	805866	6848921
5601000	17	-143	809581	6912190
5611000	19	-140	956719	7004757
5621000	19	-139	964090	7072970
5631000	17	-138	877141	7153025
5641000	17	-137	881578	7218123
5651000	16	-133	899464	7385862
5661000	12	-133	699066	7478522
5671000	16	-131	909703	7532719
5681000	13	-131	749391	7571824
5691000	13	-130	751812	7646837
5701000	14	-129	802651	7666277
5711000	12	-127	755311	7807263
5721000	10	-126	641918	7901968
5731000	10	-124	638987	7985420
5741000	7	-124	457872	8015702
5751000	10	-124	631468	8038172
5761000	9	-123	567051	8067734
5771000	7	-121	505476	8217433
5781000	9	-122	620328	8175627
5791000	6	-118	424157	8460505
5801000	7	-119	483011	8359316
5811000	6	-121	415837	8261536
5821000	6	-118	403687	8487635
5831000	7	-121	467809	8256639
5841000	4	-119	264844	8403549
5851000	5	-116	383103	8634796
5861000	6	-115	444923	8664682
5871000	4	-116	301595	8623060
5881000	3	-112	204961	8935474
5891000	5	-113	423467	8829239
5901000	3	-110	256250	9073642
5911000	4	-108	314969	9270292
5921000	3	-106	301926	9387136
5931000	3	-103	275178	9677212
5941000	4	-105	359759	9549276
5951000	2	-101	241134	9933675
5961000	3	-102	329722	9800899
5971000	4	-98	395127	10211205
5981000	3	-96	273867	10442963
5991000	2	-94	255836	10582107
6001000	3	-94	343539	10635992
6011000	4	-90	533808	11028176
6021000	5	-90	633596	11082627
6031000	4	-88	505085	11362910
6041000	2	-89	258663	11277119
6051000	4	-86	594908	11579488
6061000	3	-86	455295	11629770
6071000	3	-85	437686	11810198
6081000	4	-84	548441	11873122
6091000	4	-83	529634	12065721
6101000	5	-79	789179	12554781
6111000	4	-81	628645	12348170
6121000	6	-79	904623	12558298
6131000	5	-78	889492	12772876
6141000	6	-77	1028980	12836843
6151000	8	-76	1338504	13049708
6161000	8	-74	1523077	13426792
6171000	10	-72	1878899	13626193
6181000	10	-71	1897002	13883672
6191000	9	-69	1924720	14151263
6201000	10	-71	2038194	13851252
6211000	10	-69	2064874	14137645
6221000	12	-67	2711854	14486285
6231000	12	-65	2767558	14775588
6241000	13	-65	2970289	14811766
6251000	13	-64	3033537	15122697
6261000	14	-62	3535329	15324770
6271000	15	-61	3763699	15345376
6281000	14	-63	3407006	15085748
6291000	13	-61	3331247	15704010
6301000	13	-61	3274412	15577741
6311000	16	-61	3958117	15477702
6321000	13	-60	3603252	15989816
6331000	13	-61	3231336	15704504
6341000	13	-59	3616714	16234131
6351000	12	-60	3244932	15946381
6361000	13	-60	3488507	15986615
6371000	12	-58	3384796	16671098
6381000	12	-57	3649167	16700775
6391000	11	-58	3078084	16703795
6401000	11	-57	3327548	16768737
6411000	12	-57	3609939	16855292
6421000	11	-56	3343424	17061286
6431000	13	-55	3982160	17300428
6441000	11	-56	3343655	17301788
6451000	9	-52	3334568	18705979
6461000	11	-52	3907742	18372483
6471000	9	-53	3187976	18378624
6481000	13	-53	4345211	17880627
6491000	8	-48	3487084	20084643
6501000	7	-46	3229152	21148000
6511000	9	-45	4179877	21623500
6521000	7	-41	4150510	23968144
6531000	6	-40	3589336	24345194
6541000	5	-38	3140906	25890746
6551000	7	-39	4694155	24669996
6561000	6	-32	5922884	29821034
6571000	5	-35	3868617	28146648
6581000	6	-31	5932129	30610990
6591000	4	-30	4268603	32313001
6601000	6	-29	6442463	33409545
6611000	5	-27	6692336	35280718
6621000	6	-29	7204099	33391992
6631000	6	-27	7599982	34957633
6641000	3	-25	4221508	38816125
6651000	5	-25	8420791	38638909
6661000	3	-24	5711944	41555896
6671000	5	-24	8509675	40121930
6681000	4	-24	6947256	41307470
6691000	4	-22	7245954	43733987
6701000	5	-22	10160861	42004607
6711000	4	-20	9544309	47398027
6721000	3	-22	6633349	44971268
6731000	4	-19	9583639	49846901
6741000	3	-18	10239685	53666714
6751000	4	-17	13013695	54298966
6761000	5	-17	16007788	54611657
6771000	4	-17	13284421	57201086
6781000	4	-15	14335593	62153111
6791000	4	-15	18168347	62621402
6801000	5	-14	22302254	63071377
6811000	7	-12	33325139	63061913
6821000	7	-12	37562993	61171071
6831000	8	-9	51661290	62782832
6841000	8	-8	60872886	66210527
6851000	8	-8	65254140	59899532
6861000	10	-4	88217947	38255592
6871000	11	-3	85441460	19421667
6881000	11	-1	91032439	10351210
6891000	11	0	95077213	-995203
6901000	10	3	90097361	-30261248
6911000	12	3	79202373	-21509905
6921000	13	9	54140579	-36182537
6931000	14	7	56933673	-29829539
6941000	10	10	50288225	-52537437
6951000	10	9	56575490	-46952699
6961000	10	12	41572982	-49648149
6971000	13	13	39509812	-39879781
6981000	11	13	38385408	-43246953
6991000	11	12	40127354	-43579982
7001000	10	16	26603523	-44910871
7011000	10	14	32904649	-47147245
7021000	11	15	31936173	-44375235
7031000	10	18	23725896	-42247123
7041000	9	18	21703863	-43943252
7051000	10	19	21574640	-41738292
7061000	9	17	23265342	-45614643
7071000	10	21	18867461	-38683620
7081000	8	22	14782422	-40111861
7091000	8	21	15462043	-40814286
7101000	8	21	16059095	-41623716
7111000	9	22	15984631	-39781594
7121000	8	25	11827491	-36317537
7131000	8	23	14407627	-39046486
7141000	9	23	14728566	-37413918
7151000	9	25	12837372	-36112668
7161000	8	25	11314142	-36747800
7171000	10	25	13719952	-35269822
7181000	9	25	12313378	-35961477
7191000	9	25	12626501	-34728801
7201000	8	26	11017780	-35205367
7211000	8	25	11159285	-35826013
7221000	8	27	9827516	-34494461
7231000	11	26	13673352	-33197852
7241000	9	30	9300181	-30791421
7251000	9	27	11056835	-32813815
7261000	8	28	9808101	-33273723
7271000	10	30	10049561	-29388474
7281000	12	32	10180593	-27339221
7291000	9	32	8040415	-28832529
7301000	11	32	9512681	-28090327
7311000	9	34	7405771	-27185333
7321000	11	36	7702862	-25482619
7331000	13	36	8838141	-24865706
7341000	12	36	8078908	-25178458
7351000	14	39	8210169	-22874840
7361000	11	39	6711585	-23907150
7371000	15	39	8474391	-22568465
7381000	15	41	7796835	-21391767
7391000	15	41	7955477	-21590930
7401000	15	42	7301368	-21128081
7411000	15	42	7392724	-21302010
7421000	15	42	7526600	-20847982
7431000	16	43	7642343	-20381350
7441000	16	44	7103374	-20007274
7451000	16	44	7223457	-20188386
7461000	16	46	6690248	-19228102
7471000	15	47	6229287	-19399318
7481000	17	48	6329040	-18500870
7491000	17	48	6438637	-18651618
7501000	15	48	6004278	-18810790
7511000	18	51	6031093	-17481185
7521000	15	54	4791138	-17136894
7531000	15	52	5257088	-17734141
7541000	15	53	4887336	-17394368
7551000	15	58	4260296	-16221780
7561000	16	58	4356412	-15981694
7571000	18	58	4818234	-15773716
7581000	17	63	3960758	-14794404
7591000	19	61	4653716	-14948464
7601000	18	64	4075262	-14369161
7611000	18	66	3828905	-14131396
7621000	19	69	3683200	-13387741
7631000	19	71	3502364	-13201434
7641000	21	71	3825211	-13052705
7651000	18	74	3158291	-12826874
7661000	15	73	2690494	-13053622
7671000	19	75	3076023	-12493044
7681000	15	74	2573050	-12926995
7691000	17	79	2570388	-12099408
7701000	18	78	2774397	-12199047
7711000	15	79	2374436	-12165754
7721000	16	80	2444469	-12037992
7731000	15	80	2266248	-12057400
7741000	16	81	2337940	-11924695
7751000	14	82	1989303	-11874003
7761000	15	84	2120006	-11571664
7771000	15	83	2135836	-11639991
7781000	14	85	1858095	-11420787
7791000	15	84	2036766	-11523551
7801000	14	86	1915810	-11346311
7811000	15	86	1971127	-11235140
7821000	12	85	1701754	-11574380
7831000	15	87	1887778	-11131425
7841000	15	89	1803567	-10978146
7851000	14	88	1810044	-11035471
7861000	15	91	1747737	-10721991
7871000	14	89	1708421	-10931224
7881000	14	91	1618380	-10791742
7891000	12	91	1482681	-10799032
7901000	14	93	1590794	-10552770
7911000	16	93	1787676	-10496936
7921000	15	94	1699090	-10357429
7931000	13	95	1425711	-10311195
7941000	15	95	1614597	-10266581
7951000	16	96	1658647	-10174374
7961000	16	95	1669940	-10224810
7971000	13	98	1334590	-10000793
7981000	13	101	1303584	-9754247
7991000	14	101	1365171	-9675685
8001000	14	101	1372654	-9713884
8011000	12	99	1155839	-9949601
8021000	12	100	1206898	-9867090
8031000	11	102	1021547	-9691451
8041000	12	104	1128660	-9503837
8051000	13	104	1181925	-9431253
8061000	14	105	1213872	-9351335
8071000	13	105	1113106	-9347668
8081000	13	106	1164841	-9284116
8091000	12	106	1069242	-9286398
8101000	13	107	1113489	-9214202
8111000	11	108	888304	-9154131
8121000	10	110	828063	-9032563
8131000	10	109	830768	-9072225
8141000	10	109	831810	-9113881
8151000	9	110	773175	-8999220
8161000	10	113	773147	-8794264
8171000	10	112	783179	-8833450
8181000	9	111	743065	-8964405
8191000	9	112	692481	-8860590
8201000	9	113	730555	-8791633
8211000	8	113	630248	-8773564
8221000	10	113	774128	-8755472
8231000	9	114	684873	-8746588
8241000	10	114	733890	-8688523
8251000	9	116	699329	-8583679
8261000	9	114	653435	-8709539
8271000	8	116	608708	-8600186
8281000	8	115	607714	-8640439
8291000	9	114	696174	-8715433
8301000	10	117	700768	-8519457
8311000	9	116	691918	-8540858
8321000	10	119	685678	-8353646
8331000	8	118	564517	-8422708
8341000	10	121	697339	-8198310
8351000	12	118	829502	-8395282
8361000	11	121	735775	-8175389
8371000	13	124	849282	-7962867
8381000	13	126	808114	-7877944
8391000	16	125	1003440	-7886689
8401000	15	128	902536	-7694852
8411000	15	130	856972	-7611348
8421000	17	131	994305	-7522277
8431000	16	131	926795	-7521313
8441000	17	134	913886	-7376744
8451000	17	134	937478	-7327200
8461000	17	136	899055	-7256145
8471000	19	136	997046	-7236968
8481000	18	137	956048	-7170589
8491000	18	138	916169	-7102941
8501000	21	139	1034434	-7017620
8511000	21	140	1063086	-6968974
8521000	20	141	995045	-6962852
8531000	21	141	1017517	-6918062
8541000	23	140	1149948	-6977315
8551000	20	142	964269	-6932952
8561000	19	142	905068	-6929772
8571000	20	142	994644	-6912882
8581000	20	143	959295	-6853133
8591000	21	142	1031544	-6895959
8601000	20	144	929557	-6811804
8611000	19	143	896480	-6886343
8621000	21	146	958864	-6723157
8631000	18	146	821830	-6761664
8641000	18	146	847686	-6723048
8651000	19	147	866708	-6683165
8661000	21	145	986128	-6744472
8671000	21	149	913485	-6607013
8681000	16	146	735871	-6758567
8691000	18	146	823319	-6745767
8701000	15	147	703112	-6717124
8711000	17	147	787014	-6699247
8721000	18	148	805113	-6657008
8731000	19	149	830793	-6616327
8741000	17	149	773600	-6611202
8751000	16	150	718640	-6605019
8761000	15	152	634345	-6522188
8771000	14	150	613796	-6597816
8781000	14	150	612495	-6616509
8791000	13	151	581451	-6555376
8801000	14	154	575740	-6438795
8811000	14	154	571345	-6453779
8821000	12	154	520401	-6445905
8831000	13	154	527203	-6462493
8841000	12	154	486741	-6454727
8851000	11	157	438091	-6322230
8861000	11	160	435824	-6214536
8871000	9	160	356558	-6249129
8881000	10	160	382972	-6218117
8891000	10	162	364768	-6163504
8901000	10	164	359339	-6060986
8911000	10	164	355290	-6069554
8921000	10	165	380929	-6040936
8931000	10	166	362671	-5986775
8941000	7	170	256262	-5887335
8951000	7	169	251811	-5901722
8961000	7	171	235581	-5850145
8971000	11	171	364567	-5828938
8981000	10	172	341958	-5780678
8991000	7	176	241951	-5685284
9001000	11	178	342030	-5602185
9011000	11	178	339844	-5612250
9021000	7	179	228069	-5565457
9031000	10	177	302655	-5623870
9041000	10	180	304261	-5539434
9051000	8	181	232292	-5507975
9061000	9	181	287776	-5503636
9071000	9	181	288332	-5514740
9081000	7	186	188613	-5372054
9091000	8	185	227834	-5403052
9101000	10	185	280576	-5393834
9111000	9	187	258272	-5348345
9121000	8	187	222571	-5341948
9131000	11	187	325478	-5318784
9141000	7	190	187828	-5254077
9151000	10	189	273357	-5271992
9161000	9	193	243234	-5181903
9171000	10	191	277856	-5212445
9181000	10	193	263929	-5173225
9191000	10	191	275343	-5234123
9201000	11	191	287747	-5207137
9211000	10	195	256298	-5116673
9221000	10	195	259898	-5128052
9231000	12	198	311928	-5043736
9241000	12	197	310574	-5054790
9251000	11	201	283491	-4970892
9261000	13	200	333028	-4967368
9271000	14	199	361039	-4994303
9281000	16	201	389331	-4939748
9291000	14	204	339734	-4887871
9301000	15	206	338832	-4818911
9311000	14	205	322907	-4855915
9321000	16	205	367637	-4848036
9331000	16	210	352930	-4740410
9341000	19	209	426080	-4746861
9351000	16	210	369667	-4729418
9361000	18	209	399112	-4753013
9371000	16	209	368311	-4749359
9381000	17	210	383027	-4728077
9391000	16	212	364625	-4691669
9401000	17	213	376014	-4669305
9411000	15	214	321126	-4652042
9421000	17	214	362249	-4645509
9431000	16	212	350230	-4681185
9441000	17	214	372424	-4632723
9451000	16	215	343570	-4628443
9461000	14	216	289821	-4611946
9471000	17	215	358514	-4621128
9481000	15	216	331458	-4616065
9491000	16	216	340518	-4596761
9501000	16	218	325060	-4563531
9511000	14	217	286511	-4584430
9521000	13	219	274029	-4549899
9531000	13	219	272580	-4555429
9541000	14	218	298433	-4575400
9551000	13	220	262342	-4532023
9561000	13	220	263112	-4539609
9571000	13	220	275611	-4523188
9581000	14	221	285577	-4502543
9591000	11	221	218542	-4507169
9601000	11	221	218063	-4515761
9611000	11	224	220341	-4462460
9621000	11	221	231950	-4510975
9631000	11	225	207691	-4440763
9641000	12	224	232269	-4460791
9651000	10	228	184685	-4380003
9661000	10	229	199263	-4363427
9671000	11	226	208424	-4408336
9681000	9	231	163117	-4326423
9691000	10	228	192340	-4381323
9701000	11	230	214438	-4340199
9711000	11	230	212878	-4346066
9721000	10	235	180905	-4247139
9731000	11	234	203238	-4265536
9741000	12	232	214753	-4308880
9751000	11	235	196456	-4245346
9761000	13	233	241738	-4275589
9771000	12	237	217302	-4207942
9781000	10	240	181050	-4165975
9791000	10	239	182402	-4173162
9801000	11	242	184998	-4126803
9811000	11	241	184437	-4133878
9821000	12	244	206250	-4096391
9831000	10	243	172838	-4111479
9841000	10	242	175545	-4117953
9851000	10	242	173972	-4124046
9861000	11	243	185454	-4109545
9871000	12	245	204637	-4072916
9881000	10	244	169169	-4086472
9891000	12	244	200242	-4083489
9901000	11	245	177914	-4076289
9911000	13	246	218789	-4051516
9921000	10	246	166066	-4055719
9931000	11	247	179022	-4041580
9941000	13	249	202601	-4006303
9951000	11	248	172797	-4020261
9961000	12	249	199005	-4011819
9971000	12	247	187940	-4036443
9981000	12	250	189446	-3991348
9991000	10	249	158427	-4008269
10001000	12	249	189317	-4006275
10011000	11	250	168643	-4000082
10021000	9	250	147172	-3993714
10031000	13	250	207128	-3982194
10041000	9	249	146201	-4006334
10051000	11	249	176556	-4002192
10061000	11	249	174428	-4004637
10071000	11	249	172314	-4008004
10081000	8	250	132274	-3991737
10091000	11	251	172001	-3969396
10101000	12	250	189391	-3985757
10111000	13	251	198978	-3971827
10121000	11	250	169104	-3986961
10131000	13	254	201679	-3933638
10141000	13	253	201023	-3937241
10151000	14	252	218733	-3950749
10161000	12	255	188595	-3911979
10171000	12	255	188918	-3918173
10181000	11	255	169858	-3913062
10191000	14	256	209843	-3890044
10201000	14	257	217267	-3873513
10211000	13	258	197086	-3866640
10221000	16	259	235078	-3845296
10231000	15	259	217923	-3842035
10241000	18	262	263593	-3798722
10251000	15	260	223259	-3831380
10261000	15	262	212224	-3807891
10271000	17	265	238528	-3757747
10281000	20	268	280318	-3714434
10291000	18	267	251800	-3729712
10301000	20	267	279269	-3724403
10311000	20	270	279219	-3684736
10321000	21	271	288652	-3671462
10331000	21	270	289808	-3674276
10341000	23	273	303246	-3639706
10351000	23	276	300525	-3601499
10361000	25	276	324687	-3597410
10371000	22	276	283148	-3605848
10381000	22	276	291053	-3594319
10391000	25	280	313209	-3549504
10401000	23	277	296201	-3587450
10411000	23	280	292673	-3549570
10421000	24	281	296867	-3536345
10431000	23	277	298078	-3580458
10441000	23	281	294186	-3540348
10451000	24	281	300475	-3528842
10461000	24	281	299473	-3530389
10471000	23	283	289583	-3511311
10481000	25	282	307381	-3523221
10491000	22	283	274199	-3512908
10501000	23	284	281576	-3501099
10511000	24	286	297025	-3469990
10521000	25	284	303175	-3493706
10531000	23	287	277483	-3466005
10541000	24	288	285686	-3453912
10551000	23	286	278134	-3475809
10561000	24	287	285205	-3463398
10571000	22	287	267754	-3460056
10581000	24	288	290908	-3453586
10591000	21	289	245632	-3436766
10601000	22	290	266465	-3432385
10611000	20	289	241928	-3443007
10621000	20	292	238502	-3407824
10631000	22	291	252704	-3418874
10641000	20	291	235689	-3415326
10651000	19	293	225537	-3395354
10661000	20	291	234253	-3421955
10671000	19	293	226836	-3403473
10681000	17	294	197885	-3392057
10691000	17	296	192959	-3371382
10701000	17	296	191074	-3372632
10711000	19	294	216962	-3389484
10721000	18	295	209075	-3371309
10731000	17	296	194120	-3368786
10741000	17	295	193602	-3373220
10751000	15	298	170350	-3348165
10761000	14	296	162568	-3366751
10771000	16	296	183401	-3363293
10781000	16	296	182390	-3366632
10791000	14	301	153102	-3318226
10801000	16	299	178719	-3333109
10811000	16	302	176722	-3300160
10821000	15	301	169909	-3317499
10831000	15	302	161609	-3299565
10841000	14	304	154496	-3281354
10851000	14	304	153496	-3285185
10861000	15	303	168376	-3296498
10871000	13	304	141272	-3283473
10881000	14	308	146300	-3236449
10891000	14	306	150929	-3258251
10901000	12	306	129083	-3266715
10911000	16	306	171101	-3256815
10921000	13	309	137618	-3226263
10931000	13	311	129773	-3206354
10941000	13	307	140920	-3249571
10951000	14	310	142032	-3219582
10961000	14	311	148718	-3209737
10971000	15	314	149205	-3179449
10981000	14	314	146023	-3181125
10991000	14	313	143926	-3183736
11001000	11	317	110845	-3153454
11011000	13	317	128465	-3150062
11021000	12	319	121431	-3133235
11031000	14	319	140484	-3129934
11041000	13	319	128690	-3125843
11051000	13	319	127925	-3128222
11061000	15	320	146092	-3122898
11071000	14	323	132516	-3085753
11081000	15	320	149784	-3114347
11091000	12	324	118414	-3085426
11101000	12	323	117074	-3089061
11111000	13	322	127421	-3098075
11121000	14	323	132255	-3088310
11131000	15	325	144800	-3067395
11141000	14	326	130819	-3063681
11151000	11	326	99460	-3065329
11161000	13	327	122477	-3048649
11171000	12	328	108392	-3045129
11181000	12	326	114130	-3065588
11191000	14	328	125658	-3044173
11201000	11	329	100212	-3033526
11211000	13	327	124208	-3049843
11221000	15	327	141354	-3046879
11231000	10	331	93414	-3022481
11241000	13	330	121267	-3022461
11251000	13	332	116348	-3004728
11261000	14	333	121834	-2995678
11271000	11	334	97804	-2986508
11281000	16	334	144718	-2984532
11291000	15	338	131911	-2950921
11301000	15	338	131162	-2952927
11311000	13	337	113918	-2961263
11321000	15	335	135686	-2975404
11331000	16	340	140400	-2936948
11341000	15	340	126670	-2932330
11351000	17	344	143166	-2901125
11361000	16	345	130647	-2896856
11371000	14	345	116778	-2893523
11381000	17	348	144211	-2868921
11391000	15	347	128250	-2876667
11401000	17	346	138831	-2884382
11411000	19	350	155321	-2850862
11421000	17	350	141902	-2846366
11431000	19	353	152236	-2825456
11441000	19	353	152568	-2828578
11451000	20	353	155980	-2820368
11461000	19	353	153489	-2821757
11471000	18	354	142326	-2820024
11481000	17	358	132237	-2790173
11491000	17	357	131690	-2793580
11501000	15	358	120797	-2789139
11511000	17	357	129362	-2794202
11521000	18	358	143546	-2789598
11531000	16	360	126613	-2772148
11541000	20	359	150764	-2774082
11551000	14	359	108591	-2781695
11561000	15	360	113554	-2774518
11571000	15	361	118351	-2766228
11581000	15	359	113726	-2777662
11591000	15	361	116048	-2767308
11601000	16	362	118436	-2758133
11611000	14	363	109759	-2753766
11621000	13	363	99606	-2751186
11631000	14	362	108069	-2758418
11641000	13	364	100958	-2743460
11651000	13	364	101038	-2745244
11661000	13	366	97020	-2732348
11671000	13	363	101558	-2749632
11681000	13	365	94322	-2735570
11691000	11	368	78014	-2716297
11701000	10	368	76690	-2718417
11711000	9	368	64771	-2714424
11721000	10	367	73379	-2721595
11731000	12	367	86042	-2719896
11741000	9	368	67829	-2712049
11751000	10	370	72856	-2703861
11761000	9	368	65723	-2713131
11771000	10	368	73345	-2718398
11781000	12	368	88360	-2715058
11791000	10	370	74572	-2697416
11801000	11	371	77604	-2689685
11811000	8	371	61156	-2695795
11821000	10	371	74943	-2693798
11831000	7	371	50952	-2696319
11841000	8	372	55154	-2688012
11851000	7	374	47968	-2674306
11861000	8	373	55583	-2679723
11871000	6	374	45605	-2676077
11881000	9	372	63005	-2687054
11891000	5	372	37009	-2687573
11901000	5	375	37640	-2665962
11911000	6	373	41306	-2682597
11921000	8	373	54147	-2680549
11931000	7	375	46562	-2665523
11941000	5	376	35542	-2661367
11951000	4	374	30638	-2672218
11961000	6	374	45040	-2670142
11971000	7	376	50535	-2662086
11981000	6	376	38885	-2656906
11991000	8	378	57203	-2645543
12001000	5	378	34085	-2646383
12011000	6	377	42151	-2653299
12021000	4	378	29196	-2647888
12031000	3	378	19103	-2643308
12041000	5	380	37319	-2631202
12051000	4	378	29532	-2641752
12061000	6	381	38565	-2624873
12071000	6	380	38325	-2627746
12081000	5	382	34420	-2615560
12091000	3	383	21340	-2611847
12101000	5	383	33380	-2607828
12111000	5	383	32801	-2609874
12121000	6	385	42930	-2593997
12131000	7	387	48334	-2585980
12141000	8	388	52143	-2578639
12151000	7	388	43945	-2573764
12161000	7	386	47482	-2588736
12171000	8	388	56229	-2573041
12181000	8	391	49485	-2559479
12191000	6	391	37478	-2554689
12201000	8	391	50534	-2553847
12211000	8	392	53976	-2546910
12221000	7	394	47937	-2534567
12231000	7	391	45914	-2558612
12241000	9	394	59933	-2534768
12251000	9	396	56191	-2522593
12261000	9	396	54169	-2522290
12271000	7	395	45664	-2530933
12281000	9	395	58672	-2529178
12291000	9	395	58092	-2530550
12301000	8	399	48812	-2506217
12311000	10	397	63774	-2515597
12321000	8	398	53439	-2512734
12331000	9	398	54945	-2514389
12341000	9	397	55333	-2515119
12351000	9	399	57201	-2507146
12361000	10	400	61344	-2499231
12371000	9	402	55831	-2487237
12381000	9	402	54366	-2487347
12391000	10	401	60584	-2492798
12401000	10	401	60510	-2494047
12411000	10	400	59699	-2495629
12421000	7	402	42649	-2488041
12431000	9	404	57791	-2476375
12441000	7	403	41510	-2480427
12451000	7	403	40716	-2482478
12461000	8	405	50266	-2468148
12471000	9	406	53494	-2462512
12481000	8	404	47434	-2472083
12491000	9	407	54950	-2456736
12501000	9	407	53912	-2458521
12511000	11	407	66606	-2455581
12521000	9	408	54740	-2451798
12531000	9	410	50742	-2439005
12541000	13	411	75932	-2431181
12551000	12	411	73008	-2431416
12561000	12	411	71514	-2433222
12571000	12	414	71758	-2414579
12581000	12	413	70060	-2416627
12591000	13	416	75409	-2401399
12601000	11	417	64358	-2397315
12611000	12	418	67443	-2391139
12621000	13	417	75351	-2397226
12631000	14	421	78879	-2370887
12641000	13	423	73786	-2360218
12651000	15	424	83519	-2356948
12661000	17	426	91286	-2342850
12671000	16	422	90495	-2363634
12681000	16	426	87555	-2344655
12691000	18	428	100324	-2333712
12701000	17	428	91809	-2331637
12711000	19	429	100527	-2328111
12721000	17	429	91444	-2325191
12731000	17	429	90117	-2327293
12741000	18	431	97576	-2313419
12751000	18	431	96914	-2313530
12761000	18	435	93472	-2294180
12771000	17	434	88652	-2302442
12781000	20	435	102936	-2292836
12791000	17	435	91689	-2297442
12801000	16	433	85854	-2305398
12811000	17	438	88504	-2281017
12821000	18	437	95157	-2286226
12831000	18	436	95341	-2287332
12841000	19	436	99700	-2290805
12851000	19	436	97733	-2291549
12861000	19	437	100684	-2285154
12871000	19	437	100418	-2286323
12881000	17	437	90906	-2283823
12891000	19	437	101070	-2281651
12901000	18	438	92820	-2279673
12911000	19	440	97645	-2266538
12921000	18	439	93336	-2274118
12931000	17	441	86107	-2263414
12941000	17	439	88867	-2275156
12951000	17	441	85716	-2265412
12961000	19	442	95747	-2260512
12971000	18	442	93975	-2260949
12981000	17	440	90055	-2269583
12991000	18	443	89434	-2252822
13001000	17	443	88696	-2253999
13011000	17	443	85502	-2254176
13021000	17	443	84305	-2255419
13031000	18	442	90427	-2259398
13041000	16	443	81242	-2256621
13051000	16	444	83495	-2250691
13061000	16	446	79130	-2241737
13071000	18	442	89435	-2256649
13081000	19	445	95161	-2241657
13091000	16	445	80989	-2245645
13101000	16	444	79588	-2247124
13111000	16	444	79083	-2248466
13121000	16	447	78604	-2232368
13131000	15	447	76951	-2233634
13141000	14	446	71580	-2241780
13151000	16	446	81607	-2239452
13161000	15	447	73941	-2236900
13171000	16	446	78185	-2239949
13181000	14	447	69738	-2236799
13191000	14	448	71826	-2230043
13201000	14	448	71997	-2229869
13211000	16	448	81738	-2227784
13221000	14	447	70121	-2233061
13231000	17	447	86916	-2233901
13241000	14	448	70770	-2227738
13251000	12	449	61815	-2223731
13261000	14	450	70936	-2220898
13271000	15	452	75562	-2208266
13281000	14	449	69174	-2223345
13291000	17	451	82128	-2213800
13301000	15	452	72975	-2211319
13311000	15	453	75023	-2205084
13321000	15	453	73359	-2206296
13331000	16	454	75386	-2200078
13341000	14	456	69289	-2191244
13351000	15	455	73318	-2194117
13361000	16	456	75122	-2188204
13371000	15	455	70429	-2196435
13381000	15	458	69910	-2180902
13391000	17	456	82419	-2188936
13401000	16	458	76061	-2178906
13411000	17	461	81184	-2164924
13421000	16	462	73454	-2162593
13431000	15	462	72068	-2163924
13441000	14	466	63554	-2145414
13451000	16	463	73881	-2158992
13461000	18	463	83545	-2156114
13471000	16	467	74869	-2137799
13481000	16	464	72276	-2153948
13491000	17	468	79469	-2134893
13501000	17	468	77858	-2136012
13511000	18	467	83086	-2140368
13521000	17	469	77192	-2131335
13531000	18	470	79540	-2126186
13541000	17	471	76295	-2118321
13551000	18	474	80256	-2106606
13561000	19	471	86233	-2118771
13571000	17	472	77821	-2116303
13581000	19	474	83231	-2104524
13591000	18	474	81814	-2105360
13601000	18	474	78400	-2105907
13611000	17	474	77638	-2106835
13621000	17	476	74250	-2099333
13631000	17	473	76503	-2109702
13641000	18	476	79562	-2097101
13651000	14	476	61714	-2097811
13661000	17	478	73120	-2089700
13671000	19	479	81433	-2086350
13681000	18	478	78606	-2087634
13691000	16	479	71526	-2085624
13701000	17	480	74399	-2080734
13711000	19	483	80268	-2068304
13721000	17	484	70649	-2064500
13731000	20	481	87126	-2073925
13741000	18	484	78160	-2062882
13751000	18	488	77337	-2047914
13761000	20	485	83386	-2059313
13771000	22	486	92751	-2052298
13781000	11	482	48841	-2071553
13791000	17	485	70278	-2057673
13801000	18	490	76706	-2039350
13811000	19	489	80039	-2042269
13821000	19	492	78515	-2027463
13831000	20	491	83643	-2031216
13841000	21	493	85331	-2025839
13851000	21	494	86442	-2020799
13861000	23	494	92980	-2018697
13871000	22	496	90350	-2011243
13881000	22	494	91035	-2020014
13891000	22	501	86601	-1991554
13901000	20	498	80712	-2004092
13911000	22	502	87609	-1987896
13921000	23	500	90213	-1997073
13931000	23	501	90137	-1991758
13941000	21	502	82619	-1990393
13951000	24	503	92600	-1982254
13961000	24	505	94796	-1976511
13971000	24	505	92605	-1976987
13981000	23	505	90643	-1977612
13991000	24	506	91581	-1970747
14001000	21	506	83453	-1974013
14011000	22	505	87963	-1977577
14021000	25	506	96851	-1969833
14031000	20	509	78825	-1962837
14041000	24	509	91349	-1961712
14051000	23	511	86352	-1954340
14061000	22	510	84863	-1955232
14071000	23	510	89064	-1958555
14081000	21	510	81721	-1957244
14091000	20	512	77022	-1950010
14101000	28	511	107426	-1950303
14111000	28	511	105019	-1950633
14121000	22	510	83219	-1956494
14131000	19	511	70762	-1953351
14141000	20	512	76832	-1950373
14151000	20	512	75091	-1951096
14161000	20	511	74882	-1952495
14171000	20	511	74665	-1952898
14181000	21	512	81278	-1951559
14191000	20	512	77131	-1950397
14201000	20	514	74035	-1943243
14211000	19	512	70968	-1949341
14221000	19	511	74329	-1952842
14231000	19	513	70083	-1944898
14241000	19	511	71721	-1953883
14251000	17	515	64375	-1938831
14261000	18	514	69126	-1942608
14271000	19	513	71063	-1945176
14281000	16	513	61942	-1948859
14291000	17	514	63675	-1943933
14301000	16	512	59920	-1949937
14311000	14	514	53839	-1942323
14321000	16	515	61235	-1940326
14331000	14	514	53418	-1943456
14341000	16	514	61136	-1941992
14351000	16	516	58631	-1935951
14361000	14	515	54255	-1941819
14371000	15	518	54708	-1928717
14381000	16	517	59996	-1932556
14391000	17	516	63014	-1934866
14401000	17	518	62238	-1929684
14411000	18	520	66771	-1919589
14421000	18	520	66079	-1920627
14431000	16	522	59796	-1912125
14441000	14	523	51544	-1910947
14451000	16	516	58798	-1935134
14461000	19	525	69737	-1900571
14471000	16	525	59843	-1904363
14481000	18	524	64352	-1907610
14491000	18	523	64410	-1908465
14501000	18	523	64010	-1909025
14511000	18	526	66202	-1897994
14521000	17	526	62115	-1897775
14531000	16	528	58848	-1891335
14541000	18	527	64124	-1894739
14551000	17	526	60244	-1900928
14561000	15	530	52355	-1886308
14571000	19	531	66728	-1881155
14581000	18	529	63226	-1887787
14591000	17	533	60778	-1875471
14601000	17	534	59627	-1870035
14611000	19	536	66900	-1861627
14621000	18	537	60778	-1860205
14631000	20	537	67533	-1858172
14641000	18	534	61727	-1870138
14651000	20	535	68246	-1867567
14661000	19	537	64173	-1861132
14671000	20	538	69053	-1857576
14681000	20	539	68436	-1853226
14691000	16	538	54504	-1855441
14701000	20	540	70114	-1849525
14711000	20	542	67210	-1842384
14721000	20	540	68282	-1850177
14731000	19	542	62997	-1843374
14741000	20	543	69454	-1840596
14751000	19	543	63253	-1838509
14761000	19	543	65347	-1840427
14771000	18	545	59305	-1833481
14781000	20	547	67487	-1826667
14791000	18	546	61111	-1830547
14801000	19	543	63013	-1838805
14811000	17	545	57777	-1832052
14821000	17	545	56364	-1833121
14831000	17	546	58338	-1828644
14841000	18	546	61405	-1830871
14851000	16	546	53971	-1829799
14861000	16	548	53550	-1824748
14871000	17	549	55889	-1821154
14881000	15	545	50398	-1831879
14891000	15	549	48535	-1820785
14901000	16	549	54083	-1818841
14911000	15	548	50260	-1823845
14921000	15	549	51206	-1819066
14931000	18	549	60531	-1818751
14941000	13	551	41860	-1812543
14951000	14	550	47278	-1815714
14961000	15	552	49798	-1811357
14971000	15	551	48461	-1812746
14981000	17	552	54141	-1809998
14991000	16	552	52125	-1810048
15001000	16	553	53320	-1805803
15011000	16	553	51908	-1806832
15021000	18	555	59065	-1799974
15031000	16	555	52856	-1798708
15041000	17	557	54371	-1794421
15051000	17	557	53591	-1794920
15061000	17	558	53256	-1790707
15071000	16	558	50255	-1790425
15081000	17	557	54861	-1792685
15091000	16	561	51946	-1781128
15101000	25	566	78079	-1764492
15111000	16	567	50618	-1761058
15121000	18	567	57005	-1762932
15131000	21	569	65604	-1755094
15141000	20	569	62505	-1755609
15151000	19	567	57843	-1760232
15161000	19	567	58746	-1760833
15171000	22	575	67483	-1737692
15181000	22	574	65689	-1738952
15191000	21	576	64314	-1734127
15201000	21	576	64071	-1735161
15211000	21	577	61713	-1729528
15221000	20	579	60940	-1725658
15231000	22	580	65038	-1722676
15241000	21	582	61865	-1716630
15251000	22	581	65604	-1718545
15261000	22	579	65183	-1724790
15271000	20	580	59466	-1720609
15281000	22	584	63703	-1711037
15291000	22	583	63996	-1712073
15301000	21	583	62712	-1712463
15311000	22	588	64781	-1698417
15321000	24	585	70877	-1707142
15331000	20	588	58664	-1698213
15341000	22	585	64696	-1706979
15351000	24	587	69829	-1699975
15361000	21	590	61177	-1693131
15371000	22	591	62915	-1689242
15381000	23	589	65276	-1696622
15391000	21	591	59108	-1689796
15401000	23	590	64829	-1693640
15411000	22	592	62622	-1688040
15421000	21	590	59482	-1693069
15431000	22	591	63753	-1690892
15441000	19	594	52504	-1683046
15451000	21	594	58224	-1680699
15461000	22	592	61465	-1686899
15471000	21	592	59207	-1687526
15481000	25	593	70337	-1682208
15491000	17	593	48877	-1684257
15501000	20	595	57001	-1677347
15511000	20	595	55840	-1677495
15521000	19	595	53434	-1678833
15531000	16	594	46430	-1681519
15541000	20	598	57047	-1671260
15551000	22	595	62791	-1678560
15561000	20	596	55715	-1677229
15571000	18	596	49340	-1675152
15581000	17	596	48132	-1675816
15591000	17	597	48882	-1672227
15601000	19	598	53538	-1670667
15611000	17	595	48075	-1680480
15621000	17	598	47128	-1669642
15631000	16	601	43174	-1663567
15641000	17	598	48812	-1671730
15651000	18	600	50822	-1664093
15661000	18	600	50992	-1664726
15671000	16	599	45325	-1667562
15681000	18	596	49751	-1675567
15691000	17	601	47261	-1661286
15701000	17	601	46171	-1661729
15711000	17	601	46367	-1661831
15721000	14	602	39217	-1659778
15731000	17	602	46371	-1659240
15741000	15	598	40805	-1672336
15751000	14	601	39903	-1662919
15761000	17	603	45413	-1656599
15771000	15	602	40600	-1661007
15781000	12	605	32065	-1653272
15791000	15	603	41269	-1657952
15801000	13	604	36751	-1656063
15811000	14	606	38449	-1648634
15821000	14	606	38075	-1649208
15831000	15	608	40212	-1644638
15841000	12	607	33701	-1647082
15851000	14	608	36891	-1645084
15861000	15	608	39222	-1643125
15871000	15	611	38989	-1636892
15881000	13	607	36030	-1645858
15891000	13	609	34280	-1641455
15901000	13	611	33575	-1637140
15911000	14	614	36516	-1629005
15921000	15	613	40668	-1630631
15931000	14	613	38193	-1631575
15941000	17	616	43967	-1620888
15951000	14	614	37311	-1627449
15961000	17	616	45312	-1621571
15971000	15	617	38682	-1619536
15981000	15	615	39349	-1626108
15991000	12	617	31514	-1619216
16001000	15	614	38794	-1627312
16011000	15	619	38301	-1613509
16021000	14	621	35758	-1610127
16031000	15	620	39822	-1611687
16041000	15	620	39247	-1612102
16051000	12	619	32237	-1614328
16061000	13	624	34542	-1602369
16071000	14	623	36534	-1603797
16081000	13	621	34928	-1608624
16091000	12	624	31822	-1603010
16101000	14	626	36383	-1597011
16111000	11	623	28473	-1603951
16121000	14	626	36653	-1597131
16131000	14	628	36497	-1591450
16141000	12	625	31583	-1600056
16151000	10	631	26333	-1585080
16161000	14	629	34228	-1588700
16171000	12	627	31124	-1593354
16181000	16	627	39774	-1593174
16191000	11	629	29040	-1589971
16201000	14	629	34426	-1588676
16211000	12	628	29358	-1591335
16221000	11	628	26858	-1591405
16231000	12	629	29979	-1589078
16241000	12	631	30315	-1584817
16251000	10	631	25829	-1583904
16261000	14	635	33832	-1574170
16271000	9	631	23250	-1584368
16281000	11	632	26368	-1581560
16291000	9	631	22403	-1584527
16301000	9	633	23459	-1580424
16311000	11	635	28500	-1574392
16321000	12	634	31059	-1576386
16331000	11	635	27966	-1574456
16341000	12	633	29286	-1579833
16351000	8	634	19062	-1576800
16361000	13	639	31522	-1564743
16371000	14	635	33653	-1573499
16381000	10	640	25012	-1561192
16391000	8	639	20613	-1564407
16401000	11	639	27005	-1563665
16411000	3	635	8190	-1574035
16421000	7	643	17756	-1554112
16431000	14	643	33260	-1553560
16441000	12	649	28176	-1539299
16451000	9	647	21936	-1545894
16461000	12	651	29163	-1535681
16471000	7	644	17132	-1553553
16481000	10	648	23069	-1543353
16491000	15	653	35991	-1531465
16501000	11	647	26977	-1545995
16511000	16	637	40339	-1568668
16521000	15	654	34081	-1528039
16531000	15	654	33907	-1528090
16541000	15	653	34589	-1530440
16551000	17	658	39138	-1519715
16561000	15	656	34778	-1522729
16571000	14	666	32417	-1501715
16581000	14	656	32177	-1523315
16591000	14	660	31422	-1514395
16601000	15	657	34188	-1520784
16611000	12	662	27860	-1511171
16621000	9	657	20980	-1520626
16631000	13	658	31073	-1519616
16641000	13	663	29237	-1507134
16651000	13	663	29691	-1507885
16661000	10	666	23611	-1501421
16671000	15	662	33874	-1509569
16681000	11	665	25645	-1502939
16691000	14	665	31500	-1502109
16701000	12	669	25923	-1495249
16711000	14	668	31026	-1495388
16721000	12	665	27854	-1503079
16731000	14	669	32152	-1492961
16741000	12	669	26113	-1495005
16751000	14	670	31527	-1492132
16761000	12	669	26462	-1495087
16771000	14	671	31421	-1490629
