f/Hz	Re{Y}/µS	Im{Y}/µS	Re{Z}/mOhm	Im{Z}/mOhm
1000	6570640	-1716277	142	37
11000	5668916	-2100879	155	57
21000	4436901	-2861487	159	103
31000	3229310	-3287261	152	155
41000	2512867	-2999275	164	196
51000	1875500	-2648829	178	251
61000	1413132	-2643834	157	294
71000	1119750	-2324399	168	349
81000	871836	-2157836	161	398
91000	705002	-1959270	163	452
101000	623605	-1830277	167	490
111000	514367	-1688281	165	542
121000	442600	-1590477	162	584
131000	390160	-1470174	169	635
141000	340650	-1370413	171	687
151000	313343	-1305216	174	724
161000	262597	-1217264	169	785
171000	235628	-1159579	168	828
181000	227518	-1091206	183	878
191000	195946	-1044811	173	925
201000	180023	-988795	178	979
211000	163201	-955677	174	1017
221000	155088	-907322	183	1071
231000	145232	-874689	185	1113
241000	132434	-835034	185	1168
251000	119379	-807396	179	1212
261000	115055	-777321	186	1259
271000	102311	-750763	178	1308
281000	99833	-724602	187	1354
291000	93445	-702319	186	1399
301000	86609	-679081	185	1449
311000	77845	-658192	177	1498
321000	79206	-638903	191	1541
331000	71811	-618318	185	1596
341000	71823	-600832	196	1641
351000	67032	-587728	192	1680
361000	61915	-570594	188	1732
371000	59801	-553394	193	1786
381000	58640	-538691	200	1835
391000	52865	-526667	189	1880
401000	51512	-513894	193	1927
411000	49874	-499813	198	1981
421000	48524	-490234	200	2020
431000	46970	-478689	203	2069
441000	42761	-468855	193	2115
451000	45329	-456936	215	2167
461000	39964	-448383	197	2213
471000	39085	-437291	203	2269
481000	38576	-430946	206	2302
491000	37035	-420525	208	2360
501000	34857	-413317	203	2402
511000	34985	-405300	211	2449
521000	33287	-398258	208	2494
531000	32196	-390149	210	2546
541000	30749	-383616	208	2590
551000	31287	-376020	220	2641
561000	28839	-369922	209	2687
571000	27038	-363103	204	2739
581000	26907	-358190	209	2776
591000	26593	-352262	213	2823
601000	25235	-346267	209	2873
611000	24304	-340382	209	2923
621000	24424	-335574	216	2964
631000	23950	-329945	219	3015
641000	23387	-324460	221	3066
651000	22950	-319433	224	3114
661000	22703	-315074	228	3157
671000	20831	-310638	215	3205
681000	20914	-305471	223	3258
691000	20105	-301099	221	3306
701000	20590	-297108	232	3350
711000	19407	-293430	224	3393
721000	18910	-288700	226	3449
731000	18694	-285206	229	3491
741000	18729	-281777	235	3533
751000	17638	-277817	228	3585
761000	17632	-274563	233	3627
771000	16916	-271085	229	3675
781000	17236	-267856	239	3718
791000	16500	-264301	235	3769
801000	15986	-261152	234	3815
811000	15436	-257766	231	3866
821000	15548	-255028	238	3907
831000	15246	-251101	241	3968
841000	14635	-248307	237	4013
851000	14671	-245607	242	4057
861000	14116	-243004	238	4101
871000	14537	-240074	251	4150
881000	13962	-237500	247	4196
891000	13427	-234582	243	4249
901000	12845	-232291	237	4292
911000	12960	-229884	244	4336
921000	12732	-227584	245	4380
931000	12519	-224731	247	4436
941000	12251	-222772	246	4475
951000	12311	-219963	254	4532
961000	12027	-218364	251	4566
971000	11964	-216112	255	4613
981000	11525	-213345	252	4674
991000	11290	-211438	252	4716
1001000	11054	-209260	252	4765
1011000	11108	-207509	257	4805
1021000	11284	-205161	267	4860
1031000	10568	-203314	255	4905
1041000	10579	-201347	260	4953
1051000	10164	-199595	254	4997
1061000	9953	-197690	254	5046
1071000	10047	-196252	260	5082
1081000	10112	-194199	267	5135
1091000	9753	-192513	262	5181
1101000	9392	-190763	257	5229
1111000	9144	-189106	255	5276
1121000	9226	-187579	262	5318
1131000	9258	-185777	268	5369
1141000	9055	-183994	267	5422
1151000	8880	-182430	266	5469
1161000	8836	-181085	269	5509
1171000	8880	-179246	276	5565
1181000	8665	-178004	273	5605
1191000	8742	-176521	280	5651
1201000	8613	-175234	280	5693
1211000	8465	-173656	280	5745
1221000	8114	-172322	273	5790
1231000	8061	-170712	276	5845
1241000	7866	-169519	273	5886
1251000	7956	-168106	281	5935
1261000	7860	-167004	281	5975
1271000	7757	-165765	282	6019
1281000	7482	-164037	277	6084
1291000	7445	-162943	280	6124
1301000	7469	-161775	285	6168
1311000	7419	-160693	287	6210
1321000	7357	-159232	290	6267
1331000	7251	-158128	289	6311
1341000	7301	-156963	296	6357
1351000	7081	-155952	291	6399
1361000	6961	-154730	290	6450
1371000	6736	-153673	285	6495
1381000	6677	-152470	287	6546
1391000	6537	-151432	285	6591
1401000	6504	-150431	287	6635
1411000	6519	-149444	291	6679
1421000	6557	-148383	297	6726
1431000	6634	-147192	306	6780
1441000	6378	-146193	298	6827
1451000	6093	-145290	288	6871
1461000	6087	-144363	292	6915
1471000	6204	-143207	302	6970
1481000	6037	-142378	297	7011
1491000	6073	-141348	303	7062
1501000	5867	-140609	296	7100
1511000	5907	-139605	303	7150
1521000	5865	-138814	304	7191
1531000	5876	-137835	309	7242
1541000	5857	-136998	312	7286
1551000	5698	-135942	308	7343
1561000	5501	-135232	300	7382
1571000	5531	-134376	306	7429
1581000	5473	-133494	307	7478
1591000	5426	-132677	308	7525
1601000	5339	-131966	306	7565
1611000	5307	-131074	308	7617
1621000	5295	-130157	312	7670
1631000	5298	-129504	315	7709
1641000	5338	-128617	322	7762
1651000	5248	-128091	319	7794
1661000	5219	-127136	322	7852
1671000	5156	-126514	322	7891
1681000	5050	-125636	319	7947
1691000	4909	-124983	314	7989
1701000	4897	-124142	317	8043
1711000	4754	-123525	311	8084
1721000	4744	-122738	314	8135
1731000	4721	-122098	316	8178
1741000	4777	-121348	324	8228
1751000	4710	-120703	323	8272
1761000	4649	-119920	323	8326
1771000	4603	-119335	323	8367
1781000	4523	-118643	321	8416
1791000	4432	-118108	317	8455
1801000	4403	-117402	319	8506
1811000	4369	-116774	320	8552
1821000	4367	-116189	323	8595
1831000	4295	-115555	321	8642
1841000	4295	-114868	325	8693
1851000	4348	-114258	333	8739
1861000	4363	-113617	337	8789
1871000	4256	-113105	332	8829
1881000	4243	-112552	334	8872
1891000	4233	-111864	338	8927
1901000	4252	-111297	343	8972
1911000	4198	-110732	342	9018
1921000	4143	-110243	340	9058
1931000	4182	-109571	348	9113
1941000	4110	-109023	345	9159
1951000	4030	-108491	342	9205
1961000	4011	-108040	343	9243
1971000	3993	-107430	346	9296
1981000	3983	-106972	348	9335
1991000	3940	-106265	348	9397
2001000	3886	-105854	346	9434
2011000	3921	-105253	353	9488
2021000	3932	-104829	357	9526
2031000	3870	-104280	355	9576
2041000	3771	-103873	349	9614
2051000	3807	-103294	356	9668
2061000	3764	-102793	356	9715
2071000	3729	-102256	356	9766
2081000	3676	-101858	354	9805
2091000	3704	-101289	361	9860
2101000	3604	-100865	354	9902
2111000	3623	-100353	359	9952
2121000	3603	-99953	360	9992
2131000	3566	-99436	360	10044
2141000	3549	-99041	361	10084
2151000	3527	-98498	363	10140
2161000	3490	-98088	362	10182
2171000	3482	-97561	365	10237
2181000	3439	-97155	364	10280
2191000	3410	-96727	364	10326
2201000	3320	-96359	357	10366
2211000	3323	-95785	362	10427
2221000	3275	-95444	359	10465
2231000	3232	-94979	358	10516
2241000	3195	-94605	357	10558
2251000	3197	-94031	361	10623
2261000	3158	-93728	359	10657
2271000	3170	-93367	363	10698
2281000	3142	-93026	363	10737
2291000	3131	-92575	365	10790
2301000	3096	-92189	364	10835
2311000	3069	-91807	364	10880
2321000	3075	-91406	368	10928
2331000	3042	-90973	367	10980
2341000	2967	-90647	361	11020
2351000	2943	-90267	361	11067
2361000	2919	-89946	360	11106
2371000	2977	-89452	372	11167
2381000	3027	-89106	381	11210
2391000	2983	-88825	378	11245
2401000	2989	-88399	382	11299
2411000	2951	-88026	380	11348
2421000	2975	-87655	387	11395
2431000	2889	-87354	378	11435
2441000	2888	-86975	381	11485
2451000	2835	-86649	377	11528
2461000	2797	-86260	375	11581
2471000	2787	-85948	377	11623
2481000	2779	-85550	379	11677
2491000	2765	-85265	380	11716
2501000	2742	-84853	380	11773
2511000	2693	-84547	376	11816
2521000	2699	-84238	380	11859
2531000	2702	-83986	383	11894
2541000	2762	-83592	395	11950
2551000	2717	-83246	392	12000
2561000	2669	-82989	387	12037
2571000	2613	-82608	383	12093
2581000	2555	-82311	377	12137
2591000	2572	-82005	382	12182
2601000	2552	-81701	382	12228
2611000	2580	-81361	389	12279
2621000	2524	-81078	384	12322
2631000	2514	-80739	385	12374
2641000	2521	-80448	389	12418
2651000	2543	-80210	395	12455
2661000	2550	-79919	399	12500
2671000	2490	-79591	393	12552
2681000	2456	-79305	390	12598
2691000	2409	-79013	385	12644
2701000	2350	-78704	379	12695
2711000	2393	-78404	389	12743
2721000	2395	-78085	392	12794
2731000	2411	-77867	397	12830
2741000	2387	-77551	397	12882
2751000	2407	-77343	402	12917
2761000	2427	-76991	409	12976
2771000	2365	-76760	401	13015
2781000	2322	-76523	396	13056
2791000	2300	-76238	395	13105
2801000	2333	-75977	404	13150
2811000	2303	-75674	402	13202
2821000	2293	-75411	403	13248
2831000	2281	-75068	404	13309
2841000	2322	-74909	413	13337
2851000	2323	-74565	417	13398
2861000	2270	-74322	410	13442
2871000	2215	-74142	403	13476
2881000	2189	-73857	401	13528
2891000	2201	-73625	406	13570
2901000	2194	-73302	408	13630
2911000	2209	-73068	413	13673
2921000	2183	-72738	412	13736
2931000	2219	-72608	420	13760
2941000	2178	-72341	416	13811
2951000	2146	-72090	413	13859
2961000	2127	-71910	411	13894
2971000	2124	-71618	414	13951
2981000	2093	-71409	410	13992
2991000	2030	-71117	401	14050
3001000	2119	-70924	421	14087
3011000	2089	-70698	418	14132
3021000	2121	-70456	427	14180
3031000	2019	-70214	409	14230
3041000	2018	-69951	412	14284
3051000	2011	-69749	413	14325
3061000	2027	-69518	419	14373
3071000	2017	-69353	419	14407
3081000	2024	-69066	424	14466
3091000	1980	-68823	418	14518
3101000	1951	-68646	414	14556
3111000	1967	-68405	420	14607
3121000	1934	-68220	415	14647
3131000	1942	-67960	420	14702
3141000	1967	-67760	428	14746
3151000	1968	-67611	430	14778
3161000	1943	-67322	428	14842
3171000	1905	-67153	422	14879
3181000	1918	-66910	428	14933
3191000	1906	-66752	427	14969
3201000	1899	-66554	428	15013
3211000	1929	-66316	438	15067
3221000	1893	-66132	433	15109
3231000	1901	-65862	438	15171
3241000	1894	-65678	439	15213
3251000	1846	-65533	430	15247
3261000	1811	-65296	424	15303
3271000	1859	-65120	438	15344
3281000	1829	-64897	434	15397
3291000	1807	-64704	431	15443
3301000	1739	-64541	417	15483
3311000	1802	-64299	435	15540
3321000	1797	-64139	436	15579
3331000	1815	-63887	444	15640
3341000	1777	-63749	437	15674
3351000	1727	-63592	427	15714
3361000	1753	-63351	436	15773
3371000	1724	-63200	431	15811
3381000	1708	-63011	430	15859
3391000	1743	-62877	440	15892
3401000	1730	-62704	440	15936
3411000	1715	-62476	439	15994
3421000	1700	-62283	438	16044
3431000	1696	-62095	440	16092
3441000	1751	-61909	456	16140
3451000	1731	-61746	454	16183
3461000	1673	-61559	441	16232
3471000	1673	-61403	443	16274
3481000	1656	-61184	442	16332
3491000	1647	-61005	442	16380
3501000	1677	-60852	453	16421
3511000	1647	-60714	447	16458
3521000	1618	-60506	442	16516
3531000	1634	-60371	448	16552
3541000	1608	-60134	444	16618
3551000	1654	-60000	459	16654
3561000	1632	-59841	455	16699
3571000	1597	-59657	448	16750
3581000	1585	-59543	447	16783
3591000	1595	-59343	453	16839
3601000	1585	-59169	452	16889
3611000	1615	-59039	463	16925
3621000	1575	-58876	454	16973
3631000	1550	-58700	450	17024
3641000	1548	-58547	451	17068
3651000	1565	-58343	459	17128
3661000	1572	-58185	464	17174
3671000	1532	-58061	454	17211
3681000	1506	-57897	449	17260
3691000	1502	-57761	450	17301
3701000	1516	-57590	457	17352
3711000	1521	-57428	461	17401
3721000	1516	-57259	462	17452
3731000	1473	-57144	451	17488
3741000	1502	-56974	463	17540
3751000	1494	-56827	462	17585
3761000	1523	-56677	474	17631
3771000	1481	-56467	464	17697
3781000	1488	-56357	468	17732
3791000	1454	-56257	459	17764
3801000	1445	-56073	459	17822
3811000	1475	-55960	471	17858
3821000	1440	-55797	462	17910
3831000	1452	-55657	468	17955
3841000	1434	-55524	465	17998
3851000	1462	-55371	476	18048
3861000	1438	-55202	471	18103
3871000	1391	-55072	458	18147
3881000	1398	-54930	463	18193
3891000	1377	-54803	458	18236
3901000	1407	-54646	471	18287
3911000	1394	-54523	469	18329
3921000	1385	-54394	468	18372
3931000	1377	-54266	467	18416
3941000	1381	-54111	471	18468
3951000	1393	-53951	478	18523
3961000	1364	-53816	471	18570
3971000	1359	-53710	471	18607
3981000	1333	-53553	464	18662
3991000	1361	-53424	477	18706
4001000	1390	-53254	490	18765
4011000	1366	-53143	483	18805
4021000	1339	-53016	476	18850
4031000	1347	-52925	480	18882
4041000	1355	-52754	487	18943
4051000	1323	-52652	477	18981
4061000	1335	-52522	484	19027
4071000	1300	-52380	473	19079
4081000	1339	-52270	490	19119
4091000	1317	-52135	484	19169
4101000	1289	-51998	476	19220
4111000	1290	-51871	479	19267
4121000	1290	-51764	481	19306
4131000	1318	-51611	495	19363
4141000	1297	-51471	489	19416
4151000	1294	-51371	490	19454
4161000	1264	-51280	480	19489
4171000	1268	-51135	485	19544
4181000	1282	-51032	492	19583
4191000	1241	-50920	479	19627
4201000	1253	-50762	486	19688
4211000	1238	-50673	482	19723
4221000	1278	-50534	500	19776
4231000	1270	-50415	499	19823
4241000	1251	-50291	494	19872
4251000	1227	-50196	487	19910
4261000	1232	-50040	492	19972
4271000	1224	-49928	491	20017
4281000	1204	-49807	485	20066
4291000	1212	-49733	490	20096
4301000	1205	-49593	490	20152
4311000	1206	-49476	492	20200
4321000	1192	-49369	489	20244
4331000	1184	-49277	487	20282
4341000	1197	-49129	495	20342
4351000	1223	-49026	508	20385
4361000	1182	-48945	493	20419
4371000	1162	-48818	487	20473
4381000	1182	-48705	498	20520
4391000	1201	-48577	509	20573
4401000	1173	-48477	499	20616
4411000	1163	-48355	497	20668
4421000	1147	-48271	492	20705
4431000	1192	-48139	514	20760
4441000	1153	-48047	499	20801
4451000	1128	-47922	491	20856
4461000	1152	-47846	503	20888
4471000	1144	-47710	503	20948
4481000	1160	-47584	512	21003
4491000	1137	-47483	504	21048
4501000	1118	-47399	497	21086
4511000	1140	-47302	509	21128
4521000	1143	-47175	513	21185
4531000	1119	-47109	504	21215
4541000	1122	-47009	508	21261
4551000	1135	-46885	516	21316
4561000	1138	-46762	520	21372
4571000	1112	-46675	510	21413
4581000	1097	-46591	505	21452
4591000	1098	-46473	508	21506
4601000	1104	-46367	513	21555
4611000	1078	-46298	503	21588
4621000	1094	-46196	512	21635
4631000	1087	-46062	512	21698
4641000	1098	-45965	519	21743
4651000	1063	-45869	505	21789
4661000	1064	-45786	507	21829
4671000	1086	-45672	520	21883
4681000	1087	-45567	523	21933
4691000	1061	-45491	513	21970
4701000	1073	-45405	520	22012
4711000	1053	-45282	513	22072
4721000	1064	-45179	521	22122
4731000	1078	-45080	530	22170
4741000	1056	-45019	521	22201
4751000	1031	-44909	511	22256
4761000	1075	-44809	535	22304
4771000	1033	-44727	516	22346
4781000	1021	-44648	512	22386
4791000	1052	-44537	530	22441
4801000	1046	-44413	530	22504
4811000	1027	-44339	522	22542
4821000	1037	-44259	529	22582
4831000	1012	-44169	518	22628
4841000	1053	-44076	542	22675
4851000	1033	-43984	534	22723
4861000	1010	-43914	523	22760
4871000	1012	-43806	527	22816
4881000	1032	-43706	540	22868
4891000	992	-43631	521	22908
4901000	976	-43523	515	22965
4911000	993	-43447	526	23005
4921000	1004	-43383	533	23038
4931000	981	-43275	524	23096
4941000	977	-43194	524	23140
4951000	983	-43106	529	23186
4961000	1007	-43006	544	23240
4971000	987	-42929	535	23282
4981000	985	-42824	537	23339
4991000	958	-42766	524	23371
5001000	1000	-42688	549	23413
5011000	967	-42610	532	23457
5021000	959	-42481	531	23528
5031000	968	-42405	538	23570
5041000	978	-42342	545	23605
5051000	938	-42260	525	23651
5061000	952	-42150	536	23713
5071000	929	-42064	525	23762
5081000	954	-41997	541	23799
5091000	934	-41918	531	23844
5101000	932	-41839	532	23889
5111000	941	-41743	540	23944
5121000	954	-41664	550	23989
5131000	949	-41590	548	24032
5141000	927	-41520	537	24073
5151000	906	-41434	527	24123
5161000	952	-41349	556	24172
5171000	923	-41253	542	24229
5181000	906	-41179	534	24272
5191000	923	-41104	546	24316
5201000	929	-41049	551	24349
5211000	909	-40944	542	24411
5221000	918	-40865	549	24459
5231000	912	-40801	548	24497
5241000	915	-40726	551	24542
5251000	890	-40631	539	24600
5261000	914	-40538	556	24656
5271000	891	-40467	544	24699
5281000	901	-40372	553	24757
5291000	883	-40322	543	24789
5301000	888	-40256	548	24829
5311000	880	-40205	544	24861
5321000	890	-40085	554	24935
5331000	889	-40020	555	24975
5341000	872	-39972	545	25005
5351000	902	-39888	567	25057
5361000	901	-39801	568	25112
5371000	889	-39713	564	25168
5381000	865	-39655	550	25205
5391000	874	-39587	558	25248
5401000	878	-39498	563	25305
5411000	842	-39435	541	25347
5421000	858	-39385	553	25378
5431000	871	-39271	564	25452
5441000	868	-39217	564	25486
5451000	866	-39165	565	25520
5461000	835	-39091	546	25569
5471000	873	-39007	573	25624
5481000	844	-38925	557	25678
5491000	843	-38853	558	25726
5501000	824	-38763	548	25786
5511000	868	-38708	579	25822
5521000	830	-38649	555	25862
5531000	840	-38599	563	25895
5541000	835	-38514	562	25953
5551000	849	-38427	575	26011
5561000	821	-38375	557	26047
5571000	831	-38311	566	26090
5581000	832	-38237	569	26140
5591000	844	-38176	579	26182
5601000	819	-38116	564	26223
5611000	804	-38018	556	26291
5621000	817	-37952	567	26337
5631000	827	-37884	576	26384
5641000	810	-37833	566	26420
5651000	803	-37753	563	26476
5661000	822	-37699	578	26513
5671000	823	-37617	581	26571
5681000	802	-37556	568	26615
5691000	803	-37487	571	26664
5701000	821	-37422	586	26709
5711000	801	-37368	574	26749
5721000	789	-37285	567	26808
5731000	787	-37232	567	26847
5741000	809	-37151	586	26904
5751000	807	-37097	586	26944
5761000	787	-37017	574	27002
5771000	772	-36955	565	27048
5781000	795	-36915	583	27076
5791000	800	-36851	589	27123
5801000	777	-36779	574	27177
5811000	792	-36713	587	27226
5821000	809	-36659	602	27265
5831000	804	-36592	600	27315
5841000	783	-36525	587	27366
5851000	765	-36463	575	27413
5861000	782	-36414	589	27449
5871000	780	-36329	590	27513
5881000	740	-36262	562	27565
5891000	771	-36223	588	27595
5901000	783	-36152	599	27648
5911000	772	-36086	592	27699
5921000	765	-36031	589	27742
5931000	750	-35989	579	27774
5941000	758	-35913	588	27833
5951000	768	-35846	597	27884
5961000	743	-35773	581	27942
5971000	742	-35728	581	27978
5981000	772	-35659	607	28031
5991000	763	-35600	602	28077
6001000	768	-35558	607	28110
6011000	725	-35485	576	28169
6021000	751	-35437	598	28206
6031000	737	-35384	589	28249
6041000	737	-35319	590	28301
6051000	727	-35246	585	28360
6061000	748	-35193	604	28402
6071000	730	-35147	591	28439
6081000	733	-35069	596	28503
6091000	737	-35024	601	28540
6101000	741	-34977	606	28578
6111000	723	-34912	593	28631
6121000	719	-34842	592	28689
6131000	730	-34782	603	28738
6141000	730	-34743	605	28770
6151000	714	-34687	593	28817
6161000	731	-34623	609	28870
6171000	712	-34580	595	28906
6181000	742	-34524	622	28952
6191000	711	-34449	598	29016
6201000	706	-34386	597	29070
6211000	706	-34336	598	29112
6221000	719	-34284	612	29155
6231000	710	-34218	606	29212
6241000	700	-34168	599	29255
6251000	691	-34113	594	29302
6261000	717	-34066	617	29342
6271000	706	-34010	610	29391
6281000	709	-33954	614	29439
6291000	701	-33907	609	29480
6301000	700	-33814	612	29561
6311000	679	-33787	594	29585
6321000	695	-33729	610	29636
6331000	700	-33694	616	29666
6341000	694	-33628	613	29724
6351000	681	-33578	603	29769
6361000	673	-33535	598	29808
6371000	685	-33470	611	29865
6381000	703	-33409	630	29919
6391000	685	-33359	615	29964
6401000	685	-33311	617	30008
6411000	666	-33256	602	30058
6421000	692	-33196	628	30111
6431000	691	-33155	628	30148
6441000	676	-33102	617	30197
6451000	665	-33046	609	30249
6461000	686	-32998	629	30292
6471000	661	-32966	608	30322
6481000	672	-32906	621	30377
6491000	673	-32852	623	30427
6501000	673	-32787	626	30487
6511000	667	-32752	622	30520
6521000	642	-32689	601	30579
6531000	660	-32645	619	30620
6541000	684	-32597	643	30664
6551000	658	-32562	620	30698
6561000	648	-32503	613	30755
6571000	648	-32439	616	30815
6581000	649	-32406	618	30846
6591000	662	-32338	633	30911
6601000	659	-32305	631	30942
6611000	654	-32258	628	30988
6621000	657	-32214	633	31030
6631000	657	-32138	636	31102
6641000	655	-32091	636	31149
6651000	660	-32063	641	31176
6661000	641	-32010	626	31228
6671000	641	-31954	628	31282
6681000	638	-31913	626	31323
6691000	643	-31871	633	31364
6701000	639	-31812	631	31422
6711000	658	-31763	652	31470
6721000	651	-31717	647	31516
6731000	644	-31682	641	31551
6741000	621	-31619	621	31615
6751000	630	-31572	631	31661
6761000	631	-31525	635	31708
6771000	636	-31479	641	31754
6781000	628	-31421	636	31813
6791000	633	-31376	643	31858
6801000	646	-31344	657	31890
6811000	639	-31283	652	31953
6821000	623	-31237	638	32000
6831000	642	-31188	660	32050
6841000	638	-31156	657	32084
6851000	610	-31107	630	32135
6861000	615	-31058	637	32185
6871000	619	-31023	643	32221
6881000	619	-30965	646	32282
6891000	617	-30921	645	32327
6901000	627	-30882	657	32368
6911000	606	-30832	637	32421
6921000	613	-30781	647	32475
6931000	611	-30730	646	32528
6941000	599	-30688	636	32574
6951000	595	-30655	633	32609
6961000	614	-30587	656	32680
6971000	615	-30557	659	32713
6981000	598	-30520	641	32753
6991000	600	-30486	645	32789
7001000	597	-30430	645	32850
7011000	594	-30383	644	32901
7021000	590	-30355	640	32931
7031000	605	-30309	658	32981
7041000	614	-30259	670	33034
7051000	600	-30217	657	33081
7061000	597	-30194	655	33107
7071000	597	-30127	657	33180
7081000	580	-30085	640	33227
7091000	589	-30041	652	33275
7101000	603	-30002	669	33318
7111000	599	-29942	668	33384
7121000	588	-29911	656	33420
7131000	595	-29869	666	33467
7141000	597	-29839	670	33500
7151000	590	-29786	665	33559
7161000	592	-29741	669	33610
7171000	588	-29718	665	33636
7181000	601	-29659	683	33703
7191000	577	-29635	657	33731
7201000	568	-29597	648	33775
7211000	583	-29552	667	33826
7221000	590	-29495	678	33891
7231000	573	-29454	660	33938
7241000	572	-29419	660	33979
7251000	585	-29383	677	34020
7261000	580	-29326	674	34086
7271000	580	-29292	676	34125
7281000	572	-29253	668	34172
7291000	559	-29218	654	34213
7301000	555	-29161	653	34280
7311000	575	-29108	678	34342
7321000	577	-29079	682	34376
7331000	578	-29028	685	34436
7341000	558	-28997	663	34473
7351000	552	-28976	658	34499
7361000	560	-28936	669	34546
7371000	552	-28889	661	34602
7381000	549	-28839	659	34663
7391000	552	-28810	665	34697
7401000	569	-28775	687	34739
7411000	569	-28709	690	34819
7421000	566	-28685	688	34848
7431000	545	-28644	664	34899
7441000	552	-28615	674	34933
7451000	562	-28563	689	34997
7461000	543	-28526	667	35044
7471000	546	-28491	672	35085
7481000	549	-28453	678	35132
7491000	566	-28403	701	35193
7501000	568	-28375	705	35228
7511000	553	-28339	688	35274
7521000	542	-28319	676	35299
7531000	545	-28267	682	35363
7541000	545	-28233	684	35407
7551000	534	-28207	671	35440
7561000	534	-28160	674	35499
7571000	544	-28121	688	35547
7581000	562	-28083	712	35594
7591000	554	-28054	704	35632
7601000	534	-28013	681	35685
7611000	537	-27971	686	35738
7621000	529	-27929	678	35792
7631000	540	-27907	694	35820
7641000	531	-27853	684	35890
7651000	536	-27826	691	35924
7661000	537	-27779	695	35985
7671000	551	-27752	716	36019
7681000	547	-27701	712	36086
7691000	526	-27671	686	36126
7701000	522	-27636	683	36172
7711000	522	-27612	685	36203
7721000	535	-27542	704	36294
7731000	527	-27523	695	36320
7741000	510	-27486	675	36370
7751000	519	-27461	689	36402
7761000	522	-27406	694	36475
7771000	533	-27365	712	36529
7781000	532	-27333	711	36572
7791000	534	-27311	715	36601
7801000	520	-27262	699	36668
7811000	521	-27246	701	36689
7821000	532	-27204	719	36745
7831000	525	-27173	711	36788
7841000	516	-27125	701	36853
7851000	521	-27091	710	36899
7861000	531	-27059	724	36942
7871000	541	-27024	741	36989
7881000	520	-26982	713	37048
7891000	515	-26963	708	37075
7901000	506	-26927	698	37124
7911000	511	-26900	706	37161
7921000	518	-26845	718	37236
7931000	512	-26809	712	37287
7941000	513	-26784	715	37322
7951000	512	-26752	715	37366
7961000	514	-26712	720	37422
7971000	516	-26684	725	37462
7981000	519	-26655	730	37502
7991000	523	-26622	738	37549
8001000	508	-26576	718	37614
8011000	507	-26540	720	37666
8021000	514	-26516	730	37699
8031000	501	-26482	714	37748
8041000	497	-26438	711	37810
8051000	495	-26416	708	37842
8061000	506	-26375	727	37901
8071000	508	-26348	731	37939
8081000	509	-26303	736	38004
8091000	507	-26270	735	38052
8101000	502	-26243	728	38091
8111000	511	-26212	743	38136
8121000	491	-26173	716	38194
8131000	489	-26157	715	38217
8141000	496	-26121	727	38270
8151000	506	-26093	743	38310
8161000	506	-26046	746	38379
8171000	503	-26007	743	38437
8181000	502	-25983	744	38472
8191000	500	-25955	741	38514
8201000	494	-25914	736	38575
8211000	511	-25884	762	38619
8221000	506	-25853	757	38666
8231000	493	-25826	739	38706
8241000	491	-25787	739	38765
8251000	483	-25750	728	38822
8261000	489	-25716	739	38872
8271000	493	-25700	746	38896
8281000	483	-25650	734	38972
8291000	482	-25639	732	38989
8301000	475	-25600	725	39049
8311000	487	-25575	745	39087
8321000	489	-25530	750	39155
8331000	484	-25502	744	39198
8341000	484	-25475	746	39240
8351000	496	-25451	765	39276
8361000	490	-25409	759	39342
8371000	484	-25387	751	39376
8381000	468	-25350	727	39434
8391000	471	-25329	735	39467
8401000	474	-25297	741	39516
8411000	473	-25264	741	39568
8421000	483	-25228	758	39623
8431000	483	-25209	760	39653
8441000	469	-25181	739	39699
8451000	471	-25148	745	39751
8461000	474	-25134	749	39773
8471000	490	-25102	778	39822
8481000	484	-25062	771	39887
8491000	465	-25022	742	39951
8501000	485	-24987	777	40005
8511000	482	-24968	773	40036
8521000	475	-24935	764	40089
8531000	471	-24894	761	40156
8541000	467	-24879	754	40181
8551000	462	-24846	748	40234
8561000	466	-24822	756	40273
8571000	461	-24773	750	40352
8581000	463	-24740	756	40407
8591000	460	-24714	753	40449
8601000	460	-24696	755	40478
8611000	465	-24655	764	40545
8621000	461	-24633	759	40583
8631000	468	-24606	773	40625
8641000	476	-24572	788	40682
8651000	480	-24552	797	40715
8661000	468	-24509	778	40787
8671000	462	-24480	770	40835
8681000	464	-24461	775	40867
8691000	467	-24429	782	40920
8701000	455	-24392	764	40983
8711000	461	-24367	776	41024
8721000	458	-24337	773	41075
8731000	456	-24320	770	41104
8741000	457	-24278	775	41176
8751000	461	-24245	783	41231
8761000	455	-24220	775	41274
8771000	449	-24203	767	41303
8781000	448	-24164	767	41369
8791000	451	-24145	774	41402
8801000	463	-24112	797	41458
8811000	459	-24094	791	41489
8821000	465	-24067	802	41536
8831000	475	-24030	821	41598
8841000	460	-24002	798	41648
8851000	459	-23989	797	41671
8861000	464	-23962	808	41718
8871000	453	-23918	791	41795
8881000	449	-23903	786	41822
8891000	452	-23878	793	41865
8901000	452	-23856	794	41903
8911000	455	-23812	802	41980
8921000	451	-23789	797	42020
8931000	450	-23754	797	42084
8941000	448	-23744	794	42100
8951000	441	-23702	784	42176
8961000	430	-23679	767	42218
8971000	451	-23645	806	42277
8981000	457	-23615	819	42330
8991000	446	-23603	801	42353
9001000	440	-23561	792	42427
9011000	444	-23533	801	42478
9021000	448	-23512	810	42517
9031000	459	-23490	832	42555
9041000	444	-23453	806	42623
9051000	436	-23436	793	42654
9061000	439	-23411	800	42699
9071000	435	-23395	794	42730
9081000	430	-23375	787	42766
9091000	441	-23332	810	42845
9101000	430	-23301	792	42902
9111000	437	-23278	806	42944
9121000	434	-23257	803	42982
9131000	432	-23212	801	43066
9141000	437	-23200	812	43088
9151000	444	-23171	826	43142
9161000	447	-23147	835	43186
9171000	436	-23116	816	43245
9181000	434	-23082	814	43308
9191000	424	-23056	797	43357
9201000	423	-23044	796	43381
9211000	432	-23010	816	43445
9221000	428	-22972	810	43516
9231000	431	-22959	817	43540
9241000	425	-22936	808	43585
9251000	434	-22912	827	43630
9261000	435	-22885	831	43682
9271000	439	-22856	839	43737
9281000	435	-22829	835	43788
9291000	429	-22816	824	43813
9301000	427	-22800	821	43845
9311000	419	-22757	809	43927
9321000	417	-22749	806	43943
9331000	424	-22726	820	43987
9341000	435	-22703	843	44030
9351000	430	-22669	837	44096
9361000	412	-22640	804	44154
9371000	415	-22612	812	44209
9381000	415	-22599	812	44236
9391000	420	-22572	823	44288
9401000	412	-22537	811	44356
9411000	408	-22511	805	44408
9421000	400	-22483	792	44464
9431000	411	-22468	813	44493
9441000	409	-22449	811	44530
9451000	411	-22417	818	44593
9461000	413	-22388	824	44651
9471000	414	-22374	826	44680
9481000	416	-22357	832	44712
9491000	412	-22322	826	44784
9501000	419	-22298	842	44831
9511000	423	-22280	852	44866
9521000	425	-22250	858	44927
9531000	432	-22235	874	44956
9541000	423	-22199	858	45030
9551000	418	-22174	850	45083
9561000	417	-22150	850	45130
9571000	412	-22140	841	45151
9581000	403	-22098	824	45238
9591000	404	-22074	828	45288
9601000	409	-22061	840	45314
9611000	401	-22034	827	45370
9621000	400	-22023	824	45392
9631000	398	-21988	822	45465
9641000	399	-21962	826	45517
9651000	404	-21929	840	45587
9661000	410	-21925	852	45594
9671000	404	-21901	841	45644
9681000	400	-21871	835	45708
9691000	405	-21854	847	45742
9701000	399	-21829	836	45796
9711000	402	-21816	844	45822
9721000	405	-21783	852	45892
9731000	394	-21755	832	45952
9741000	384	-21733	812	45998
9751000	388	-21714	823	46039
9761000	393	-21700	835	46067
9771000	389	-21660	828	46154
9781000	394	-21641	841	46193
9791000	399	-21620	852	46237
9801000	395	-21602	846	46277
9811000	396	-21584	851	46315
9821000	390	-21546	839	46397
9831000	383	-21521	827	46452
9841000	385	-21497	834	46503
9851000	394	-21486	853	46527
9861000	398	-21452	865	46599
9871000	400	-21425	872	46657
9881000	399	-21415	870	46681
9891000	397	-21393	866	46728
9901000	399	-21366	874	46788
9911000	394	-21341	865	46842
9921000	399	-21318	877	46892
9931000	410	-21290	904	46954
9941000	406	-21277	897	46982
9951000	410	-21266	906	47006
9961000	400	-21227	888	47094
9971000	398	-21212	884	47126
9981000	394	-21198	877	47158
9991000	394	-21175	879	47208
10001000	401	-21153	896	47258
10011000	392	-21123	879	47327
10021000	386	-21101	867	47375
10031000	370	-21075	833	47435
10041000	379	-21057	856	47475
10051000	385	-21048	869	47495
10061000	380	-21013	859	47575
10071000	392	-20999	889	47604
10081000	394	-20987	893	47631
10091000	390	-20970	886	47671
10101000	393	-20948	896	47721
10111000	380	-20907	868	47814
10121000	377	-20886	865	47864
10131000	375	-20862	861	47918
10141000	388	-20850	892	47945
10151000	386	-20820	890	48015
10161000	376	-20793	870	48078
10171000	373	-20779	864	48109
10181000	375	-20753	870	48171
10191000	380	-20743	884	48193
10201000	378	-20730	880	48223
10211000	382	-20697	891	48300
10221000	382	-20672	893	48359
10231000	380	-20654	891	48399
10241000	387	-20644	908	48424
10251000	381	-20623	896	48473
10261000	372	-20594	876	48541
10271000	368	-20580	868	48574
10281000	367	-20551	869	48645
10291000	377	-20535	895	48681
10301000	375	-20519	891	48719
10311000	367	-20494	873	48778
10321000	369	-20480	880	48813
10331000	371	-20459	887	48861
10341000	379	-20445	906	48895
10351000	373	-20420	895	48955
10361000	372	-20380	896	49052
10371000	378	-20370	911	49076
10381000	372	-20353	897	49118
10391000	373	-20335	903	49161
10401000	375	-20311	909	49217
10411000	371	-20285	901	49281
10421000	366	-20256	892	49351
10431000	368	-20240	897	49391
10441000	382	-20228	933	49419
10451000	376	-20206	921	49474
10461000	370	-20178	907	49543
10471000	373	-20166	917	49571
10481000	375	-20142	923	49630
10491000	377	-20129	931	49663
10501000	376	-20111	930	49706
10511000	371	-20074	921	49799
10521000	376	-20059	935	49837
10531000	371	-20039	923	49887
10541000	375	-20031	934	49904
10551000	378	-20014	943	49946
10561000	372	-19981	930	50030
10571000	370	-19971	927	50054
10581000	369	-19948	928	50113
10591000	370	-19923	932	50175
10601000	381	-19914	961	50198
10611000	375	-19886	947	50268
10621000	370	-19867	938	50317
10631000	363	-19844	922	50377
10641000	363	-19830	923	50411
10651000	370	-19815	941	50449
10661000	368	-19784	939	50529
10671000	376	-19762	963	50583
10681000	376	-19755	964	50601
10691000	368	-19729	945	50670
10701000	374	-19723	961	50683
10711000	377	-19711	971	50714
10721000	368	-19679	951	50799
10731000	365	-19659	944	50849
10741000	358	-19641	929	50896
10751000	366	-19627	950	50932
10761000	373	-19606	969	50986
10771000	363	-19578	947	51060
10781000	365	-19571	951	51078
10791000	365	-19561	953	51104
10801000	360	-19533	943	51179
10811000	364	-19518	955	51217
10821000	362	-19486	953	51302
10831000	360	-19464	950	51359
10841000	360	-19437	954	51430
10851000	350	-19423	927	51470
10861000	358	-19412	951	51497
10871000	360	-19392	956	51551
10881000	349	-19374	928	51598
10891000	354	-19369	942	51613
10901000	352	-19353	938	51654
10911000	353	-19341	943	51687
10921000	364	-19318	975	51746
10931000	356	-19292	955	51817
10941000	352	-19271	948	51873
10951000	348	-19251	938	51928
10961000	344	-19240	928	51959
10971000	352	-19226	952	51995
10981000	350	-19202	948	52062
10991000	347	-19182	944	52115
11001000	351	-19160	955	52175
11011000	347	-19138	947	52236
11021000	346	-19126	947	52268
11031000	346	-19115	948	52298
11041000	338	-19088	927	52372
11051000	338	-19069	930	52424
11061000	333	-19046	918	52490
11071000	335	-19041	924	52503
11081000	342	-19026	946	52543
11091000	347	-18996	961	52625
11101000	345	-18984	956	52658
11111000	347	-18975	962	52684
11121000	345	-18962	958	52720
11131000	343	-18948	956	52759
11141000	347	-18926	968	52820
11151000	337	-18902	943	52889
11161000	337	-18876	945	52960
11171000	339	-18854	953	53021
11181000	349	-18843	982	53052
11191000	347	-18836	977	53072
11201000	344	-18804	973	53163
11211000	338	-18788	958	53208
11221000	338	-18776	960	53243
11231000	330	-18756	938	53300
11241000	329	-18742	935	53339
11251000	338	-18724	963	53391
11261000	329	-18692	940	53481
11271000	331	-18673	950	53537
11281000	333	-18662	957	53566
11291000	330	-18655	948	53590
11301000	334	-18646	960	53614
11311000	330	-18617	952	53699
11321000	335	-18597	969	53755
11331000	336	-18588	973	53779
11341000	335	-18562	973	53856
11351000	335	-18548	973	53897
11361000	343	-18531	999	53946
11371000	337	-18509	983	54009
11381000	337	-18500	983	54037
11391000	338	-18483	990	54087
11401000	340	-18464	997	54140
11411000	337	-18456	990	54166
11421000	331	-18433	973	54234
11431000	330	-18411	972	54297
11441000	335	-18394	989	54347
11451000	333	-18371	985	54417
11461000	335	-18354	995	54466
11471000	340	-18354	1010	54464
11481000	334	-18331	995	54534
11491000	335	-18313	999	54588
11501000	335	-18290	1000	54656
11511000	336	-18274	1007	54703
11521000	338	-18266	1011	54729
11531000	344	-18250	1033	54776
11541000	336	-18216	1013	54877
11551000	330	-18206	995	54909
11561000	335	-18208	1009	54903
11571000	346	-18198	1045	54931
11581000	347	-18176	1050	54997
11591000	341	-18153	1034	55067
11601000	327	-18121	996	55167
11611000	329	-18107	1002	55208
11621000	327	-18087	998	55270
11631000	335	-18075	1024	55305
11641000	336	-18061	1029	55350
11651000	332	-18042	1021	55406
11661000	328	-18018	1010	55482
11671000	328	-18015	1009	55490
11681000	335	-18003	1033	55527
11691000	335	-17984	1035	55586
11701000	340	-17975	1053	55613
11711000	334	-17953	1035	55680
11721000	333	-17920	1036	55784
11731000	332	-17909	1034	55820
11741000	328	-17886	1026	55891
11751000	331	-17884	1034	55897
11761000	335	-17879	1048	55912
11771000	333	-17854	1043	55991
11781000	325	-17833	1022	56056
11791000	324	-17824	1020	56085
11801000	326	-17813	1026	56121
11811000	333	-17801	1052	56157
11821000	335	-17779	1059	56226
11831000	331	-17752	1049	56314
11841000	326	-17739	1035	56354
11851000	329	-17726	1048	56394
11861000	323	-17710	1029	56447
11871000	328	-17704	1046	56463
11881000	332	-17693	1061	56498
11891000	324	-17665	1037	56591
11901000	315	-17641	1012	56669
11911000	326	-17630	1050	56702
11921000	324	-17615	1042	56752
11931000	329	-17605	1061	56781
11941000	330	-17596	1067	56810
11951000	321	-17577	1039	56872
11961000	320	-17554	1039	56949
11971000	318	-17536	1034	57005
11981000	313	-17522	1020	57051
11991000	309	-17514	1006	57079
12001000	315	-17503	1028	57115
12011000	317	-17481	1036	57186
12021000	316	-17462	1036	57249
12031000	317	-17451	1039	57283
12041000	319	-17437	1047	57330
12051000	313	-17423	1032	57377
12061000	316	-17421	1042	57384
12071000	316	-17395	1045	57469
12081000	310	-17375	1025	57537
12091000	311	-17363	1031	57577
12101000	322	-17344	1070	57635
12111000	316	-17334	1052	57670
12121000	318	-17323	1061	57708
12131000	312	-17305	1042	57769
12141000	307	-17283	1028	57842
12151000	312	-17271	1044	57880
12161000	312	-17260	1048	57920
12171000	306	-17242	1030	57978
12181000	310	-17234	1045	58008
12191000	309	-17231	1039	58017
12201000	305	-17202	1031	58114
12211000	305	-17183	1034	58179
12221000	306	-17161	1039	58253
12231000	306	-17148	1041	58296
12241000	309	-17138	1052	58331
12251000	308	-17127	1050	58367
12261000	304	-17109	1037	58431
12271000	301	-17099	1029	58466
12281000	308	-17080	1057	58528
12291000	302	-17062	1038	58593
12301000	304	-17048	1046	58640
12311000	313	-17039	1078	58669
12321000	315	-17023	1087	58722
12331000	309	-16993	1069	58829
12341000	304	-16988	1054	58846
12351000	302	-16973	1048	58899
12361000	310	-16966	1075	58921
12371000	314	-16959	1093	58946
12381000	309	-16942	1077	59005
12391000	298	-16911	1042	59114
12401000	302	-16905	1057	59136
12411000	299	-16888	1049	59197
12421000	300	-16865	1055	59276
12431000	306	-16858	1075	59298
12441000	309	-16859	1088	59295
12451000	304	-16842	1073	59356
12461000	300	-16819	1062	59436
12471000	291	-16799	1032	59511
12481000	292	-16781	1037	59573
12491000	297	-16772	1056	59603
12501000	305	-16767	1085	59622
12511000	299	-16749	1066	59687
12521000	299	-16729	1066	59757
12531000	311	-16718	1112	59794
12541000	310	-16712	1109	59816
12551000	305	-16705	1092	59843
12561000	307	-16689	1100	59899
12571000	309	-16677	1111	59942
12581000	302	-16647	1088	60050
12591000	304	-16638	1097	60085
12601000	305	-16634	1100	60098
12611000	300	-16611	1088	60182
12621000	307	-16592	1115	60249
12631000	316	-16577	1151	60301
12641000	309	-16559	1126	60369
12651000	302	-16534	1103	60461
12661000	302	-16525	1104	60494
12671000	306	-16520	1122	60512
12681000	305	-16509	1119	60552
12691000	313	-16496	1150	60601
12701000	315	-16488	1157	60630
12711000	310	-16471	1144	60692
12721000	304	-16449	1122	60775
12731000	295	-16426	1093	60861
12741000	304	-16408	1127	60926
12751000	311	-16403	1156	60943
12761000	315	-16402	1171	60947
12771000	310	-16388	1153	61000
12781000	303	-16366	1133	61082
12791000	302	-16353	1130	61129
12801000	307	-16350	1146	61142
12811000	306	-16331	1147	61212
12821000	295	-16318	1107	61262
12831000	303	-16318	1138	61262
12841000	308	-16295	1160	61347
12851000	296	-16272	1116	61436
12861000	301	-16265	1137	61461
12871000	294	-16252	1113	61511
12881000	294	-16244	1114	61543
12891000	295	-16237	1119	61567
12901000	292	-16225	1111	61612
12911000	295	-16201	1125	61704
12921000	288	-16183	1099	61773
12931000	287	-16177	1095	61797
12941000	289	-16158	1105	61870
12951000	287	-16138	1101	61947
12961000	288	-16135	1107	61955
12971000	291	-16128	1118	61985
12981000	284	-16110	1095	62055
12991000	283	-16087	1094	62141
13001000	287	-16080	1108	62170
13011000	281	-16063	1088	62235
13021000	283	-16057	1098	62261
13031000	289	-16051	1121	62283
13041000	288	-16040	1120	62324
13051000	281	-16013	1097	62431
13061000	282	-15996	1103	62495
13071000	293	-15995	1146	62500
13081000	303	-15985	1185	62535
13091000	300	-15972	1174	62586
13101000	290	-15961	1140	62632
13111000	297	-15951	1167	62670
13121000	292	-15930	1151	62752
13131000	289	-15912	1140	62824
13141000	275	-15890	1088	62914
13151000	281	-15885	1114	62932
13161000	286	-15879	1134	62956
13171000	294	-15872	1167	62984
13181000	303	-15864	1202	63014
13191000	289	-15840	1152	63112
13201000	284	-15819	1134	63194
13211000	281	-15811	1125	63226
13221000	287	-15805	1147	63252
13231000	295	-15792	1184	63301
13241000	286	-15783	1147	63337
13251000	291	-15772	1171	63380
13261000	283	-15753	1142	63458
13271000	283	-15734	1142	63536
13281000	277	-15725	1120	63575
13291000	278	-15703	1128	63661
13301000	283	-15689	1151	63719
13311000	285	-15687	1158	63727
13321000	289	-15681	1176	63749
13331000	288	-15663	1175	63825
13341000	280	-15644	1144	63900
13351000	281	-15633	1148	63946
13361000	283	-15618	1160	64006
13371000	286	-15600	1175	64079
13381000	289	-15595	1189	64102
13391000	300	-15591	1236	64117
13401000	300	-15571	1237	64197
13411000	293	-15554	1212	64270
13421000	293	-15545	1211	64307
13431000	294	-15534	1219	64353
13441000	290	-15514	1203	64437
13451000	294	-15504	1224	64477
13461000	295	-15500	1227	64493
13471000	296	-15489	1235	64539
13481000	285	-15469	1190	64624
13491000	282	-15457	1179	64676
13501000	286	-15449	1196	64706
13511000	287	-15430	1203	64786
13521000	283	-15410	1192	64873
13531000	284	-15406	1197	64890
13541000	294	-15407	1237	64880
13551000	287	-15388	1211	64963
13561000	280	-15371	1183	65035
13571000	273	-15357	1156	65098
13581000	273	-15344	1158	65153
13591000	274	-15327	1165	65221
13601000	281	-15326	1195	65227
13611000	294	-15315	1251	65272
13621000	285	-15312	1215	65285
13631000	275	-15287	1178	65394
13641000	279	-15279	1194	65428
13651000	283	-15275	1213	65444
13661000	270	-15260	1161	65512
13671000	271	-15246	1166	65571
13681000	275	-15241	1183	65591
13691000	282	-15229	1216	65644
13701000	274	-15216	1185	65699
13711000	269	-15201	1162	65766
13721000	267	-15191	1159	65810
13731000	271	-15181	1176	65851
13741000	273	-15160	1188	65940
13751000	276	-15149	1202	65990
13761000	276	-15143	1203	66014
13771000	274	-15135	1196	66050
13781000	270	-15118	1182	66124
13791000	268	-15105	1172	66184
13801000	279	-15098	1222	66213
13811000	278	-15087	1223	66262
13821000	273	-15069	1204	66339
13831000	277	-15058	1222	66388
13841000	284	-15054	1252	66403
13851000	288	-15038	1273	66474
13861000	276	-15012	1226	66592
13871000	278	-15001	1234	66642
13881000	275	-14983	1226	66719
13891000	272	-14972	1214	66769
13901000	268	-14965	1197	66800
13911000	279	-14958	1247	66829
13921000	283	-14953	1267	66854
13931000	278	-14932	1247	66948
13941000	283	-14924	1268	66981
13951000	277	-14915	1247	67025
13961000	280	-14906	1258	67064
13971000	281	-14894	1266	67117
13981000	282	-14880	1272	67182
13991000	293	-14874	1326	67207
14001000	302	-14861	1365	67261
14011000	292	-14845	1323	67336
14021000	287	-14827	1307	67419
14031000	283	-14819	1289	67455
14041000	285	-14807	1298	67511
14051000	281	-14793	1284	67575
14061000	287	-14782	1312	67624
14071000	291	-14783	1330	67617
14081000	289	-14767	1323	67694
14091000	286	-14742	1314	67807
14101000	284	-14729	1309	67867
14111000	283	-14719	1305	67915
14121000	277	-14708	1281	67964
14131000	277	-14699	1281	68010
14141000	279	-14689	1295	68052
14151000	285	-14694	1319	68028
14161000	284	-14679	1319	68097
14171000	277	-14663	1289	68174
14181000	270	-14647	1259	68250
14191000	268	-14640	1252	68283
14201000	260	-14628	1213	68342
14211000	259	-14610	1212	68423
14221000	271	-14608	1271	68432
14231000	276	-14603	1296	68453
14241000	280	-14587	1317	68528
14251000	269	-14571	1269	68605
14261000	266	-14556	1257	68678
14271000	268	-14554	1264	68685
14281000	273	-14542	1290	68744
14291000	271	-14530	1284	68798
14301000	276	-14519	1307	68850
14311000	278	-14516	1319	68863
14321000	281	-14504	1335	68922
14331000	277	-14493	1317	68972
14341000	276	-14472	1315	69074
14351000	274	-14459	1312	69136
14361000	271	-14449	1299	69182
14371000	270	-14439	1296	69234
14381000	274	-14439	1312	69234
14391000	278	-14434	1333	69255
14401000	286	-14425	1373	69295
14411000	272	-14404	1309	69398
14421000	263	-14386	1269	69490
14431000	262	-14382	1268	69510
14441000	271	-14381	1309	69513
14451000	275	-14365	1333	69587
14461000	267	-14356	1296	69635
14471000	269	-14344	1309	69692
14481000	281	-14328	1367	69768
14491000	273	-14325	1329	69781
14501000	271	-14309	1325	69860
14511000	265	-14291	1297	69949
14521000	268	-14283	1314	69989
14531000	261	-14271	1282	70049
14541000	266	-14255	1311	70127
14551000	278	-14247	1371	70162
14561000	279	-14240	1373	70196
14571000	277	-14231	1367	70242
14581000	272	-14210	1345	70348
14591000	281	-14192	1393	70433
14601000	282	-14188	1399	70452
14611000	288	-14175	1432	70520
14621000	281	-14160	1401	70592
14631000	279	-14154	1394	70624
14641000	285	-14149	1425	70648
14651000	286	-14138	1431	70704
14661000	288	-14135	1439	70716
14671000	280	-14123	1406	70780
14681000	274	-14106	1379	70864
14691000	272	-14104	1365	70876
14701000	276	-14086	1389	70963
14711000	268	-14082	1349	70988
14721000	277	-14069	1399	71053
14731000	280	-14059	1417	71102
14741000	280	-14062	1415	71085
14751000	274	-14043	1387	71182
14761000	261	-14024	1329	71282
14771000	257	-14015	1308	71326
14781000	262	-14005	1334	71379
14791000	255	-13996	1302	71425
14801000	259	-13988	1322	71464
14811000	263	-13979	1346	71508
14821000	277	-13974	1420	71533
14831000	272	-13970	1393	71553
14841000	273	-13960	1399	71607
14851000	269	-13939	1382	71716
14861000	261	-13932	1343	71751
14871000	269	-13908	1388	71873
14881000	267	-13893	1381	71952
14891000	267	-13893	1382	71951
14901000	276	-13890	1431	71965
14911000	277	-13880	1436	72020
14921000	278	-13869	1445	72072
14931000	270	-13850	1407	72177
14941000	265	-13837	1386	72241
14951000	268	-13832	1399	72267
14961000	276	-13826	1442	72297
14971000	278	-13830	1454	72278
14981000	283	-13823	1480	72311
14991000	280	-13808	1470	72394
15001000	282	-13788	1483	72499
15011000	290	-13774	1529	72568
15021000	279	-13761	1472	72641
15031000	276	-13740	1461	72749
15041000	284	-13734	1504	72783
15051000	280	-13722	1488	72844
15061000	266	-13717	1415	72877
15071000	278	-13712	1479	72900
15081000	280	-13696	1493	72986
15091000	287	-13688	1532	73027
15101000	281	-13674	1504	73098
15111000	282	-13662	1508	73166
15121000	274	-13643	1473	73267
15131000	273	-13644	1468	73262
15141000	278	-13639	1496	73291
15151000	286	-13629	1541	73339
15161000	280	-13625	1505	73365
15171000	273	-13612	1472	73436
15181000	276	-13609	1487	73451
15191000	285	-13603	1541	73481
15201000	279	-13593	1510	73536
15211000	271	-13571	1470	73655
15221000	272	-13565	1480	73692
15231000	268	-13551	1457	73765
15241000	262	-13536	1428	73851
15251000	262	-13524	1432	73914
15261000	270	-13521	1477	73932
15271000	276	-13517	1509	73951
15281000	281	-13531	1533	73874
15291000	282	-13501	1548	74036
15301000	276	-13481	1519	74149
15311000	269	-13468	1481	74220
15321000	272	-13462	1500	74252
15331000	275	-13460	1518	74261
15341000	276	-13457	1526	74278
15351000	281	-13446	1553	74338
15361000	276	-13441	1526	74367
15371000	275	-13436	1524	74397
15381000	274	-13430	1520	74431
15391000	278	-13411	1543	74534
15401000	265	-13393	1478	74637
15411000	267	-13381	1488	74703
15421000	270	-13378	1507	74721
15431000	267	-13360	1493	74818
15441000	268	-13357	1502	74837
15451000	268	-13349	1504	74879
15461000	274	-13343	1540	74913
15471000	279	-13337	1565	74948
15481000	282	-13326	1586	75006
15491000	282	-13308	1590	75107
15501000	276	-13288	1565	75222
15511000	278	-13276	1575	75289
15521000	277	-13276	1572	75291
15531000	274	-13262	1559	75370
15541000	267	-13248	1522	75452
15551000	269	-13242	1534	75487
15561000	277	-13244	1576	75474
15571000	275	-13240	1571	75499
15581000	279	-13235	1591	75526
15591000	277	-13223	1585	75590
15601000	272	-13201	1558	75722
15611000	270	-13188	1552	75795
15621000	268	-13184	1539	75817
15631000	263	-13174	1515	75876
15641000	269	-13170	1551	75900
15651000	265	-13165	1529	75930
15661000	267	-13161	1538	75951
15671000	271	-13158	1565	75968
15681000	271	-13145	1570	76044
15691000	257	-13127	1491	76150
15701000	262	-13115	1523	76217
15711000	264	-13112	1535	76235
15721000	270	-13109	1570	76249
15731000	271	-13102	1577	76290
15741000	270	-13090	1573	76364
15751000	266	-13075	1557	76451
15761000	272	-13070	1594	76478
15771000	281	-13066	1646	76497
15781000	284	-13057	1667	76553
15791000	282	-13042	1659	76642
15801000	268	-13022	1582	76758
15811000	273	-13017	1609	76789
15821000	283	-13019	1671	76773
15831000	270	-12998	1595	76904
15841000	274	-12981	1627	77002
15851000	271	-12975	1611	77036
15861000	282	-12977	1675	77022
15871000	291	-12969	1732	77069
15881000	286	-12954	1704	77160
15891000	278	-12937	1661	77261
15901000	274	-12924	1639	77340
15911000	269	-12920	1610	77367
15921000	271	-12913	1625	77406
15931000	274	-12909	1642	77429
15941000	273	-12900	1640	77482
15951000	266	-12899	1596	77490
15961000	268	-12887	1612	77562
15971000	272	-12882	1640	77591
15981000	272	-12874	1639	77642
15991000	272	-12862	1643	77712
16001000	259	-12845	1566	77822
16011000	261	-12838	1583	77863
16021000	260	-12832	1581	77900
16031000	258	-12819	1567	77981
16041000	261	-12808	1588	78041
16051000	264	-12798	1610	78101
16061000	265	-12796	1617	78117
16071000	268	-12786	1640	78173
16081000	276	-12788	1685	78164
16091000	274	-12776	1680	78237
16101000	260	-12755	1599	78369
16111000	265	-12746	1630	78419
16121000	264	-12737	1624	78481
16131000	260	-12731	1603	78515
16141000	261	-12724	1608	78557
16151000	255	-12712	1577	78632
16161000	261	-12706	1616	78669
16171000	261	-12703	1618	78689
16181000	273	-12686	1694	78790
16191000	277	-12686	1720	78792
16201000	272	-12664	1697	78927
16211000	273	-12649	1706	79021
16221000	278	-12631	1739	79129
16231000	296	-12623	1859	79178
16241000	276	-12628	1732	79149
16251000	275	-12609	1727	79270
16261000	279	-12611	1755	79257
16271000	280	-12596	1766	79350
16281000	280	-12595	1762	79357
16291000	280	-12588	1768	79399
16301000	270	-12577	1706	79476
16311000	267	-12555	1694	79612
16321000	264	-12554	1675	79618
16331000	269	-12550	1704	79643
16341000	265	-12545	1684	79674
16351000	270	-12536	1720	79735
16361000	259	-12519	1649	79844
16371000	259	-12510	1655	79902
16381000	264	-12507	1685	79921
16391000	274	-12506	1750	79925
16401000	275	-12504	1756	79937
16411000	278	-12491	1778	80015
16421000	276	-12483	1768	80071
16431000	269	-12469	1731	80161
16441000	266	-12455	1717	80249
16451000	262	-12449	1690	80295
16461000	256	-12435	1655	80385
16471000	262	-12426	1698	80444
16481000	270	-12424	1750	80453
16491000	276	-12415	1789	80507
16501000	282	-12411	1833	80534
16511000	282	-12397	1836	80620
16521000	285	-12380	1860	80733
16531000	284	-12364	1857	80838
16541000	272	-12360	1782	80864
16551000	274	-12360	1791	80864
16561000	277	-12351	1814	80923
16571000	279	-12344	1831	80966
16581000	283	-12337	1856	81016
16591000	283	-12340	1861	80998
16601000	281	-12319	1852	81130
16611000	288	-12319	1900	81134
16621000	292	-12308	1927	81199
16631000	284	-12306	1873	81220
16641000	280	-12285	1854	81357
16651000	271	-12270	1799	81458
16661000	275	-12269	1825	81469
16671000	274	-12256	1822	81555
16681000	266	-12251	1775	81588
16691000	279	-12251	1855	81581
16701000	269	-12244	1792	81632
16711000	273	-12238	1822	81675
16721000	274	-12233	1831	81704
16731000	278	-12224	1861	81762
16741000	270	-12212	1810	81848
16751000	266	-12185	1790	82026
16761000	267	-12181	1799	82057
16771000	276	-12187	1856	82010
