f/Hz	Re{Y}/µS	Im{Y}/µS	Re{Z}/mOhm	Im{Z}/mOhm
1000	12704477	-402992	79	2
11000	8265097	-1797285	116	25
21000	6783534	-2929987	124	54
31000	5823448	-3496312	126	76
41000	4319718	-3767854	131	115
51000	3745496	-3593508	139	133
61000	2924958	-3759677	129	166
71000	2543826	-3522209	135	187
81000	2089811	-3502971	126	211
91000	1723978	-3171472	132	243
101000	1575054	-3113443	129	256
111000	1309777	-2840003	134	290
121000	1195309	-2626812	144	315
131000	1026783	-2508832	140	341
141000	880889	-2428074	132	364
151000	769016	-2237269	137	400
161000	705977	-2158975	137	418
171000	665577	-2069863	141	438
181000	552770	-1914217	139	482
191000	518193	-1898342	134	490
201000	470554	-1806453	135	518
211000	436369	-1709990	140	549
221000	421830	-1666840	143	564
231000	392693	-1598616	145	590
241000	361104	-1510307	150	626
251000	326361	-1482914	142	643
261000	301770	-1426755	142	671
271000	295316	-1384485	147	691
281000	274884	-1323918	150	724
291000	245711	-1287585	143	749
301000	240305	-1254032	147	769
311000	220103	-1201907	147	805
321000	210667	-1182523	146	820
331000	206898	-1148323	152	843
341000	191409	-1108169	151	876
351000	177679	-1080223	148	901
361000	166713	-1054280	146	925
371000	167219	-1024981	155	950
381000	166663	-999615	162	973
391000	151142	-973718	156	1003
401000	140492	-956711	150	1023
411000	144375	-928758	163	1051
421000	138569	-913912	162	1070
431000	132119	-894468	162	1094
441000	126066	-870937	163	1125
451000	113999	-853144	154	1152
461000	113003	-836685	159	1174
471000	105257	-820919	154	1198
481000	108947	-800233	167	1227
491000	102597	-791340	161	1243
501000	96182	-771816	159	1276
511000	92871	-753206	161	1308
521000	91401	-745588	162	1321
531000	87837	-730792	162	1349
541000	85823	-719089	164	1371
551000	86664	-704875	172	1398
561000	79752	-693780	164	1423
571000	77220	-680270	165	1451
581000	74959	-666913	166	1481
591000	73398	-654883	169	1508
601000	71175	-647349	168	1526
611000	70376	-638120	171	1548
621000	65707	-624902	166	1583
631000	64290	-618971	166	1598
641000	64565	-608256	173	1626
651000	66048	-597297	183	1654
661000	63228	-589908	180	1676
671000	61651	-584438	179	1692
681000	58405	-573630	176	1725
691000	56578	-564517	176	1754
701000	54621	-557201	174	1778
711000	54023	-549707	177	1802
721000	53689	-542020	181	1827
731000	52337	-536348	180	1847
741000	48297	-528287	172	1877
751000	47776	-521540	174	1901
761000	47155	-515333	176	1924
771000	44539	-508220	171	1953
781000	45126	-500705	179	1981
791000	45641	-495730	184	2000
801000	44638	-490610	184	2022
811000	41752	-484738	176	2048
821000	41831	-476433	183	2083
831000	39774	-471406	178	2106
841000	39525	-466481	180	2128
851000	40604	-461015	190	2152
861000	40045	-457018	190	2171
871000	37232	-451286	182	2201
881000	36239	-446876	180	2223
891000	36783	-440385	188	2255
901000	34718	-437257	180	2273
911000	34275	-431396	183	2304
921000	35744	-426071	196	2331
931000	35603	-423248	197	2346
941000	33741	-418184	192	2376
951000	32519	-414881	188	2396
961000	32952	-409264	195	2428
971000	31580	-406069	190	2448
981000	32044	-401839	197	2473
991000	32447	-396286	205	2507
1001000	31408	-393981	201	2522
1011000	29043	-389691	190	2552
1021000	28594	-386230	191	2575
1031000	29232	-382337	199	2600
1041000	28413	-380082	196	2616
1051000	28326	-376011	199	2644
1061000	28409	-371621	205	2675
1071000	27714	-369731	202	2690
1081000	27490	-365921	204	2717
1091000	26596	-361849	202	2749
1101000	25919	-358654	200	2774
1111000	25169	-355584	198	2798
1121000	24775	-352338	199	2824
1131000	25499	-348541	209	2854
1141000	25419	-346277	211	2872
1151000	24654	-344222	207	2890
1161000	23818	-340188	205	2925
1171000	22981	-338063	200	2944
1181000	22826	-335248	202	2969
1191000	22875	-332107	206	2997
1201000	22360	-329219	205	3024
1211000	22325	-326759	208	3046
1221000	22259	-324931	210	3063
1231000	22807	-321547	219	3094
1241000	21671	-319459	211	3116
1251000	21365	-316852	212	3142
1261000	21379	-314194	216	3168
1271000	20765	-311862	213	3192
1281000	20138	-309630	209	3216
1291000	20249	-307652	213	3236
1301000	20985	-304660	225	3267
1311000	20079	-303219	217	3284
1321000	19803	-300473	218	3314
1331000	19350	-297386	218	3348
1341000	18594	-295998	211	3365
1351000	18797	-293759	217	3390
1361000	18262	-291896	213	3413
1371000	18303	-289074	218	3446
1381000	17951	-287578	216	3464
1391000	18203	-285917	222	3483
1401000	18490	-283565	229	3512
1411000	17916	-281836	225	3534
1421000	17477	-279642	223	3562
1431000	17055	-278015	220	3583
1441000	17048	-275618	224	3614
1451000	16408	-274091	218	3635
1461000	16428	-272009	221	3663
1471000	16817	-270046	230	3689
1481000	16578	-268585	229	3709
1491000	16544	-267090	231	3730
1501000	16344	-265040	232	3759
1511000	15805	-263061	228	3788
1521000	15417	-261909	224	3805
1531000	15481	-260207	228	3830
1541000	15608	-258126	233	3860
1551000	15072	-257200	227	3875
1561000	14882	-255230	228	3905
1571000	15323	-253505	238	3930
1581000	15244	-252275	239	3950
1591000	15108	-250807	239	3973
1601000	15166	-248885	244	4003
1611000	14302	-247417	233	4028
1621000	14050	-246109	231	4050
1631000	14025	-244725	233	4073
1641000	14021	-242744	237	4106
1651000	13659	-241363	234	4130
1661000	13672	-240047	236	4152
1671000	13802	-238413	242	4180
1681000	13892	-237108	246	4203
1691000	13730	-235989	246	4223
1701000	13289	-234980	240	4242
1711000	12947	-232884	238	4281
1721000	12664	-231874	235	4300
1731000	12645	-230511	237	4325
1741000	12937	-228929	246	4354
1751000	12796	-227911	246	4374
1761000	12639	-226767	245	4396
1771000	12391	-225761	242	4416
1781000	12594	-224003	250	4450
1791000	12177	-223349	243	4464
1801000	12261	-221947	248	4492
1811000	12516	-220277	257	4525
1821000	12313	-219031	256	4551
1831000	11981	-218228	251	4569
1841000	11652	-217299	246	4589
1851000	11614	-215791	249	4621
1861000	11321	-215052	244	4637
1871000	11202	-213680	245	4667
1881000	11118	-212142	246	4701
1891000	10975	-211604	244	4713
1901000	10936	-210321	247	4742
1911000	10981	-209455	250	4761
1921000	11056	-208199	254	4790
1931000	10988	-207466	255	4807
1941000	10932	-206314	256	4833
1951000	10954	-205068	260	4863
1961000	10564	-204207	253	4884
1971000	10363	-203078	251	4911
1981000	10446	-201884	256	4940
1991000	10318	-201029	255	4961
2001000	10199	-200233	254	4981
2011000	10300	-199064	259	5010
2021000	10429	-197973	265	5037
2031000	10281	-197140	264	5059
2041000	10104	-196357	261	5079
2051000	10172	-195190	266	5109
2061000	10089	-194427	266	5130
2071000	10050	-193506	268	5154
2081000	10120	-192475	272	5181
2091000	9949	-191577	270	5206
2101000	9888	-190632	271	5232
2111000	9482	-190043	262	5249
2121000	9569	-188814	268	5283
2131000	9317	-188224	262	5300
2141000	9203	-187287	262	5327
2151000	9417	-186204	271	5357
2161000	9142	-185568	265	5376
2171000	9036	-184739	264	5400
2181000	8905	-184042	262	5421
2191000	8952	-182820	267	5457
2201000	8899	-182205	267	5475
2211000	8891	-181436	269	5498
2221000	9036	-180464	277	5527
2231000	9020	-179776	278	5548
2241000	8949	-179103	278	5569
2251000	8845	-178561	277	5587
2261000	8841	-177520	280	5619
2271000	8500	-177032	271	5636
2281000	8547	-175955	275	5670
2291000	8426	-175042	274	5700
2301000	8251	-174341	271	5723
2311000	8142	-173639	269	5746
2321000	8006	-173128	267	5764
2331000	8150	-172065	275	5799
2341000	8073	-171633	273	5814
2351000	8072	-170877	276	5839
2361000	8082	-169828	280	5875
2371000	8171	-169008	285	5903
2381000	7857	-168575	276	5919
2391000	7711	-168079	272	5937
2401000	7738	-167182	276	5969
2411000	7597	-166712	273	5986
2421000	7681	-165926	278	6014
2431000	7671	-165104	281	6044
2441000	7636	-164707	281	6058
2451000	7700	-164025	286	6083
2461000	7655	-163417	286	6106
2471000	7667	-162579	289	6137
2481000	7599	-162176	288	6153
2491000	7555	-161509	289	6178
2501000	7544	-160672	292	6210
2511000	7389	-160303	287	6225
2521000	7327	-159579	287	6253
2531000	7212	-158950	285	6278
2541000	7146	-158229	285	6307
2551000	7023	-157804	281	6324
2561000	7077	-157120	286	6352
2571000	7135	-156341	291	6383
2581000	7012	-155812	288	6405
2591000	7006	-155256	290	6428
2601000	6851	-154717	286	6451
2611000	6874	-153927	290	6484
2621000	6779	-153542	287	6500
2631000	6710	-152906	286	6527
2641000	6743	-152164	291	6559
2651000	6593	-151871	285	6572
2661000	6521	-151259	284	6599
2671000	6468	-150736	284	6622
2681000	6476	-150093	287	6650
2691000	6461	-149704	288	6667
2701000	6386	-149038	287	6697
2711000	6504	-148442	295	6724
2721000	6442	-148079	293	6740
2731000	6406	-147458	294	6769
2741000	6411	-146983	296	6791
2751000	6396	-146311	298	6822
2761000	6372	-145967	299	6838
2771000	6375	-145398	301	6864
2781000	6319	-144653	301	6900
2791000	6352	-144312	304	6916
2801000	6253	-143866	302	6938
2811000	6203	-143444	301	6958
2821000	6218	-142882	304	6986
2831000	6125	-142557	301	7002
2841000	6108	-141969	302	7031
2851000	6141	-141341	307	7062
2861000	6092	-140887	306	7085
2871000	6094	-140424	308	7108
2881000	5926	-140127	301	7124
2891000	6101	-139440	313	7158
2901000	5958	-139065	308	7178
2911000	5956	-138552	310	7204
2921000	5938	-138023	311	7232
2931000	5891	-137597	311	7254
2941000	5868	-137169	311	7277
2951000	5759	-136829	307	7295
2961000	5792	-136157	312	7331
2971000	5698	-135840	308	7349
2981000	5623	-135302	307	7378
2991000	5632	-134754	310	7408
3001000	5638	-134424	311	7426
3011000	5640	-134021	313	7448
3021000	5469	-133581	306	7474
3031000	5510	-132968	311	7508
3041000	5504	-132657	312	7525
3051000	5411	-132277	309	7547
3061000	5405	-131801	311	7574
3071000	5414	-131368	313	7599
3081000	5299	-131011	308	7620
3091000	5295	-130626	310	7643
3101000	5303	-130090	313	7674
3111000	5239	-129778	311	7693
3121000	5220	-129452	311	7712
3131000	5206	-128960	313	7742
3141000	5283	-128436	320	7773
3151000	5178	-128071	315	7795
3161000	5189	-127747	317	7815
3171000	5140	-127352	316	7839
3181000	5131	-126827	318	7872
3191000	5101	-126597	318	7886
3201000	5103	-126092	320	7918
3211000	5126	-125598	324	7949
3221000	5081	-125319	323	7967
3231000	5035	-124940	322	7991
3241000	4989	-124716	320	8005
3251000	5044	-124232	326	8036
3261000	4979	-123974	323	8053
3271000	5004	-123532	327	8082
3281000	4974	-123088	328	8111
3291000	4981	-122815	330	8129
3301000	4923	-122481	328	8151
3311000	4857	-122140	325	8174
3321000	4924	-121609	332	8210
3331000	4861	-121323	330	8229
3341000	4868	-120990	332	8252
3351000	4806	-120622	330	8277
3361000	4846	-120127	335	8311
3371000	4843	-119835	337	8331
3381000	4707	-119567	329	8351
3391000	4715	-119226	331	8374
3401000	4649	-118852	329	8401
3411000	4639	-118653	329	8415
3421000	4613	-118234	330	8445
3431000	4609	-117755	332	8479
3441000	4556	-117477	330	8500
3451000	4509	-117116	328	8526
3461000	4418	-116905	323	8542
3471000	4515	-116410	333	8577
3481000	4387	-116173	325	8596
3491000	4421	-115854	329	8619
3501000	4357	-115446	326	8650
3511000	4361	-115073	329	8678
3521000	4384	-114790	332	8699
3531000	4318	-114570	329	8716
3541000	4264	-114184	327	8746
3551000	4217	-113862	325	8771
3561000	4222	-113653	326	8787
3571000	4271	-113303	332	8813
3581000	4283	-112889	336	8846
3591000	4185	-112695	329	8861
3601000	4237	-112354	335	8888
3611000	4178	-112107	332	8908
3621000	4241	-111656	340	8943
3631000	4169	-111437	335	8961
3641000	4143	-111146	335	8985
3651000	4153	-110828	338	9010
3661000	4127	-110478	338	9039
3671000	4147	-110310	340	9053
3681000	4135	-109969	341	9081
3691000	4121	-109660	342	9106
3701000	4119	-109372	344	9130
3711000	4118	-109180	345	9146
3721000	4139	-108841	349	9174
3731000	4115	-108457	349	9207
3741000	4081	-108189	348	9230
3751000	4022	-107881	345	9257
3761000	3979	-107703	343	9272
3771000	3977	-107320	345	9305
3781000	3958	-107061	345	9328
3791000	3856	-106804	338	9351
3801000	3857	-106513	340	9376
3811000	3813	-106136	338	9410
3821000	3837	-106005	341	9421
3831000	3846	-105701	344	9448
3841000	3791	-105460	340	9470
3851000	3788	-105132	342	9500
3861000	3770	-104940	342	9517
3871000	3779	-104692	344	9539
3881000	3784	-104400	347	9566
3891000	3736	-104077	344	9596
3901000	3677	-103893	340	9613
3911000	3715	-103634	345	9637
3921000	3660	-103359	342	9663
3931000	3697	-103034	348	9693
3941000	3678	-102843	347	9711
3951000	3738	-102607	355	9733
3961000	3775	-102326	360	9759
3971000	3745	-101978	360	9793
3981000	3730	-101768	360	9813
3991000	3700	-101564	358	9833
4001000	3630	-101298	353	9859
4011000	3672	-101015	359	9886
4021000	3563	-100825	350	9906
4031000	3565	-100547	352	9933
4041000	3589	-100213	357	9966
4051000	3552	-99994	355	9988
4061000	3550	-99785	356	10009
4071000	3486	-99602	351	10028
4081000	3509	-99345	355	10053
4091000	3512	-99076	357	10081
4101000	3430	-98901	350	10099
4111000	3425	-98660	351	10124
4121000	3480	-98345	359	10156
4131000	3506	-98087	364	10182
4141000	3541	-97886	369	10203
4151000	3508	-97767	367	10215
4161000	3482	-97503	366	10243
4171000	3483	-97252	368	10269
4181000	3408	-97099	361	10286
4191000	3405	-96851	363	10312
4201000	3425	-96555	367	10344
4211000	3368	-96344	362	10367
4221000	3350	-96171	362	10386
4231000	3324	-95917	361	10413
4241000	3336	-95740	363	10432
4251000	3351	-95400	368	10469
4261000	3262	-95238	359	10488
4271000	3248	-94971	360	10517
4281000	3235	-94741	360	10543
4291000	3191	-94497	357	10570
4301000	3179	-94353	357	10587
4311000	3259	-94113	368	10613
4321000	3262	-93931	369	10633
4331000	3259	-93653	371	10665
4341000	3187	-93504	364	10682
4351000	3197	-93312	367	10704
4361000	3175	-93051	366	10734
4371000	3131	-92794	363	10764
4381000	3093	-92605	360	10787
4391000	3119	-92420	365	10808
4401000	3058	-92267	359	10826
4411000	3106	-91944	367	10864
4421000	3116	-91738	370	10888
4431000	3097	-91579	369	10907
4441000	3088	-91361	370	10933
4451000	3117	-91085	375	10966
4461000	3142	-90962	379	10981
4471000	3152	-90763	382	11004
4481000	3077	-90640	374	11020
4491000	3057	-90392	374	11050
4501000	3058	-90219	375	11071
4511000	2970	-90053	366	11093
4521000	2991	-89806	370	11123
4531000	3031	-89598	377	11148
4541000	2997	-89404	375	11173
4551000	2944	-89261	369	11191
4561000	2925	-89050	368	11218
4571000	2895	-88875	366	11240
4581000	2922	-88563	372	11279
4591000	2914	-88429	372	11296
4601000	2958	-88269	379	11316
4611000	2982	-88076	384	11341
4621000	2959	-87792	383	11378
4631000	2945	-87621	383	11400
4641000	2937	-87454	384	11422
4651000	2856	-87334	374	11438
4661000	2826	-87107	372	11468
4671000	2856	-86929	377	11491
4681000	2863	-86817	379	11506
4691000	2851	-86608	380	11534
4701000	2861	-86401	383	11561
4711000	2880	-86152	388	11594
4721000	2923	-86015	395	11612
4731000	2891	-85846	392	11636
4741000	2860	-85720	389	11653
4751000	2840	-85463	388	11688
4761000	2783	-85275	382	11714
4771000	2746	-85166	378	11730
4781000	2808	-84959	389	11758
4791000	2775	-84781	386	11782
4801000	2754	-84616	384	11806
4811000	2733	-84487	382	11824
4821000	2678	-84276	377	11854
4831000	2689	-84165	379	11869
4841000	2755	-83923	391	11903
4851000	2739	-83777	390	11924
4861000	2729	-83653	390	11942
4871000	2698	-83453	387	11970
4881000	2660	-83230	384	12003
4891000	2613	-83074	378	12026
4901000	2625	-82965	381	12041
4911000	2604	-82781	380	12068
4921000	2593	-82634	379	12090
4931000	2662	-82417	392	12121
4941000	2638	-82269	389	12143
4951000	2648	-82111	392	12166
4961000	2646	-81936	394	12192
4971000	2645	-81745	395	12220
4981000	2586	-81557	388	12249
4991000	2544	-81462	383	12264
5001000	2542	-81258	385	12294
5011000	2559	-81151	388	12310
5021000	2550	-80912	389	12347
5031000	2552	-80811	390	12362
5041000	2529	-80695	388	12380
5051000	2477	-80515	382	12408
5061000	2527	-80322	391	12438
5071000	2575	-80122	401	12468
5081000	2552	-79985	398	12490
5091000	2554	-79832	400	12513
5101000	2512	-79721	395	12531
5111000	2480	-79516	392	12564
5121000	2471	-79352	392	12590
5131000	2476	-79256	394	12605
5141000	2448	-79094	391	12631
5151000	2456	-78951	394	12654
5161000	2519	-78734	406	12688
5171000	2503	-78617	405	12707
5181000	2485	-78492	403	12727
5191000	2452	-78351	399	12751
5201000	2374	-78231	388	12771
5211000	2368	-78047	388	12801
5221000	2385	-77944	392	12818
5231000	2385	-77823	393	12838
5241000	2357	-77645	391	12867
5251000	2357	-77463	392	12897
5261000	2342	-77282	392	12928
5271000	2403	-77180	403	12944
5281000	2443	-77030	411	12969
5291000	2393	-76899	404	12992
5301000	2336	-76729	396	13021
5311000	2337	-76544	399	13052
5321000	2273	-76448	389	13069
5331000	2315	-76338	397	13088
5341000	2354	-76186	405	13113
5351000	2350	-75958	407	13153
5361000	2336	-75806	406	13179
5371000	2369	-75705	413	13196
5381000	2341	-75594	409	13216
5391000	2301	-75513	403	13230
5401000	2298	-75323	405	13264
5411000	2318	-75190	410	13287
5421000	2289	-75093	406	13304
5431000	2267	-74942	403	13331
5441000	2241	-74791	400	13359
5451000	2224	-74578	399	13397
5461000	2269	-74484	409	13413
5471000	2310	-74345	418	13438
5481000	2269	-74209	412	13463
5491000	2202	-74139	400	13476
5501000	2236	-73948	409	13511
5511000	2199	-73813	403	13536
5521000	2240	-73702	412	13556
5531000	2219	-73568	410	13580
5541000	2192	-73451	406	13602
5551000	2220	-73281	413	13634
5561000	2242	-73192	418	13650
5571000	2188	-73044	410	13678
5581000	2164	-72918	407	13702
5591000	2143	-72840	404	13717
5601000	2158	-72662	408	13750
5611000	2152	-72507	409	13780
5621000	2124	-72425	404	13796
5631000	2122	-72289	406	13821
5641000	2133	-72149	409	13848
5651000	2200	-71980	424	13880
5661000	2178	-71893	421	13897
5671000	2121	-71806	411	13914
5681000	2079	-71658	405	13943
5691000	2099	-71520	410	13970
5701000	2075	-71396	407	13995
5711000	2105	-71231	415	14027
5721000	2093	-71140	413	14045
5731000	2125	-71044	421	14063
5741000	2118	-70897	421	14092
5751000	2068	-70803	412	14112
5761000	2064	-70624	414	14147
5771000	2040	-70504	410	14172
5781000	2039	-70409	411	14191
5791000	2082	-70281	421	14216
5801000	2034	-70186	412	14236
5811000	2026	-70032	413	14267
5821000	2085	-69933	426	14287
5831000	2068	-69837	424	14306
5841000	2068	-69702	425	14334
5851000	2026	-69572	418	14361
5861000	2036	-69458	422	14385
5871000	2003	-69305	417	14417
5881000	2006	-69192	419	14440
5891000	2025	-69087	424	14462
5901000	2026	-69007	425	14479
5911000	2040	-68928	429	14495
5921000	2053	-68761	434	14530
5931000	2017	-68603	428	14564
5941000	1986	-68546	422	14577
5951000	2008	-68426	429	14602
5961000	1995	-68303	427	14628
5971000	1942	-68180	418	14655
5981000	1934	-68039	418	14686
5991000	1994	-67931	432	14708
6001000	1980	-67803	430	14736
6011000	1928	-67719	420	14755
6021000	1926	-67671	420	14765
6031000	1898	-67544	416	14794
6041000	1919	-67397	422	14825
6051000	1908	-67317	421	14843
6061000	1945	-67221	430	14864
6071000	1956	-67089	434	14893
6081000	1944	-66975	433	14918
6091000	1945	-66822	435	14952
6101000	1884	-66733	423	14973
6111000	1908	-66670	429	14987
6121000	1903	-66552	429	15014
6131000	1899	-66416	430	15044
6141000	1850	-66329	420	15065
6151000	1881	-66190	429	15096
6161000	1922	-66089	440	15118
6171000	1881	-65992	432	15141
6181000	1884	-65914	433	15159
6191000	1860	-65805	429	15184
6201000	1858	-65695	430	15210
6211000	1848	-65517	430	15251
6221000	1835	-65430	428	15272
6231000	1885	-65330	441	15294
6241000	1872	-65248	439	15313
6251000	1866	-65190	439	15327
6261000	1867	-65099	440	15349
6271000	1885	-64918	447	15391
6281000	1843	-64831	438	15412
6291000	1793	-64759	427	15430
6301000	1796	-64675	429	15450
6311000	1800	-64553	432	15479
6321000	1839	-64460	442	15501
6331000	1815	-64322	438	15534
6341000	1817	-64214	440	15561
6351000	1769	-64107	430	15587
6361000	1765	-64007	430	15611
6371000	1795	-63946	439	15626
6381000	1775	-63874	435	15644
6391000	1803	-63744	443	15675
6401000	1803	-63610	445	15708
6411000	1782	-63552	441	15723
6421000	1739	-63460	431	15746
6431000	1730	-63362	431	15771
6441000	1739	-63263	434	15795
6451000	1746	-63160	437	15821
6461000	1702	-63025	428	15855
6471000	1754	-62935	443	15877
6481000	1774	-62840	449	15901
6491000	1761	-62738	447	15927
6501000	1723	-62683	438	15941
6511000	1721	-62599	439	15963
6521000	1732	-62465	444	15997
6531000	1707	-62344	439	16028
6541000	1725	-62301	444	16039
6551000	1729	-62229	446	16057
6561000	1736	-62117	450	16086
6571000	1686	-62017	438	16113
6581000	1657	-61909	432	16141
6591000	1673	-61798	438	16170
6601000	1689	-61721	443	16190
6611000	1653	-61630	435	16214
6621000	1686	-61533	445	16239
6631000	1710	-61464	452	16257
6641000	1703	-61393	451	16276
6651000	1659	-61241	442	16317
6661000	1637	-61120	438	16349
6671000	1661	-61079	445	16360
6681000	1652	-61012	444	16378
6691000	1660	-60917	447	16404
6701000	1686	-60835	455	16425
6711000	1690	-60721	458	16456
6721000	1659	-60587	452	16493
6731000	1648	-60518	450	16512
6741000	1639	-60444	448	16532
6751000	1651	-60349	453	16558
6761000	1597	-60282	439	16577
6771000	1637	-60209	451	16597
6781000	1676	-60084	464	16630
6791000	1673	-59981	465	16659
6801000	1614	-59909	449	16680
6811000	1602	-59837	447	16700
6821000	1627	-59783	455	16715
6831000	1631	-59682	457	16743
6841000	1615	-59565	455	16776
6851000	1647	-59450	466	16808
6861000	1618	-59352	459	16836
6871000	1622	-59292	461	16853
6881000	1610	-59208	459	16877
6891000	1593	-59117	455	16903
6901000	1584	-59022	454	16931
6911000	1574	-58981	452	16943
6921000	1565	-58920	450	16960
6931000	1601	-58793	463	16996
6941000	1565	-58716	454	17019
6951000	1575	-58636	458	17042
6961000	1532	-58555	446	17066
6971000	1551	-58453	454	17096
6981000	1561	-58380	458	17117
6991000	1575	-58310	463	17137
7001000	1566	-58196	462	17171
7011000	1565	-58086	463	17203
7021000	1536	-58033	456	17219
7031000	1540	-57979	458	17236
7041000	1533	-57899	457	17259
7051000	1522	-57811	455	17286
7061000	1511	-57765	452	17300
7071000	1549	-57655	466	17332
7081000	1539	-57543	464	17366
7091000	1536	-57455	465	17392
7101000	1505	-57391	457	17412
7111000	1518	-57345	461	17426
7121000	1520	-57270	463	17449
7131000	1505	-57151	460	17486
7141000	1535	-57090	471	17504
7151000	1553	-56992	478	17533
7161000	1534	-56907	473	17560
7171000	1501	-56847	464	17579
7181000	1499	-56781	464	17599
7191000	1492	-56676	464	17632
7201000	1488	-56611	464	17652
7211000	1473	-56532	461	17677
7221000	1498	-56487	469	17691
7231000	1488	-56386	468	17722
7241000	1485	-56262	469	17762
7251000	1442	-56190	457	17785
7261000	1446	-56126	459	17805
7271000	1449	-56055	461	17828
7281000	1487	-55984	474	17850
7291000	1509	-55924	482	17869
7301000	1481	-55829	475	17899
7311000	1457	-55737	469	17929
7321000	1482	-55619	479	17967
7331000	1470	-55560	476	17986
7341000	1432	-55508	464	18004
7351000	1428	-55413	465	18034
7361000	1459	-55354	476	18053
7371000	1489	-55307	487	18068
7381000	1451	-55263	475	18083
7391000	1426	-55198	468	18105
7401000	1415	-55076	466	18145
7411000	1437	-54997	475	18170
7421000	1428	-54919	473	18196
7431000	1428	-54874	474	18211
7441000	1456	-54805	485	18234
7451000	1430	-54746	477	18254
7461000	1427	-54634	478	18291
7471000	1390	-54562	467	18316
7481000	1396	-54491	470	18340
7491000	1377	-54412	465	18367
7501000	1403	-54339	475	18391
7511000	1435	-54284	487	18409
7521000	1391	-54190	473	18441
7531000	1369	-54112	467	18468
7541000	1362	-54041	466	18493
7551000	1394	-53998	478	18507
7561000	1378	-53947	473	18525
7571000	1386	-53857	478	18555
7581000	1390	-53758	481	18589
7591000	1387	-53700	481	18609
7601000	1365	-53649	474	18628
7611000	1345	-53582	468	18651
7621000	1368	-53523	477	18671
7631000	1360	-53422	476	18707
7641000	1370	-53365	481	18727
7651000	1404	-53295	494	18750
7661000	1387	-53210	490	18781
7671000	1358	-53129	481	18810
7681000	1345	-53026	478	18846
7691000	1368	-52964	487	18868
7701000	1338	-52899	478	18892
7711000	1342	-52823	481	18919
7721000	1367	-52790	490	18930
7731000	1362	-52738	489	18949
7741000	1359	-52673	490	18972
7751000	1319	-52617	476	18993
7761000	1330	-52529	482	19025
7771000	1314	-52457	477	19051
7781000	1308	-52397	476	19073
7791000	1356	-52317	495	19101
7801000	1322	-52280	483	19116
7811000	1323	-52231	485	19133
7821000	1300	-52158	478	19161
7831000	1305	-52096	481	19183
7841000	1318	-52016	487	19212
7851000	1305	-51947	483	19238
7861000	1333	-51857	495	19271
7871000	1329	-51794	495	19295
7881000	1325	-51749	495	19311
7891000	1316	-51678	492	19338
7901000	1302	-51602	489	19367
7911000	1291	-51559	485	19383
7921000	1267	-51490	478	19410
7931000	1298	-51426	491	19433
7941000	1329	-51372	503	19453
7951000	1307	-51296	496	19482
7961000	1270	-51230	484	19508
7971000	1272	-51141	486	19542
7981000	1291	-51070	495	19568
7991000	1285	-51017	493	19589
8001000	1273	-50936	490	19620
8011000	1304	-50887	503	19639
8021000	1299	-50842	502	19656
8031000	1274	-50787	493	19678
8041000	1274	-50732	495	19699
8051000	1259	-50664	490	19726
8061000	1249	-50587	488	19756
8071000	1257	-50511	492	19785
8081000	1291	-50447	507	19810
8091000	1274	-50394	502	19831
8101000	1234	-50321	487	19861
8111000	1232	-50265	487	19883
8121000	1250	-50224	495	19898
8131000	1253	-50150	498	19928
8141000	1279	-50085	510	19953
8151000	1264	-50041	505	19971
8161000	1234	-49971	494	20000
8171000	1207	-49926	484	20018
8181000	1223	-49855	492	20046
8191000	1242	-49784	501	20074
8201000	1205	-49712	487	20104
8211000	1234	-49635	501	20135
8221000	1264	-49593	513	20151
8231000	1259	-49566	512	20162
8241000	1242	-49517	506	20182
8251000	1233	-49472	504	20201
8261000	1235	-49386	506	20236
8271000	1220	-49310	501	20267
8281000	1232	-49246	508	20293
8291000	1261	-49200	520	20312
8301000	1236	-49144	512	20336
8311000	1211	-49033	503	20382
8321000	1218	-48974	508	20407
8331000	1188	-48940	496	20421
8341000	1181	-48892	494	20442
8351000	1200	-48846	503	20460
8361000	1220	-48772	513	20491
8371000	1204	-48695	508	20523
8381000	1179	-48630	498	20551
8391000	1175	-48593	497	20567
8401000	1194	-48549	506	20585
8411000	1209	-48486	514	20612
8421000	1189	-48448	506	20628
8431000	1209	-48393	516	20651
8441000	1197	-48339	512	20675
8451000	1183	-48262	508	20708
8461000	1201	-48192	517	20737
8471000	1193	-48120	515	20768
8481000	1163	-48072	503	20790
8491000	1160	-48029	503	20809
8501000	1196	-47983	519	20828
8511000	1213	-47926	528	20852
8521000	1205	-47845	526	20888
8531000	1171	-47811	512	20903
8541000	1160	-47732	509	20938
8551000	1173	-47700	515	20952
8561000	1171	-47638	516	20979
8571000	1193	-47565	527	21010
8581000	1186	-47491	525	21044
8591000	1162	-47423	517	21074
8601000	1151	-47396	512	21086
8611000	1140	-47336	509	21113
8621000	1137	-47281	508	21138
8631000	1147	-47240	513	21156
8641000	1166	-47185	523	21180
8651000	1158	-47141	521	21200
8661000	1137	-47092	512	21223
8671000	1127	-47026	509	21253
8681000	1120	-46974	507	21276
8691000	1133	-46934	514	21294
8701000	1150	-46895	523	21311
8711000	1157	-46844	527	21334
8721000	1148	-46753	525	21376
8731000	1129	-46727	517	21389
8741000	1123	-46656	516	21421
8751000	1140	-46604	525	21445
8761000	1142	-46551	526	21469
8771000	1111	-46503	513	21492
8781000	1121	-46436	519	21522
8791000	1143	-46385	531	21545
8801000	1126	-46360	524	21558
8811000	1127	-46309	525	21581
8821000	1135	-46242	531	21612
8831000	1125	-46207	527	21629
8841000	1111	-46127	522	21667
8851000	1114	-46096	524	21681
8861000	1120	-46034	528	21710
8871000	1117	-45973	528	21739
8881000	1118	-45927	530	21761
8891000	1100	-45862	523	21792
8901000	1105	-45817	526	21814
8911000	1099	-45748	525	21846
8921000	1098	-45689	526	21874
8931000	1127	-45646	541	21894
8941000	1131	-45594	544	21919
8951000	1099	-45579	529	21927
8961000	1085	-45525	523	21953
8971000	1091	-45457	528	21986
8981000	1088	-45409	527	22010
8991000	1096	-45355	532	22035
9001000	1129	-45306	550	22058
9011000	1113	-45248	543	22087
9021000	1075	-45202	526	22111
9031000	1090	-45169	534	22126
9041000	1095	-45154	537	22134
9051000	1077	-45097	529	22162
9061000	1084	-45030	534	22195
9071000	1114	-44970	551	22223
9081000	1097	-44899	544	22259
9091000	1082	-44858	538	22279
9101000	1066	-44812	530	22303
9111000	1048	-44726	524	22346
9121000	1067	-44685	534	22366
9131000	1084	-44661	543	22378
9141000	1104	-44599	555	22408
9151000	1083	-44562	545	22427
9161000	1070	-44515	540	22451
9171000	1074	-44463	543	22478
9181000	1080	-44404	547	22507
9191000	1064	-44375	540	22523
9201000	1063	-44333	540	22544
9211000	1071	-44260	546	22580
9221000	1064	-44227	544	22598
9231000	1061	-44196	543	22613
9241000	1041	-44149	534	22638
9251000	1029	-44103	529	22662
9261000	1050	-44033	541	22697
9271000	1052	-43985	544	22722
9281000	1052	-43935	545	22748
9291000	1048	-43888	544	22772
9301000	1038	-43840	540	22797
9311000	1010	-43771	527	22834
9321000	1016	-43730	531	22855
9331000	1022	-43665	536	22889
9341000	1026	-43622	539	22911
9351000	1031	-43601	542	22922
9361000	1028	-43526	542	22962
9371000	1034	-43484	546	22984
9381000	1012	-43436	536	23010
9391000	999	-43394	530	23032
9401000	1024	-43354	544	23053
9411000	1031	-43294	550	23085
9421000	1021	-43259	546	23104
9431000	1029	-43223	551	23123
9441000	1038	-43180	556	23146
9451000	1044	-43141	561	23166
9461000	1029	-43088	554	23195
9471000	1035	-43046	558	23217
9481000	1031	-43003	557	23241
9491000	1019	-42980	551	23253
9501000	1019	-42923	553	23284
9511000	1034	-42867	563	23314
9521000	1018	-42848	554	23325
9531000	1001	-42813	546	23344
9541000	1001	-42765	547	23371
9551000	1016	-42713	556	23399
9561000	1010	-42642	555	23438
9571000	997	-42589	549	23467
9581000	1013	-42548	559	23490
9591000	1012	-42505	560	23513
9601000	1007	-42441	558	23549
9611000	1004	-42410	558	23566
9621000	1006	-42369	560	23589
9631000	1002	-42326	559	23613
9641000	992	-42296	554	23630
9651000	998	-42234	559	23664
9661000	1014	-42194	569	23686
9671000	985	-42156	554	23709
9681000	973	-42127	548	23725
9691000	981	-42089	554	23747
9701000	992	-42012	562	23790
9711000	992	-41983	562	23806
9721000	992	-41939	563	23831
9731000	990	-41908	564	23848
9741000	978	-41876	558	23867
9751000	958	-41831	547	23893
9761000	964	-41776	552	23925
9771000	974	-41734	559	23948
9781000	981	-41701	564	23967
9791000	989	-41659	570	23991
9801000	984	-41589	568	24031
9811000	973	-41572	563	24041
9821000	960	-41534	556	24064
9831000	953	-41491	553	24089
9841000	968	-41451	563	24111
9851000	969	-41390	566	24147
9861000	978	-41342	572	24175
9871000	981	-41303	575	24198
9881000	965	-41277	566	24214
9891000	945	-41205	556	24256
9901000	939	-41181	553	24271
9911000	942	-41144	556	24292
9921000	937	-41095	555	24321
9931000	937	-41064	555	24339
9941000	958	-40994	570	24380
9951000	983	-40944	586	24410
9961000	957	-40898	572	24438
9971000	947	-40866	567	24457
9981000	929	-40837	557	24475
9991000	924	-40770	556	24515
10001000	929	-40744	559	24531
10011000	944	-40714	569	24549
10021000	957	-40674	578	24572
10031000	961	-40636	581	24595
10041000	915	-40577	555	24632
10051000	918	-40543	558	24653
10061000	922	-40495	562	24681
10071000	928	-40473	566	24695
10081000	907	-40434	555	24719
10091000	916	-40371	562	24758
10101000	949	-40339	583	24776
10111000	946	-40295	582	24804
10121000	933	-40266	575	24821
10131000	915	-40239	565	24839
10141000	912	-40187	565	24871
10151000	922	-40135	572	24903
10161000	930	-40090	578	24930
10171000	942	-40073	586	24941
10181000	946	-40013	591	24978
10191000	938	-39979	587	24999
10201000	939	-39953	588	25015
10211000	919	-39911	577	25043
10221000	913	-39891	574	25055
10231000	906	-39840	570	25088
10241000	919	-39791	580	25118
10251000	929	-39742	588	25148
10261000	930	-39718	589	25164
10271000	919	-39677	584	25190
10281000	921	-39622	587	25225
10291000	922	-39585	588	25249
10301000	908	-39563	580	25263
10311000	910	-39525	582	25287
10321000	922	-39488	591	25310
10331000	898	-39435	577	25345
10341000	885	-39395	570	25371
10351000	884	-39349	570	25400
10361000	902	-39321	583	25418
10371000	907	-39303	587	25430
10381000	887	-39239	576	25472
10391000	897	-39204	583	25494
10401000	903	-39164	589	25520
10411000	905	-39139	591	25536
10421000	893	-39102	584	25561
10431000	881	-39053	578	25593
10441000	895	-39016	588	25617
10451000	902	-38978	593	25642
10461000	915	-38953	603	25657
10471000	911	-38908	602	25688
10481000	888	-38858	588	25722
10491000	877	-38836	581	25736
10501000	872	-38788	579	25768
10511000	876	-38769	582	25781
10521000	874	-38736	582	25803
10531000	874	-38684	584	25837
10541000	890	-38634	596	25870
10551000	914	-38598	613	25893
10561000	899	-38583	604	25904
10571000	871	-38531	586	25940
10581000	865	-38495	583	25964
10591000	871	-38476	588	25977
10601000	864	-38435	584	26005
10611000	871	-38405	590	26025
10621000	877	-38357	596	26057
10631000	886	-38309	603	26089
10641000	890	-38279	607	26110
10651000	893	-38250	610	26129
10661000	885	-38222	605	26149
10671000	864	-38162	593	26190
10681000	857	-38140	589	26206
10691000	850	-38117	585	26222
10701000	866	-38066	597	26256
10711000	865	-38045	597	26271
10721000	853	-37999	591	26303
10731000	854	-37960	593	26330
10741000	851	-37912	592	26364
10751000	862	-37884	600	26382
10761000	861	-37863	600	26397
10771000	855	-37799	598	26442
10781000	856	-37784	599	26453
10791000	862	-37755	604	26473
10801000	851	-37730	597	26490
10811000	858	-37701	603	26511
10821000	847	-37636	598	26557
10831000	843	-37604	596	26579
10841000	848	-37567	600	26606
10851000	867	-37541	615	26624
10861000	881	-37503	626	26650
10871000	860	-37447	613	26690
10881000	840	-37427	600	26705
10891000	836	-37392	598	26731
10901000	846	-37365	606	26750
10911000	838	-37342	601	26766
10921000	836	-37300	600	26796
10931000	864	-37246	622	26834
10941000	872	-37211	629	26859
10951000	880	-37190	636	26874
10961000	862	-37152	624	26902
10971000	837	-37109	608	26934
10981000	830	-37092	603	26946
10991000	824	-37052	600	26976
11001000	833	-37028	608	26993
11011000	851	-36995	621	27016
11021000	840	-36946	615	27053
11031000	829	-36912	608	27078
11041000	828	-36885	609	27098
11051000	833	-36865	613	27112
11061000	842	-36811	621	27152
11071000	833	-36770	616	27182
11081000	843	-36751	624	27196
11091000	837	-36712	621	27225
11101000	823	-36692	611	27240
11111000	806	-36659	600	27265
11121000	804	-36611	599	27301
11131000	809	-36567	604	27334
11141000	810	-36545	606	27350
11151000	817	-36528	612	27362
11161000	839	-36479	631	27398
11171000	840	-36442	632	27426
11181000	821	-36418	619	27445
11191000	810	-36397	611	27461
11201000	807	-36373	610	27479
11211000	819	-36336	620	27507
11221000	801	-36300	608	27534
11231000	804	-36263	611	27563
11241000	819	-36236	623	27582
11251000	823	-36217	627	27597
11261000	822	-36166	628	27636
11271000	810	-36132	620	27662
11281000	823	-36113	631	27676
11291000	812	-36070	624	27710
11301000	801	-36063	615	27715
11311000	807	-36015	622	27752
11321000	819	-35968	632	27788
11331000	812	-35943	629	27808
11341000	801	-35912	620	27832
11351000	800	-35900	620	27841
11361000	800	-35854	622	27877
11371000	818	-35818	637	27905
11381000	830	-35808	647	27912
11391000	829	-35761	648	27949
11401000	823	-35737	644	27967
11411000	804	-35703	631	27995
11421000	801	-35660	630	28028
11431000	799	-35620	630	28060
11441000	796	-35600	628	28076
11451000	791	-35582	624	28090
11461000	777	-35531	615	28131
11471000	785	-35497	623	28158
11481000	809	-35477	643	28172
11491000	805	-35442	641	28201
11501000	803	-35415	640	28222
11511000	794	-35372	634	28257
11521000	797	-35330	638	28290
11531000	783	-35291	628	28322
11541000	792	-35262	637	28344
11551000	806	-35248	648	28356
11561000	790	-35203	637	28392
11571000	775	-35176	626	28414
11581000	786	-35163	636	28424
11591000	801	-35143	648	28440
11601000	797	-35119	646	28460
11611000	788	-35079	640	28492
11621000	786	-35040	640	28525
11631000	803	-35006	655	28551
11641000	790	-34987	645	28568
11651000	784	-34967	641	28584
11661000	763	-34915	625	28628
11671000	763	-34887	627	28651
11681000	771	-34856	634	28675
11691000	770	-34813	635	28711
11701000	764	-34798	631	28723
11711000	770	-34761	637	28754
11721000	775	-34716	643	28790
11731000	769	-34678	639	28822
11741000	771	-34656	642	28840
11751000	777	-34639	647	28855
11761000	768	-34591	641	28895
11771000	761	-34561	637	28920
11781000	759	-34549	636	28930
11791000	767	-34518	643	28956
11801000	781	-34491	656	28978
11811000	778	-34460	654	29004
11821000	759	-34429	640	29032
11831000	748	-34386	632	29068
11841000	757	-34361	641	29089
11851000	768	-34341	651	29105
11861000	774	-34292	658	29146
11871000	785	-34245	669	29186
11881000	792	-34233	676	29196
11891000	785	-34221	670	29207
11901000	764	-34198	653	29227
11911000	762	-34182	652	29241
11921000	761	-34142	653	29275
11931000	753	-34109	647	29303
11941000	763	-34075	656	29332
11951000	778	-34063	670	29342
11961000	772	-34029	667	29371
11971000	759	-33989	657	29406
11981000	753	-33981	652	29414
11991000	757	-33939	657	29450
12001000	761	-33919	661	29467
12011000	781	-33892	679	29489
12021000	763	-33848	665	29529
12031000	768	-33823	671	29551
12041000	762	-33790	667	29580
12051000	759	-33777	665	29591
12061000	748	-33739	657	29624
12071000	743	-33697	654	29662
12081000	737	-33674	650	29682
12091000	717	-33642	633	29711
12101000	737	-33616	652	29733
12111000	759	-33589	672	29756
12121000	758	-33551	673	29790
12131000	758	-33525	674	29813
12141000	753	-33503	671	29833
12151000	745	-33492	664	29843
12161000	749	-33483	667	29851
12171000	737	-33430	659	29899
12181000	747	-33413	668	29914
12191000	768	-33395	688	29929
12201000	766	-33367	688	29954
12211000	771	-33331	694	29986
12221000	778	-33283	702	30029
12231000	772	-33250	698	30059
12241000	757	-33226	686	30081
12251000	743	-33215	673	30092
12261000	754	-33200	684	30105
12271000	765	-33139	696	30160
12281000	765	-33116	697	30181
12291000	756	-33105	690	30191
12301000	739	-33076	675	30219
12311000	727	-33054	665	30239
12321000	735	-33018	674	30271
12331000	728	-32982	669	30304
12341000	730	-32937	672	30346
12351000	739	-32911	682	30370
12361000	728	-32895	673	30385
12371000	730	-32886	675	30393
12381000	717	-32840	664	30437
12391000	736	-32834	682	30441
12401000	744	-32817	690	30457
12411000	739	-32789	687	30483
12421000	740	-32765	689	30504
12431000	750	-32722	700	30545
12441000	741	-32697	693	30568
12451000	729	-32675	682	30590
12461000	719	-32662	674	30602
12471000	719	-32639	675	30624
12481000	717	-32588	675	30672
12491000	715	-32560	674	30698
12501000	714	-32531	675	30725
12511000	724	-32500	685	30754
12521000	722	-32486	684	30767
12531000	712	-32453	676	30799
12541000	707	-32416	673	30834
12551000	713	-32386	679	30862
12561000	722	-32360	689	30887
12571000	729	-32358	696	30889
12581000	720	-32337	688	30909
12591000	734	-32294	703	30950
12601000	727	-32276	697	30967
12611000	717	-32253	689	30990
12621000	711	-32224	685	31018
12631000	702	-32213	676	31029
12641000	697	-32166	673	31074
12651000	691	-32135	669	31104
12661000	697	-32107	676	31131
12671000	710	-32078	690	31159
12681000	718	-32066	698	31170
12691000	710	-32012	692	31223
12701000	719	-31994	702	31240
12711000	719	-31977	703	31257
12721000	722	-31942	707	31290
12731000	699	-31936	685	31298
12741000	694	-31905	682	31328
12751000	704	-31875	692	31357
12761000	705	-31844	694	31388
12771000	711	-31825	701	31406
12781000	706	-31810	697	31421
12791000	713	-31793	705	31437
12801000	704	-31744	698	31486
12811000	708	-31731	703	31499
12821000	710	-31711	706	31519
12831000	714	-31680	711	31550
12841000	726	-31666	724	31563
12851000	713	-31635	712	31595
12861000	706	-31596	707	31634
12871000	711	-31574	712	31656
12881000	721	-31546	724	31683
12891000	711	-31535	714	31695
12901000	697	-31503	702	31727
12911000	692	-31462	699	31769
12921000	711	-31442	719	31788
12931000	700	-31426	708	31805
12941000	701	-31425	709	31806
12951000	699	-31411	708	31820
12961000	685	-31373	696	31859
12971000	684	-31340	696	31892
12981000	684	-31301	698	31933
12991000	697	-31281	711	31952
13001000	705	-31264	720	31969
13011000	698	-31214	716	32021
13021000	697	-31199	715	32036
13031000	695	-31191	714	32044
13041000	692	-31162	712	32075
13051000	703	-31145	724	32092
13061000	690	-31129	711	32109
13071000	664	-31090	686	32150
13081000	674	-31058	698	32183
13091000	685	-31029	711	32212
13101000	697	-31029	724	32212
13111000	695	-31005	723	32236
13121000	683	-30964	712	32280
13131000	689	-30941	720	32304
13141000	692	-30928	723	32317
13151000	690	-30911	721	32335
13161000	701	-30891	734	32355
13171000	713	-30863	748	32384
13181000	706	-30829	742	32420
13191000	703	-30793	741	32458
13201000	699	-30765	738	32488
13211000	701	-30753	741	32501
13221000	701	-30725	742	32530
13231000	676	-30689	717	32569
13241000	676	-30676	718	32583
13251000	686	-30668	729	32591
13261000	697	-30660	741	32599
13271000	686	-30639	730	32622
13281000	674	-30614	719	32649
13291000	660	-30570	706	32696
13301000	658	-30549	705	32719
13311000	658	-30523	706	32746
13321000	670	-30512	720	32759
13331000	671	-30485	722	32787
13341000	672	-30437	725	32838
13351000	674	-30421	728	32856
13361000	673	-30394	728	32885
13371000	681	-30365	738	32916
13381000	684	-30350	742	32932
13391000	676	-30330	734	32954
13401000	666	-30301	725	32986
13411000	672	-30275	732	33014
13421000	674	-30255	736	33036
13431000	674	-30250	736	33041
13441000	668	-30230	731	33064
13451000	655	-30188	718	33110
13461000	663	-30179	728	33120
13471000	674	-30167	741	33132
13481000	659	-30153	725	33148
13491000	666	-30125	734	33178
13501000	675	-30093	745	33213
13511000	655	-30058	725	33253
13521000	653	-30030	723	33284
13531000	667	-30005	741	33312
13541000	665	-29991	739	33327
13551000	678	-29979	754	33340
13561000	667	-29949	743	33374
13571000	676	-29925	755	33400
13581000	692	-29908	773	33417
13591000	683	-29887	764	33442
13601000	661	-29873	740	33458
13611000	660	-29857	740	33477
13621000	652	-29821	733	33517
13631000	663	-29795	746	33546
13641000	653	-29765	736	33580
13651000	663	-29753	749	33593
13661000	671	-29729	758	33620
13671000	661	-29684	749	33672
13681000	640	-29666	727	33693
13691000	650	-29654	738	33706
13701000	652	-29633	742	33730
13711000	659	-29613	751	33752
13721000	663	-29603	756	33763
13731000	660	-29571	755	33800
13741000	679	-29541	777	33833
13751000	688	-29520	789	33857
13761000	685	-29503	787	33876
13771000	667	-29507	765	33873
13781000	650	-29468	748	33919
13791000	642	-29425	741	33968
13801000	647	-29410	748	33986
13811000	639	-29393	739	34005
13821000	643	-29365	746	34038
13831000	660	-29352	765	34052
13841000	664	-29347	771	34057
13851000	654	-29314	761	34097
13861000	636	-29287	741	34128
13871000	635	-29257	741	34163
13881000	644	-29241	752	34182
13891000	634	-29226	742	34200
13901000	627	-29193	736	34239
13911000	632	-29159	743	34278
13921000	643	-29143	757	34296
13931000	641	-29121	755	34323
13941000	638	-29106	753	34340
13951000	646	-29096	763	34353
13961000	637	-29054	755	34402
13971000	651	-29049	772	34408
13981000	650	-29031	771	34428
13991000	659	-29014	783	34448
14001000	668	-28997	794	34468
14011000	668	-28966	796	34505
14021000	648	-28946	773	34530
14031000	646	-28928	771	34552
14041000	652	-28906	780	34578
14051000	645	-28886	773	34602
14061000	635	-28873	762	34617
14071000	620	-28848	745	34648
14081000	625	-28812	752	34692
14091000	631	-28787	762	34721
14101000	643	-28764	776	34748
14111000	635	-28768	767	34744
14121000	645	-28755	779	34759
14131000	638	-28716	774	34806
14141000	645	-28686	783	34843
14151000	648	-28669	788	34864
14161000	657	-28653	800	34881
14171000	667	-28622	814	34919
14181000	671	-28614	819	34929
14191000	652	-28579	798	34973
14201000	649	-28551	796	35007
14211000	651	-28531	799	35032
14221000	629	-28510	773	35058
14231000	630	-28513	775	35055
14241000	628	-28506	773	35063
14251000	624	-28464	770	35116
14261000	640	-28437	791	35148
14271000	648	-28425	801	35162
14281000	636	-28399	788	35195
14291000	636	-28391	788	35205
14301000	639	-28386	792	35211
14311000	642	-28343	799	35264
14321000	637	-28312	794	35302
14331000	638	-28286	797	35336
14341000	652	-28263	816	35363
14351000	658	-28258	824	35369
14361000	649	-28255	813	35373
14371000	639	-28221	802	35416
14381000	637	-28199	800	35445
14391000	649	-28174	817	35475
14401000	637	-28153	803	35503
14411000	637	-28130	804	35531
14421000	652	-28114	824	35550
14431000	643	-28072	816	35604
14441000	636	-28067	807	35611
14451000	624	-28042	793	35643
14461000	624	-28028	794	35661
14471000	631	-28025	803	35664
14481000	640	-28006	815	35688
14491000	625	-27968	798	35737
14501000	625	-27969	798	35737
14511000	641	-27948	820	35762
14521000	648	-27926	831	35789
14531000	648	-27908	832	35812
14541000	646	-27896	829	35828
14551000	634	-27861	816	35874
14561000	635	-27833	820	35910
14571000	621	-27806	802	35945
14581000	608	-27789	787	35968
14591000	621	-27785	804	35972
14601000	645	-27766	836	35996
14611000	644	-27737	837	36034
14621000	638	-27721	829	36055
14631000	640	-27709	833	36070
14641000	632	-27682	824	36105
14651000	634	-27673	828	36117
14661000	650	-27660	849	36134
14671000	638	-27637	835	36164
14681000	635	-27604	833	36208
14691000	628	-27580	825	36239
14701000	629	-27559	828	36267
14711000	628	-27549	827	36280
14721000	630	-27546	830	36284
14731000	622	-27512	821	36330
14741000	625	-27491	826	36357
14751000	625	-27476	827	36376
14761000	614	-27461	813	36397
14771000	626	-27436	831	36430
14781000	634	-27423	843	36446
14791000	642	-27403	854	36473
14801000	635	-27369	848	36518
14811000	631	-27351	843	36542
14821000	617	-27326	826	36577
14831000	620	-27318	831	36587
14841000	636	-27311	852	36595
14851000	638	-27290	856	36624
14861000	629	-27256	846	36670
14871000	634	-27243	854	36686
14881000	645	-27223	870	36713
14891000	634	-27201	856	36743
14901000	635	-27189	858	36759
14911000	649	-27179	879	36772
14921000	642	-27152	871	36809
14931000	637	-27128	865	36841
14941000	629	-27103	856	36877
14951000	629	-27088	857	36896
14961000	627	-27083	855	36903
14971000	651	-27070	888	36920
14981000	647	-27029	885	36976
14991000	637	-27017	872	36993
15001000	637	-27004	873	37011
15011000	630	-27002	863	37015
15021000	623	-26976	856	37050
15031000	624	-26966	858	37063
15041000	627	-26944	863	37093
15051000	617	-26909	852	37143
15061000	624	-26883	863	37179
15071000	622	-26872	861	37193
15081000	626	-26860	867	37210
15091000	624	-26858	865	37213
15101000	628	-26842	871	37235
15111000	601	-26792	837	37306
15121000	607	-26782	845	37319
15131000	608	-26777	847	37326
15141000	604	-26774	842	37331
15151000	609	-26747	851	37368
15161000	617	-26726	863	37397
15171000	616	-26696	864	37439
15181000	613	-26665	861	37482
15191000	621	-26660	874	37488
15201000	617	-26646	868	37509
15211000	621	-26637	874	37522
15221000	624	-26622	881	37542
15231000	633	-26604	893	37567
15241000	624	-26560	884	37630
15251000	627	-26543	890	37653
15261000	634	-26519	901	37687
15271000	633	-26494	901	37722
15281000	628	-26486	895	37734
15291000	633	-26484	901	37737
15301000	633	-26465	903	37764
15311000	638	-26439	912	37802
15321000	618	-26413	886	37839
15331000	619	-26400	887	37857
15341000	620	-26390	890	37872
15351000	632	-26377	908	37890
15361000	617	-26355	888	37923
15371000	612	-26327	882	37964
15381000	616	-26317	889	37978
15391000	610	-26314	881	37982
15401000	613	-26313	885	37984
15411000	617	-26285	893	38023
15421000	628	-26280	909	38030
15431000	623	-26233	904	38099
15441000	638	-26206	928	38137
15451000	633	-26186	923	38167
15461000	631	-26167	921	38194
15471000	628	-26163	917	38200
15481000	625	-26147	913	38223
15491000	624	-26106	915	38284
15501000	615	-26085	904	38315
15511000	627	-26084	921	38315
15521000	635	-26091	933	38305
15531000	626	-26070	921	38337
15541000	623	-26052	917	38363
15551000	633	-26031	933	38393
15561000	635	-26002	938	38436
15571000	635	-25987	940	38458
15581000	633	-25962	939	38496
15591000	624	-25939	926	38530
15601000	617	-25926	917	38549
15611000	631	-25919	938	38559
15621000	627	-25907	933	38577
15631000	624	-25867	932	38637
15641000	625	-25860	934	38647
15651000	630	-25844	942	38670
15661000	630	-25825	944	38699
15671000	639	-25812	959	38717
15681000	645	-25806	968	38726
15691000	625	-25771	940	38780
15701000	624	-25749	940	38814
15711000	624	-25735	941	38834
15721000	628	-25717	949	38862
15731000	649	-25728	979	38843
15741000	641	-25701	969	38885
15751000	635	-25690	962	38902
15761000	619	-25651	941	38962
15771000	635	-25625	966	39000
15781000	633	-25612	964	39020
15791000	637	-25586	972	39059
15801000	627	-25573	958	39080
15811000	628	-25565	960	39092
15821000	624	-25552	955	39113
15831000	622	-25535	953	39138
15841000	629	-25511	966	39175
15851000	624	-25495	959	39201
15861000	622	-25486	957	39213
15871000	631	-25476	972	39228
15881000	639	-25465	985	39245
15891000	645	-25438	996	39286
15901000	627	-25410	971	39331
15911000	633	-25396	980	39352
15921000	637	-25394	987	39355
15931000	629	-25393	976	39357
15941000	622	-25393	963	39357
15951000	635	-25368	985	39394
15961000	632	-25347	983	39428
15971000	621	-25307	970	39490
15981000	612	-25292	956	39515
15991000	610	-25275	954	39542
16001000	613	-25262	961	39562
16011000	629	-25248	986	39582
16021000	616	-25220	968	39628
16031000	610	-25193	961	39671
16041000	623	-25181	982	39688
16051000	626	-25182	987	39686
16061000	622	-25171	982	39704
16071000	625	-25155	986	39729
16081000	633	-25154	1000	39731
16091000	635	-25142	1004	39749
16101000	621	-25098	986	39820
16111000	624	-25071	992	39863
16121000	619	-25044	986	39905
16131000	617	-25038	984	39915
16141000	636	-25033	1014	39922
16151000	645	-25028	1029	39929
16161000	631	-25003	1009	39969
16171000	624	-24972	1000	40020
16181000	624	-24963	1001	40034
16191000	630	-24945	1011	40062
16201000	625	-24938	1004	40074
16211000	623	-24920	1002	40104
16221000	622	-24911	1002	40117
16231000	615	-24889	991	40154
16241000	612	-24866	988	40192
16251000	613	-24861	991	40199
16261000	618	-24841	1001	40230
16271000	631	-24823	1024	40259
16281000	632	-24821	1025	40262
16291000	634	-24808	1030	40283
16301000	626	-24772	1019	40343
16311000	614	-24746	1002	40386
16321000	613	-24740	1002	40396
16331000	604	-24717	988	40433
16341000	606	-24708	993	40448
16351000	625	-24703	1023	40455
16361000	630	-24699	1032	40461
16371000	632	-24677	1038	40497
16381000	620	-24652	1019	40539
16391000	624	-24627	1029	40579
16401000	630	-24605	1041	40616
16411000	629	-24583	1041	40652
16421000	631	-24588	1044	40643
16431000	636	-24572	1053	40670
16441000	625	-24552	1036	40704
16451000	627	-24535	1040	40732
16461000	629	-24518	1046	40760
16471000	629	-24514	1046	40766
16481000	630	-24498	1049	40793
16491000	635	-24488	1059	40809
16501000	639	-24480	1065	40821
16511000	622	-24454	1040	40867
16521000	609	-24427	1020	40913
16531000	616	-24420	1033	40924
16541000	617	-24409	1035	40942
16551000	626	-24388	1052	40977
16561000	629	-24384	1056	40983
16571000	628	-24356	1058	41030
16581000	633	-24342	1068	41054
16591000	618	-24308	1045	41113
16601000	643	-24294	1088	41133
16611000	631	-24289	1069	41144
16621000	635	-24273	1077	41171
16631000	644	-24241	1095	41224
16641000	644	-24238	1096	41228
16651000	637	-24237	1083	41231
16661000	643	-24222	1096	41256
16671000	642	-24188	1097	41314
16681000	630	-24176	1077	41335
16691000	631	-24155	1081	41370
16701000	635	-24147	1089	41384
16711000	640	-24133	1098	41408
16721000	640	-24113	1099	41442
16731000	633	-24093	1090	41478
16741000	659	-24087	1134	41486
16751000	651	-24070	1123	41516
16761000	650	-24038	1125	41570
16771000	647	-24042	1119	41564
