f/Hz	Re{Y}/µS	Im{Y}/µS	Re{Z}/mOhm	Im{Z}/mOhm
1000	2424392	-275598	407	46
11000	1218783	-1116289	446	409
21000	559437	-978642	440	770
31000	292315	-758437	442	1148
41000	180812	-607418	450	1512
51000	124979	-503309	465	1871
61000	85043	-428603	445	2245
71000	64515	-373688	449	2599
81000	49821	-327990	453	2980
91000	40777	-293546	464	3342
101000	33370	-266137	464	3699
111000	27640	-242622	464	4069
121000	23245	-222854	463	4439
131000	20194	-206220	470	4803
141000	17463	-192014	470	5165
151000	15121	-179613	465	5528
161000	13457	-168511	471	5897
171000	11992	-158834	473	6260
181000	10647	-149924	471	6637
191000	9581	-142290	471	6996
201000	8907	-135198	485	7365
211000	8040	-128866	482	7730
221000	7495	-123009	493	8099
231000	6807	-117750	489	8464
241000	6414	-112989	501	8822
251000	5942	-108535	503	9186
261000	5399	-104424	494	9551
271000	5080	-100588	501	9916
281000	4742	-97004	503	10284
291000	4457	-93642	507	10655
301000	4180	-90531	509	11022
311000	3988	-87732	517	11375
321000	3745	-84944	518	11750
331000	3566	-82356	525	12120
341000	3412	-79984	532	12480
351000	3194	-77770	527	12837
361000	3035	-75618	530	13203
371000	2929	-73574	540	13570
381000	2788	-71657	542	13934
391000	2624	-69804	538	14306
401000	2531	-68122	545	14659
411000	2440	-66439	552	15031
421000	2332	-64859	554	15398
431000	2253	-63354	561	15764
441000	2139	-61987	556	16113
451000	2069	-60603	563	16482
461000	2014	-59300	572	16844
471000	1921	-58026	570	17215
481000	1836	-56800	568	17587
491000	1797	-55672	579	17944
501000	1733	-54583	581	18302
511000	1669	-53519	582	18667
521000	1633	-52485	592	19035
531000	1582	-51504	596	19398
541000	1531	-50566	598	19758
551000	1474	-49659	597	20120
561000	1409	-48753	592	20494
571000	1400	-47909	610	20855
581000	1350	-47090	608	21218
591000	1306	-46272	609	21594
601000	1277	-45525	616	21949
611000	1233	-44804	614	22302
621000	1193	-44046	614	22687
631000	1195	-43366	635	23042
641000	1142	-42705	626	23399
651000	1100	-42033	622	23774
661000	1087	-41406	634	24135
671000	1070	-40795	643	24496
681000	1043	-40194	645	24863
691000	1032	-39612	657	25228
701000	997	-39070	653	25578
711000	954	-38521	643	25944
721000	928	-37999	643	26301
731000	938	-37476	668	26667
741000	913	-36980	668	27025
751000	892	-36472	670	27402
761000	875	-36011	675	27753
771000	853	-35524	676	28134
781000	837	-35075	680	28494
791000	812	-34616	677	28872
801000	813	-34196	695	29227
811000	794	-33785	696	29583
821000	777	-33385	697	29938
831000	768	-32966	706	30318
841000	731	-32592	688	30667
851000	733	-32200	707	31040
861000	707	-31842	697	31389
871000	723	-31462	730	31767
881000	693	-31117	715	32121
891000	688	-30761	727	32492
901000	660	-30442	711	32834
911000	662	-30114	729	33191
921000	643	-29749	726	33599
931000	626	-29456	721	33934
941000	641	-29146	755	34294
951000	611	-28832	734	34668
961000	604	-28524	742	35042
971000	599	-28251	750	35381
981000	597	-27953	763	35758
991000	573	-27684	747	36106
1001000	572	-27391	763	36493
1011000	557	-27136	756	36836
1021000	542	-26861	750	37213
1031000	535	-26606	755	37570
1041000	546	-26343	786	37944
1051000	535	-26101	785	38297
1061000	527	-25856	787	38660
1071000	507	-25611	773	39031
1081000	510	-25385	791	39377
1091000	497	-25134	787	39772
1101000	490	-24926	788	40103
1111000	482	-24683	790	40499
1121000	481	-24479	802	40836
1131000	478	-24255	812	41212
1141000	482	-24043	834	41576
1151000	466	-23830	821	41947
1161000	452	-23637	810	42291
1171000	448	-23430	816	42665
1181000	449	-23223	832	43045
1191000	447	-23037	842	43391
1201000	427	-22838	818	43772
1211000	422	-22645	822	44145
1221000	430	-22469	851	44489
1231000	417	-22290	840	44848
1241000	409	-22110	836	45214
1251000	408	-21936	847	45571
1261000	403	-21755	852	45950
1271000	408	-21589	874	46304
1281000	389	-21423	847	46664
1291000	388	-21259	857	47024
1301000	387	-21092	870	47395
1311000	383	-20921	874	47783
1321000	379	-20771	879	48129
1331000	364	-20607	858	48513
1341000	369	-20464	880	48851
1351000	370	-20309	896	49224
1361000	353	-20154	870	49603
1371000	361	-20019	901	49937
1381000	346	-19862	878	50331
1391000	365	-19719	939	50695
1401000	349	-19588	909	51036
1411000	346	-19438	915	51430
1421000	337	-19302	903	51791
1431000	338	-19175	920	52134
1441000	343	-19036	947	52516
1451000	336	-18911	938	52863
1461000	322	-18779	912	53235
1471000	326	-18653	936	53593
1481000	319	-18538	927	53929
1491000	312	-18400	922	54332
1501000	315	-18280	943	54688
1511000	311	-18149	943	55082
1521000	310	-18030	954	55445
1531000	315	-17916	982	55800
1541000	305	-17800	963	56163
1551000	297	-17691	950	56510
1561000	292	-17571	945	56897
1571000	299	-17461	981	57253
1581000	294	-17344	977	57641
1591000	288	-17241	967	57985
1601000	281	-17137	958	58336
1611000	283	-17030	976	58705
1621000	282	-16914	985	59105
1631000	276	-16817	977	59447
1641000	275	-16716	986	59808
1651000	268	-16617	971	60164
1661000	267	-16515	977	60536
1671000	273	-16409	1013	60925
1681000	270	-16313	1015	61284
1691000	269	-16211	1022	61670
1701000	263	-16125	1013	61998
1711000	261	-16026	1017	62382
1721000	262	-15937	1032	62731
1731000	268	-15837	1067	63124
1741000	262	-15746	1057	63492
1751000	249	-15649	1017	63884
1761000	242	-15567	999	64222
1771000	246	-15477	1026	64595
1781000	247	-15383	1044	64992
1791000	246	-15304	1051	65327
1801000	245	-15222	1059	65677
1811000	242	-15136	1058	66053
1821000	244	-15045	1079	66448
1831000	242	-14965	1079	66806
1841000	236	-14886	1063	67162
1851000	237	-14815	1080	67484
1861000	232	-14734	1069	67852
1871000	234	-14644	1090	68269
1881000	226	-14568	1063	68629
1891000	222	-14490	1059	68999
1901000	218	-14421	1048	69328
1911000	216	-14341	1048	69715
1921000	217	-14266	1064	70080
1931000	215	-14186	1066	70474
1941000	222	-14119	1115	70808
1951000	214	-14043	1083	71193
1961000	217	-13967	1112	71580
1971000	212	-13894	1097	71958
1981000	217	-13826	1136	72309
1991000	209	-13752	1105	72698
2001000	205	-13682	1094	73074
2011000	204	-13613	1102	73441
2021000	207	-13554	1129	73764
2031000	199	-13486	1095	74135
2041000	198	-13415	1099	74525
2051000	199	-13362	1115	74823
2061000	194	-13279	1100	75289
2071000	196	-13226	1118	75593
2081000	198	-13167	1142	75932
2091000	193	-13099	1124	76323
2101000	192	-13033	1130	76709
2111000	190	-12977	1128	77042
2121000	187	-12910	1121	77445
2131000	190	-12853	1147	77784
2141000	190	-12796	1159	78134
2151000	185	-12731	1142	78530
2161000	184	-12664	1146	78948
2171000	180	-12615	1129	79253
2181000	180	-12547	1141	79682
2191000	177	-12484	1134	80085
2201000	182	-12436	1177	80393
2211000	180	-12376	1175	80783
2221000	179	-12325	1180	81119
2231000	183	-12259	1215	81556
2241000	186	-12204	1246	81923
2251000	180	-12153	1221	82263
2261000	184	-12097	1260	82643
2271000	181	-12048	1248	82980
2281000	177	-11989	1232	83394
2291000	175	-11930	1227	83807
2301000	173	-11887	1223	84111
2311000	173	-11834	1232	84486
2321000	175	-11785	1259	84837
2331000	170	-11735	1234	85199
2341000	172	-11691	1260	85517
2351000	161	-11630	1192	85968
2361000	160	-11579	1196	86348
2371000	153	-11528	1149	86734
2381000	155	-11484	1173	87064
2391000	160	-11429	1224	87476
2401000	156	-11382	1202	87844
2411000	163	-11336	1268	88199
2421000	158	-11289	1243	88564
2431000	165	-11244	1302	88918
2441000	156	-11194	1242	89313
2451000	159	-11151	1282	89660
2461000	153	-11100	1244	90070
2471000	157	-11055	1286	90437
2481000	157	-11007	1295	90831
2491000	160	-10967	1327	91163
2501000	163	-10920	1364	91555
2511000	163	-10878	1374	91908
2521000	154	-10829	1313	92329
2531000	151	-10788	1295	92675
2541000	152	-10742	1315	93076
2551000	148	-10704	1292	93407
2561000	147	-10656	1297	93824
2571000	148	-10622	1311	94124
2581000	149	-10574	1331	94556
2591000	143	-10526	1295	94981
2601000	138	-10484	1252	95364
2611000	139	-10455	1272	95633
2621000	141	-10413	1301	96015
2631000	136	-10367	1267	96442
2641000	140	-10334	1311	96748
2651000	139	-10293	1315	97138
2661000	148	-10256	1406	97481
2671000	145	-10207	1394	97950
2681000	140	-10171	1355	98296
2691000	137	-10127	1337	98731
2701000	136	-10093	1332	99059
2711000	141	-10061	1388	99371
2721000	131	-10016	1303	99822
2731000	134	-9982	1347	100163
2741000	132	-9942	1338	100561
2751000	137	-9908	1397	100912
2761000	131	-9875	1344	101250
2771000	125	-9837	1296	101644
2781000	135	-9803	1403	101991
2791000	133	-9762	1396	102419
2801000	138	-9726	1454	102794
2811000	130	-9694	1380	103143
2821000	123	-9653	1321	103575
2831000	126	-9633	1353	103789
2841000	119	-9591	1290	104254
2851000	117	-9555	1284	104637
2861000	119	-9519	1316	105040
2871000	124	-9482	1380	105444
2881000	124	-9457	1385	105723
2891000	116	-9414	1305	106212
2901000	118	-9386	1341	106530
2911000	119	-9359	1360	106836
2921000	124	-9317	1424	107317
2931000	120	-9283	1393	107706
2941000	120	-9249	1398	108103
2951000	120	-9222	1407	108412
2961000	120	-9193	1416	108759
2971000	116	-9161	1382	109137
2981000	109	-9127	1310	109553
2991000	115	-9103	1392	109837
3001000	114	-9063	1386	110320
3011000	118	-9033	1448	110691
3021000	115	-9010	1422	110973
3031000	115	-8975	1424	111402
3041000	114	-8938	1430	111869
3051000	122	-8910	1538	112216
3061000	120	-8878	1526	112614
3071000	115	-8854	1460	112924
3081000	113	-8826	1450	113279
3091000	107	-8798	1385	113649
3101000	106	-8768	1375	114030
3111000	106	-8735	1389	114468
3121000	107	-8701	1415	114908
3131000	103	-8674	1365	115276
3141000	107	-8654	1426	115530
3151000	99	-8623	1337	115958
3161000	108	-8589	1467	116410
3171000	111	-8566	1519	116725
3181000	112	-8529	1536	117223
3191000	106	-8503	1466	117594
3201000	109	-8483	1517	117862
3211000	105	-8455	1473	118262
3221000	105	-8426	1475	118663
3231000	109	-8405	1549	118957
3241000	101	-8367	1441	119500
3251000	105	-8349	1505	119761
3261000	105	-8321	1509	120164
3271000	101	-8296	1460	120525
3281000	102	-8263	1500	120998
3291000	107	-8236	1575	121396
3301000	108	-8216	1602	121696
3311000	98	-8187	1467	122125
3321000	99	-8161	1480	122513
3331000	99	-8144	1494	122768
3341000	97	-8116	1476	123198
3351000	97	-8089	1485	123603
3361000	100	-8064	1533	123996
3371000	97	-8042	1495	124336
3381000	93	-8013	1452	124777
3391000	91	-7990	1430	125140
3401000	100	-7969	1570	125459
3411000	101	-7937	1597	125974
3421000	99	-7911	1585	126384
3431000	99	-7893	1586	126676
3441000	96	-7875	1545	126972
3451000	91	-7843	1472	127485
3461000	99	-7833	1606	127641
3471000	97	-7807	1599	128066
3481000	94	-7777	1547	128560
3491000	95	-7751	1585	129004
3501000	94	-7726	1572	129416
3511000	96	-7710	1612	129679
3521000	94	-7675	1603	130268
3531000	99	-7654	1685	130627
3541000	98	-7635	1688	130946
3551000	100	-7621	1716	131194
3561000	91	-7591	1583	131716
3571000	90	-7564	1568	132189
3581000	92	-7544	1610	132536
3591000	96	-7528	1702	132818
3601000	88	-7498	1562	133352
3611000	87	-7483	1558	133613
3621000	85	-7467	1520	133913
3631000	89	-7445	1612	134296
3641000	89	-7415	1625	134843
3651000	95	-7392	1747	135262
3661000	91	-7372	1674	135636
3671000	93	-7356	1725	135913
3681000	84	-7328	1557	136444
3691000	83	-7309	1551	136797
3701000	83	-7290	1553	137155
3711000	88	-7274	1664	137458
3721000	85	-7252	1614	137883
3731000	82	-7230	1574	138304
3741000	79	-7203	1525	138807
3751000	87	-7187	1676	139120
3761000	90	-7167	1756	139508
3771000	86	-7142	1694	139991
3781000	89	-7133	1741	140177
3791000	86	-7114	1694	140547
3801000	84	-7101	1664	140803
3811000	80	-7079	1593	141239
3821000	78	-7058	1560	141667
3831000	84	-7036	1695	142116
3841000	82	-7017	1666	142494
3851000	80	-6998	1634	142889
3861000	72	-6974	1476	143373
3871000	76	-6956	1573	143736
3881000	80	-6936	1660	144158
3891000	89	-6921	1852	144470
3901000	85	-6903	1789	144836
3911000	82	-6881	1741	145304
3921000	74	-6859	1571	145772
3931000	73	-6846	1560	146054
3941000	78	-6832	1679	146347
3951000	72	-6809	1555	146847
3961000	80	-6790	1728	147246
3971000	79	-6769	1721	147720
3981000	79	-6752	1738	148089
3991000	79	-6742	1737	148304
4001000	78	-6713	1734	148939
4011000	81	-6698	1808	149266
4021000	78	-6681	1748	149668
4031000	81	-6669	1823	149936
4041000	78	-6656	1768	150230
4051000	69	-6629	1560	150843
4061000	70	-6616	1610	151125
4071000	70	-6594	1619	151633
4081000	71	-6581	1639	151941
4091000	77	-6568	1779	152229
4101000	71	-6545	1659	152766
4111000	70	-6529	1641	153146
4121000	68	-6508	1617	153645
4131000	73	-6491	1731	154043
4141000	84	-6477	2007	154368
4151000	76	-6454	1829	154928
4161000	76	-6440	1841	155257
4171000	79	-6434	1901	155411
4181000	78	-6421	1894	155709
4191000	75	-6401	1837	156213
4201000	75	-6385	1833	156595
4211000	72	-6363	1769	157138
4221000	74	-6348	1848	157521
4231000	69	-6331	1721	157926
4241000	74	-6317	1856	158273
4251000	78	-6302	1971	158652
4261000	74	-6276	1872	159318
4271000	78	-6262	1981	159657
4281000	75	-6252	1931	159933
4291000	78	-6237	1994	160308
4301000	80	-6222	2057	160684
4311000	77	-6210	2005	161008
4321000	72	-6191	1885	161515
4331000	72	-6175	1898	161909
4341000	68	-6154	1797	162476
4351000	68	-6143	1791	162774
4361000	71	-6134	1881	163008
4371000	66	-6118	1755	163444
4381000	62	-6098	1674	163979
4391000	73	-6088	1965	164244
4401000	77	-6071	2076	164701
4411000	74	-6060	2014	164985
4421000	76	-6049	2078	165278
4431000	68	-6031	1864	165793
4441000	62	-6014	1726	166268
4451000	63	-6003	1751	166571
4461000	66	-5985	1844	167060
4471000	67	-5972	1890	167417
4481000	73	-5958	2055	167827
4491000	67	-5944	1882	168208
4501000	62	-5923	1774	168813
4511000	70	-5907	2005	169262
4521000	70	-5891	2028	169731
4531000	70	-5878	2018	170101
4541000	73	-5870	2113	170338
4551000	72	-5859	2105	170649
4561000	66	-5842	1947	171138
4571000	63	-5828	1856	171554
4581000	63	-5806	1875	172205
4591000	65	-5798	1937	172451
4601000	66	-5789	1963	172717
4611000	67	-5781	1998	172949
4621000	59	-5760	1781	173581
4631000	58	-5749	1757	173917
4641000	61	-5736	1861	174318
4651000	63	-5719	1923	174834
4661000	67	-5704	2055	175306
4671000	72	-5696	2234	175546
4681000	74	-5685	2274	175870
4691000	66	-5666	2064	176478
4701000	64	-5656	1993	176787
4711000	63	-5645	1968	177135
4721000	62	-5630	1942	177602
4731000	63	-5620	1998	177919
4741000	66	-5608	2113	178292
4751000	60	-5594	1926	178750
4761000	62	-5574	1983	179382
4771000	59	-5565	1903	179670
4781000	64	-5554	2079	180017
4791000	66	-5541	2150	180442
4801000	65	-5529	2138	180849
4811000	70	-5521	2301	181096
4821000	67	-5507	2208	181566
4831000	59	-5492	1970	182050
4841000	59	-5483	1975	182346
4851000	56	-5465	1871	182951
4861000	54	-5453	1804	183354
4871000	59	-5444	1997	183679
4881000	62	-5433	2100	184022
4891000	62	-5422	2125	184413
4901000	53	-5403	1815	185071
4911000	54	-5395	1869	185340
4921000	59	-5381	2030	185829
4931000	53	-5368	1831	186255
4941000	64	-5355	2229	186729
4951000	65	-5343	2278	187122
4961000	65	-5337	2286	187348
4971000	61	-5326	2142	187717
4981000	57	-5313	2015	188186
4991000	56	-5305	1980	188472
5001000	53	-5292	1895	188936
5011000	53	-5281	1903	189346
5021000	54	-5271	1940	189687
5031000	59	-5261	2133	190069
5041000	59	-5245	2138	190634
5051000	57	-5231	2071	191139
5061000	55	-5216	2025	191707
5071000	61	-5206	2250	192069
5081000	60	-5193	2241	192555
5091000	60	-5177	2232	193120
5101000	61	-5171	2289	193343
5111000	61	-5166	2302	193538
5121000	58	-5161	2183	193742
5131000	52	-5144	1974	194366
5141000	50	-5133	1887	194781
5151000	52	-5123	1982	195197
5161000	49	-5108	1866	195745
5171000	53	-5098	2040	196142
5181000	55	-5085	2124	196642
5191000	59	-5083	2269	196710
5201000	57	-5076	2194	196988
5211000	49	-5056	1933	197753
5221000	51	-5042	2023	198314
5231000	57	-5030	2263	198763
5241000	59	-5016	2347	199336
5251000	59	-5007	2349	199674
5261000	60	-4997	2405	200076
5271000	57	-4993	2286	200253
5281000	62	-4987	2500	200482
5291000	58	-4975	2324	200960
5301000	54	-4963	2183	201452
5311000	53	-4954	2170	201824
5321000	55	-4941	2254	202369
5331000	56	-4930	2288	202821
5341000	57	-4920	2352	203242
5351000	56	-4911	2328	203599
5361000	59	-4907	2450	203753
5371000	57	-4895	2374	204266
5381000	54	-4876	2282	205059
5391000	56	-4862	2359	205640
5401000	58	-4855	2440	205944
5411000	58	-4848	2480	206238
5421000	58	-4843	2480	206468
5431000	55	-4831	2363	206967
5441000	53	-4824	2275	207287
5451000	56	-4814	2418	207696
5461000	55	-4808	2390	207956
5471000	53	-4793	2318	208601
5481000	51	-4783	2249	209051
5491000	51	-4775	2251	209408
5501000	46	-4761	2047	209998
5511000	46	-4751	2058	210455
5521000	48	-4743	2124	210835
5531000	53	-4733	2345	211269
5541000	58	-4725	2619	211612
5551000	61	-4717	2730	211985
5561000	52	-4704	2349	212565
5571000	49	-4690	2210	213204
5581000	52	-4684	2373	213444
5591000	53	-4680	2403	213638
5601000	50	-4673	2276	213990
5611000	51	-4666	2347	214297
5621000	52	-4656	2416	214727
5631000	52	-4644	2424	215307
5641000	53	-4638	2464	215570
5651000	56	-4627	2599	216084
5661000	54	-4614	2518	216718
5671000	50	-4601	2357	217332
5681000	51	-4594	2419	217655
5691000	53	-4583	2529	218149
5701000	54	-4570	2596	218798
5711000	57	-4558	2768	219377
5721000	57	-4552	2758	219651
5731000	58	-4548	2817	219828
5741000	58	-4540	2800	220251
5751000	54	-4534	2617	220514
5761000	47	-4520	2277	221240
5771000	48	-4507	2347	221832
5781000	47	-4501	2334	222144
5791000	49	-4494	2445	222516
5801000	50	-4482	2490	223078
5811000	48	-4475	2379	223461
5821000	45	-4467	2236	223858
5831000	45	-4461	2279	224139
5841000	48	-4460	2433	224211
5851000	50	-4446	2540	224878
5861000	48	-4440	2460	225212
5871000	48	-4422	2457	226094
5881000	53	-4415	2707	226451
5891000	52	-4404	2661	227020
5901000	49	-4393	2545	227629
5911000	46	-4386	2400	227981
5921000	47	-4379	2425	228358
5931000	51	-4375	2667	228557
5941000	52	-4371	2705	228738
5951000	50	-4365	2599	229090
5961000	49	-4354	2569	229658
5971000	41	-4340	2194	230369
5981000	45	-4329	2374	230971
5991000	46	-4324	2482	231251
6001000	51	-4320	2714	231470
6011000	54	-4312	2879	231901
6021000	54	-4305	2897	232272
6031000	56	-4290	3048	233082
6041000	57	-4280	3093	233591
6051000	59	-4272	3230	234012
6061000	61	-4271	3345	234064
6071000	59	-4263	3269	234534
6081000	57	-4256	3151	234916
6091000	48	-4248	2651	235369
6101000	49	-4240	2751	235827
6111000	49	-4232	2763	236286
6121000	47	-4221	2644	236897
6131000	47	-4210	2644	237521
6141000	48	-4204	2728	237863
6151000	50	-4198	2813	238179
6161000	53	-4193	3033	238434
6171000	51	-4189	2920	238696
6181000	48	-4181	2751	239118
6191000	41	-4171	2378	239750
6201000	41	-4160	2353	240382
6211000	43	-4150	2509	240949
6221000	48	-4142	2813	241386
6231000	51	-4136	2955	241734
6241000	52	-4129	3022	242160
6251000	51	-4122	3011	242573
6261000	49	-4113	2910	243099
6271000	47	-4106	2797	243506
6281000	46	-4102	2729	243748
6291000	48	-4100	2880	243855
6301000	48	-4094	2867	244247
6311000	45	-4086	2690	244710
6321000	44	-4075	2639	245397
6331000	44	-4063	2668	246116
6341000	43	-4052	2638	246769
6351000	43	-4046	2602	247150
6361000	41	-4038	2522	247615
6371000	39	-4031	2427	248073
6381000	40	-4022	2481	248614
6391000	46	-4016	2878	248966
6401000	48	-4009	2979	249401
6411000	54	-4000	3345	249945
6421000	52	-3998	3272	250101
6431000	49	-3989	3079	250674
6441000	42	-3979	2662	251263
6451000	39	-3974	2444	251624
6461000	41	-3970	2571	251892
6471000	41	-3966	2600	252120
6481000	39	-3958	2469	252609
6491000	37	-3946	2381	253390
6501000	40	-3936	2567	254007
6511000	42	-3933	2725	254256
6521000	43	-3927	2800	254606
6531000	45	-3921	2934	254982
6541000	45	-3919	2934	255165
6551000	45	-3913	2941	255509
6561000	46	-3902	3018	256220
6571000	42	-3890	2746	257029
6581000	42	-3883	2778	257524
6591000	47	-3873	3122	258178
6601000	51	-3865	3406	258665
6611000	48	-3856	3218	259311
6621000	46	-3852	3113	259601
6631000	44	-3846	2990	259999
6641000	45	-3842	3043	260275
6651000	46	-3837	3112	260590
6661000	44	-3833	3014	260847
6671000	46	-3831	3125	260987
6681000	49	-3825	3338	261429
6691000	47	-3816	3193	262007
6701000	42	-3803	2922	262893
6711000	42	-3791	2942	263746
6721000	42	-3784	2937	264227
6731000	43	-3781	2991	264470
6741000	42	-3776	2950	264780
6751000	44	-3770	3067	265234
6761000	41	-3761	2875	265834
6771000	44	-3750	3156	266659
6781000	44	-3742	3160	267202
6791000	47	-3736	3395	267655
6801000	49	-3734	3478	267754
6811000	48	-3730	3485	268060
6821000	49	-3723	3563	268576
6831000	49	-3717	3534	269014
6841000	47	-3709	3389	269590
6851000	45	-3702	3268	270119
6861000	44	-3695	3252	270588
6871000	44	-3690	3208	270992
6881000	43	-3679	3213	271775
6891000	43	-3675	3211	272068
6901000	39	-3666	2910	272728
6911000	40	-3661	2986	273089
6921000	39	-3656	2895	273457
6931000	39	-3654	2956	273673
6941000	41	-3650	3046	273918
6951000	41	-3647	3099	274154
6961000	42	-3642	3158	274562
6971000	47	-3630	3582	275431
6981000	42	-3622	3227	276090
6991000	44	-3610	3382	276950
7001000	43	-3602	3347	277567
7011000	43	-3597	3360	277980
7021000	40	-3596	3111	278090
7031000	41	-3591	3213	278431
7041000	41	-3587	3157	278780
7051000	40	-3582	3101	279115
7061000	36	-3579	2800	279403
7071000	35	-3573	2752	279872
7081000	34	-3566	2680	280430
7091000	37	-3561	2948	280795
7101000	39	-3556	3087	281155
7111000	43	-3548	3414	281813
7121000	45	-3544	3545	282130
7131000	43	-3535	3459	282822
7141000	40	-3526	3245	283534
7151000	39	-3518	3151	284209
7161000	40	-3511	3228	284747
7171000	40	-3508	3245	285020
7181000	45	-3500	3674	285678
7191000	46	-3495	3744	286070
7201000	46	-3486	3790	286844
7211000	44	-3480	3618	287335
7221000	45	-3477	3687	287586
7231000	43	-3472	3528	287935
7241000	44	-3470	3683	288102
7251000	43	-3468	3608	288325
7261000	47	-3462	3919	288823
7271000	45	-3452	3749	289656
7281000	47	-3450	3928	289778
7291000	41	-3439	3459	290752
7301000	40	-3429	3432	291596
7311000	36	-3423	3075	292092
7321000	39	-3419	3311	292454
7331000	38	-3416	3232	292669
7341000	39	-3414	3326	292910
7351000	41	-3410	3488	293219
7361000	40	-3407	3430	293462
7371000	39	-3399	3392	294160
7381000	40	-3392	3450	294740
7391000	44	-3385	3805	295391
7401000	46	-3376	4017	296192
7411000	43	-3370	3803	296707
7421000	50	-3363	4439	297254
7431000	49	-3358	4359	297692
7441000	53	-3358	4658	297733
7451000	46	-3350	4113	298468
7461000	43	-3345	3834	298881
7471000	41	-3339	3637	299431
7481000	40	-3333	3607	299945
7491000	39	-3331	3502	300188
7501000	38	-3324	3409	300770
7511000	37	-3320	3379	301128
7521000	38	-3312	3423	301924
7531000	32	-3303	2947	302701
7541000	34	-3299	3092	303083
7551000	36	-3293	3363	303678
7561000	38	-3289	3479	304043
7571000	38	-3285	3530	304328
7581000	40	-3282	3681	304683
7591000	42	-3275	3943	305324
7601000	49	-3269	4555	305837
7611000	49	-3261	4617	306587
7621000	49	-3256	4630	307093
7631000	46	-3245	4339	308076
7641000	44	-3238	4241	308736
7651000	41	-3229	3893	309630
7661000	41	-3230	3970	309536
7671000	42	-3224	4042	310125
7681000	41	-3225	3946	310029
7691000	41	-3221	3931	310381
7701000	42	-3217	4088	310781
7711000	45	-3214	4324	311059
7721000	45	-3207	4359	311747
7731000	43	-3203	4159	312109
7741000	44	-3198	4313	312661
7751000	43	-3192	4267	313218
7761000	45	-3188	4394	313636
7771000	44	-3184	4367	314005
7781000	45	-3185	4441	313914
7791000	42	-3180	4129	314368
7801000	42	-3177	4198	314661
7811000	41	-3171	4056	315331
7821000	35	-3160	3525	316390
7831000	36	-3152	3655	317232
7841000	40	-3143	4057	318114
7851000	42	-3138	4268	318663
7861000	44	-3133	4447	319137
7871000	42	-3128	4302	319644
7881000	42	-3123	4347	320165
7891000	39	-3118	4037	320623
7901000	36	-3116	3717	320921
7911000	36	-3111	3730	321408
7921000	37	-3109	3856	321637
7931000	36	-3106	3772	321870
7941000	38	-3104	3989	322077
7951000	36	-3101	3758	322456
7961000	39	-3096	4056	322940
7971000	37	-3087	3906	323875
7981000	42	-3086	4384	324002
7991000	39	-3076	4110	325042
8001000	36	-3065	3815	326245
8011000	34	-3059	3600	326868
8021000	34	-3055	3594	327278
8031000	34	-3050	3614	327842
8041000	33	-3046	3573	328312
8051000	35	-3041	3813	328835
8061000	35	-3035	3831	329487
8071000	41	-3030	4489	330008
8081000	41	-3022	4437	330900
8091000	40	-3016	4416	331467
8101000	38	-3011	4198	332060
8111000	36	-3008	3983	332454
8121000	37	-3004	4085	332792
8131000	35	-3002	3907	333107
8141000	35	-3002	3848	333115
8151000	36	-2999	3964	333413
8161000	38	-2997	4199	333571
8171000	39	-2993	4356	334003
8181000	41	-2988	4582	334580
8191000	38	-2978	4306	335689
8201000	36	-2973	4022	336309
8211000	36	-2966	4100	337079
8221000	35	-2960	4015	337746
8231000	35	-2955	3975	338413
8241000	35	-2953	3991	338599
8251000	35	-2950	4016	338915
8261000	31	-2942	3581	339911
8271000	36	-2940	4144	340030
8281000	30	-2932	3516	340994
8291000	31	-2927	3559	341587
8301000	30	-2922	3557	342186
8311000	37	-2913	4316	343222
8321000	38	-2913	4448	343274
8331000	42	-2905	4929	344117
8341000	41	-2905	4835	344132
8351000	45	-2900	5310	344740
8361000	42	-2896	5036	345212
8371000	43	-2895	5125	345315
8381000	42	-2891	5053	345774
8391000	41	-2887	4906	346329
8401000	41	-2885	4911	346517
8411000	37	-2879	4466	347307
8421000	33	-2872	4002	348124
8431000	30	-2869	3686	348562
8441000	34	-2862	4098	349298
8451000	31	-2861	3792	349543
8461000	35	-2855	4305	350173
8471000	36	-2853	4458	350454
8481000	38	-2847	4636	351151
8491000	38	-2844	4690	351540
8501000	34	-2839	4206	352129
8511000	32	-2835	3986	352717
8521000	33	-2829	4179	353447
8531000	32	-2824	3970	354078
8541000	33	-2820	4138	354558
8551000	33	-2815	4173	355178
8561000	39	-2809	4886	355917
8571000	43	-2806	5478	356317
8581000	45	-2802	5673	356788
8591000	46	-2800	5829	357092
8601000	48	-2797	6097	357471
8611000	42	-2796	5424	357536
8621000	43	-2791	5481	358171
8631000	41	-2789	5319	358488
8641000	39	-2783	5003	359223
8651000	34	-2777	4371	359985
8661000	33	-2777	4257	359992
8671000	33	-2769	4330	361048
8681000	34	-2766	4387	361425
8691000	37	-2760	4865	362214
8701000	35	-2755	4635	362852
8711000	38	-2751	4986	363480
8721000	33	-2747	4404	363958
8731000	36	-2743	4833	364493
8741000	32	-2738	4254	365224
8751000	32	-2733	4279	365858
8761000	33	-2733	4468	365868
8771000	33	-2730	4477	366308
8781000	35	-2728	4737	366544
8791000	36	-2725	4869	366881
8801000	39	-2719	5292	367698
8811000	40	-2717	5469	367980
8821000	45	-2708	6153	369106
8831000	44	-2703	6074	369912
8841000	41	-2699	5690	370397
8851000	43	-2694	5970	371150
8861000	40	-2686	5600	372211
8871000	37	-2684	5177	372535
8881000	33	-2677	4653	373463
8891000	33	-2673	4570	373997
8901000	31	-2671	4395	374373
8911000	32	-2670	4420	374534
8921000	32	-2667	4432	374960
8931000	32	-2665	4457	375122
8941000	33	-2662	4699	375648
8951000	34	-2661	4855	375738
8961000	33	-2657	4717	376301
8971000	34	-2654	4758	376727
8981000	38	-2647	5355	377734
8991000	40	-2641	5806	378620
9001000	37	-2637	5386	379188
9011000	37	-2631	5378	379936
9021000	38	-2629	5447	380337
9031000	37	-2623	5397	381150
9041000	39	-2621	5613	381455
9051000	40	-2617	5821	382015
9061000	43	-2613	6294	382649
9071000	43	-2612	6335	382793
9081000	47	-2604	6930	383870
9091000	51	-2599	7549	384634
9101000	48	-2595	7188	385159
9111000	46	-2588	6812	386291
9121000	41	-2584	6081	386862
9131000	40	-2578	5945	387764
9141000	40	-2575	5998	388214
9151000	37	-2574	5606	388466
9161000	37	-2570	5612	388949
9171000	37	-2568	5625	389396
9181000	37	-2565	5688	389843
9191000	33	-2559	4967	390728
9201000	35	-2554	5298	391454
9211000	34	-2550	5237	392040
9221000	33	-2546	5101	392644
9231000	32	-2540	4928	393591
9241000	33	-2536	5107	394253
9251000	34	-2534	5261	394531
9261000	35	-2532	5494	394877
9271000	35	-2530	5451	395109
9281000	34	-2528	5336	395439
9291000	34	-2525	5349	395935
9301000	36	-2525	5569	395938
9311000	34	-2523	5327	396356
9321000	37	-2520	5840	396719
9331000	35	-2515	5517	397499
9341000	39	-2515	6117	397485
9351000	39	-2508	6122	398576
9361000	37	-2498	5912	400198
9371000	38	-2490	6101	401508
9381000	38	-2485	6133	402307
9391000	35	-2479	5618	403285
9401000	36	-2474	5957	404162
9411000	35	-2473	5727	404249
9421000	36	-2470	5834	404708
9431000	37	-2468	6011	405033
9441000	36	-2464	5851	405725
9451000	36	-2461	5906	406240
9461000	34	-2460	5648	406346
9471000	34	-2457	5701	406863
9481000	34	-2452	5658	407715
9491000	35	-2451	5751	407870
9501000	32	-2446	5278	408817
9511000	34	-2442	5655	409342
9521000	31	-2439	5138	409961
9531000	33	-2436	5616	410460
9541000	33	-2431	5578	411342
9551000	33	-2427	5577	411874
9561000	35	-2424	5946	412417
9571000	38	-2423	6467	412567
9581000	36	-2423	6170	412663
9591000	38	-2417	6445	413552
9601000	38	-2418	6490	413413
9611000	39	-2412	6632	414469
9621000	41	-2407	7012	415389
9631000	42	-2403	7211	416066
9641000	41	-2399	7059	416755
9651000	41	-2392	7129	417958
9661000	41	-2385	7125	419164
9671000	39	-2381	6944	419880
9681000	37	-2378	6607	420344
9691000	39	-2378	6857	420372
9701000	38	-2374	6697	421077
9711000	36	-2373	6350	421237
9721000	38	-2372	6819	421428
9731000	36	-2371	6407	421691
9741000	33	-2367	5883	422353
9751000	31	-2364	5461	422870
9761000	30	-2364	5355	422883
9771000	27	-2359	4800	423927
9781000	29	-2353	5183	424847
9791000	29	-2349	5344	425623
9801000	29	-2346	5347	426193
9811000	33	-2342	5983	426941
9821000	35	-2341	6425	427114
9831000	34	-2339	6291	427483
9841000	36	-2336	6632	428026
9851000	37	-2332	6857	428796
9861000	38	-2329	7041	429218
9871000	38	-2328	7089	429413
9881000	39	-2325	7145	429964
9891000	37	-2323	6850	430451
9901000	34	-2321	6317	430806
9911000	36	-2315	6639	431811
9921000	34	-2307	6385	433342
9931000	35	-2305	6639	433715
9941000	32	-2294	6151	435823
9951000	32	-2289	6101	436847
9961000	33	-2285	6405	437609
9971000	34	-2278	6520	438831
9981000	34	-2275	6585	439404
9991000	36	-2275	6866	439435
10001000	35	-2270	6831	440416
10011000	35	-2270	6700	440422
10021000	35	-2269	6712	440635
10031000	34	-2266	6703	441242
10041000	31	-2265	6030	441351
10051000	31	-2262	6109	441905
10061000	33	-2257	6496	442973
10071000	31	-2256	6072	443137
10081000	26	-2255	5054	443446
10091000	25	-2251	4855	444223
10101000	25	-2247	5042	445037
10111000	25	-2244	5017	445645
10121000	26	-2240	5244	446441
10131000	29	-2239	5757	446645
10141000	30	-2234	5956	447482
10151000	32	-2229	6395	448484
10161000	33	-2229	6673	448529
10171000	36	-2224	7255	449434
10181000	36	-2221	7216	450088
10191000	37	-2221	7517	450138
10201000	39	-2218	8025	450771
10211000	40	-2215	8096	451401
10221000	39	-2211	8071	452053
10231000	39	-2208	8080	452706
10241000	38	-2204	7916	453503
10251000	39	-2198	8061	454872
10261000	36	-2191	7542	456356
10271000	38	-2185	7951	457472
10281000	40	-2183	8302	457915
10291000	40	-2182	8378	458113
10301000	35	-2177	7429	459139
10311000	38	-2176	7955	459369
10321000	35	-2174	7298	459764
10331000	34	-2171	7266	460446
10341000	30	-2169	6376	461033
10351000	33	-2170	6945	460827
10361000	30	-2166	6340	461623
10371000	31	-2161	6547	462566
10381000	26	-2159	5658	463149
10391000	23	-2157	5036	463512
10401000	26	-2153	5693	464489
10411000	25	-2151	5449	464940
10421000	26	-2146	5674	465905
10431000	30	-2141	6583	467083
10441000	29	-2139	6397	467488
10451000	33	-2135	7341	468280
10461000	32	-2134	6977	468458
10471000	34	-2133	7459	468726
10481000	34	-2130	7420	469441
10491000	36	-2128	7906	469746
10501000	35	-2125	7699	470535
10511000	35	-2126	7758	470288
10521000	36	-2123	8008	470797
10531000	36	-2122	7969	471044
10541000	35	-2117	7889	472269
10551000	35	-2115	7747	472679
10561000	36	-2107	8151	474376
10571000	34	-2102	7607	475533
10581000	33	-2095	7548	477164
10591000	35	-2090	7990	478368
10601000	33	-2085	7475	479522
10611000	34	-2081	7955	480300
10621000	31	-2078	7214	481198
10631000	34	-2073	7888	482266
10641000	34	-2072	7882	482528
10651000	35	-2070	8140	483070
10661000	34	-2068	7976	483493
10671000	33	-2066	7783	483932
10681000	34	-2063	8035	484501
10691000	31	-2061	7272	484991
10701000	31	-2058	7228	485744
10711000	30	-2056	7068	486258
10721000	28	-2053	6560	486964
10731000	30	-2050	7027	487805
10741000	29	-2050	6935	487758
10751000	27	-2047	6449	488453
10761000	29	-2046	6976	488776
10771000	30	-2041	7267	489797
10781000	30	-2038	7248	490590
10791000	31	-2038	7481	490640
10801000	34	-2033	8184	491741
10811000	35	-2031	8489	492252
10821000	36	-2027	8743	493242
10831000	36	-2026	8732	493487
10841000	36	-2027	8746	493269
10851000	36	-2023	8729	494078
10861000	39	-2021	9483	494686
10871000	39	-2019	9525	494996
10881000	39	-2016	9538	495796
10891000	43	-2010	10616	497181
10901000	43	-2007	10639	498004
10911000	43	-2006	10703	498291
10921000	44	-1999	10886	499914
10931000	44	-1993	11084	501542
10941000	42	-1990	10521	502341
10951000	43	-1984	10976	503780
10961000	40	-1980	10190	504806
10971000	42	-1980	10591	504836
10981000	38	-1976	9775	505822
10991000	38	-1973	9724	506696
11001000	39	-1973	10047	506752
11011000	39	-1973	9912	506709
11021000	39	-1968	10099	507873
11031000	37	-1965	9490	508685
11041000	39	-1964	10084	509053
11051000	39	-1958	10106	510424
11061000	39	-1959	10229	510193
11071000	39	-1954	10146	511588
11081000	38	-1952	9898	512112
11091000	35	-1947	9252	513497
11101000	35	-1948	9295	513252
11111000	35	-1944	9249	514112
11121000	38	-1940	10092	515308
11131000	36	-1939	9598	515522
11141000	37	-1939	9924	515608
11151000	35	-1936	9244	516398
11161000	35	-1935	9233	516696
11171000	37	-1933	9829	517054
11181000	37	-1932	9864	517367
11191000	36	-1932	9658	517358
11201000	37	-1930	9991	517966
11211000	36	-1928	9774	518522
11221000	37	-1925	10101	519156
11231000	35	-1925	9574	519405
11241000	38	-1922	10405	520105
11251000	39	-1920	10631	520723
11261000	39	-1914	10550	522221
11271000	39	-1911	10655	523098
11281000	42	-1904	11468	524939
11291000	41	-1899	11290	526458
11301000	36	-1890	10172	528817
11311000	38	-1890	10557	528892
11321000	37	-1885	10459	530428
11331000	32	-1883	8950	530900
11341000	33	-1877	9409	532555
11351000	30	-1875	8558	533080
11361000	32	-1874	9224	533441
11371000	33	-1873	9282	533807
11381000	33	-1874	9446	533526
11391000	34	-1871	9745	534210
11401000	32	-1870	9093	534499
11411000	32	-1869	9098	534838
11421000	31	-1869	8883	534790
11431000	31	-1866	8905	535663
11441000	32	-1866	9200	535701
11451000	30	-1863	8521	536602
11461000	33	-1862	9548	536753
11471000	31	-1859	8859	537644
11481000	36	-1858	10466	537888
11491000	31	-1851	8982	539993
11501000	34	-1852	9804	539768
11511000	34	-1845	9976	541727
11521000	33	-1843	9633	542375
11531000	36	-1838	10536	543800
11541000	35	-1835	10473	544810
11551000	33	-1834	9850	545124
11561000	35	-1830	10357	546229
11571000	35	-1827	10382	547207
11581000	38	-1826	11450	547291
11591000	33	-1825	9843	547807
11601000	35	-1821	10414	548897
11611000	37	-1820	11073	549317
11621000	39	-1815	11966	550785
11631000	39	-1813	11998	551179
11641000	42	-1806	12827	553356
11651000	42	-1807	12940	553070
11661000	46	-1803	14259	554261
11671000	47	-1798	14498	555690
11681000	45	-1795	13860	556642
11691000	48	-1795	14929	556803
11701000	47	-1793	14546	557495
11711000	42	-1788	13019	559136
11721000	43	-1787	13436	559147
11731000	41	-1782	12793	560824
11741000	38	-1779	11978	561788
11751000	38	-1780	11980	561494
11761000	35	-1777	11186	562557
11771000	34	-1775	10781	563260
11781000	32	-1774	10139	563603
11791000	34	-1772	10847	564017
11801000	36	-1769	11640	565159
11811000	37	-1764	11911	566638
11821000	35	-1761	11122	567655
11831000	33	-1757	10650	569062
11841000	34	-1756	11038	569123
11851000	32	-1752	10544	570584
11861000	34	-1750	11250	571097
11871000	33	-1746	10776	572540
11881000	31	-1745	10215	572811
11891000	29	-1741	9721	574284
11901000	30	-1738	10012	575130
11911000	28	-1737	9293	575487
11921000	29	-1735	9637	576333
11931000	29	-1733	9659	576795
11941000	27	-1732	8927	577137
11951000	28	-1730	9303	577939
11961000	26	-1729	8664	578295
11971000	25	-1725	8554	579467
11981000	27	-1727	9166	578817
11991000	29	-1727	9570	578945
12001000	30	-1723	10135	580208
12011000	31	-1721	10425	581025
12021000	30	-1721	10212	581025
12031000	33	-1716	11215	582671
12041000	35	-1714	11895	583224
12051000	37	-1710	12530	584540
12061000	38	-1706	13217	585843
12071000	41	-1701	14205	587533
12081000	42	-1701	14585	587662
12091000	41	-1696	14203	589197
12101000	44	-1693	15380	590165
12111000	43	-1691	14953	590988
12121000	44	-1691	15414	591124
12131000	42	-1687	14617	592262
12141000	39	-1684	13724	593457
12151000	37	-1680	13149	595060
12161000	37	-1676	13069	596305
12171000	37	-1675	13208	596706
12181000	32	-1672	11549	597776
12191000	31	-1670	11083	598639
12201000	27	-1668	9786	599338
12211000	28	-1666	10148	600203
12221000	27	-1666	9813	600214
12231000	25	-1664	8988	600651
12241000	28	-1662	10084	601677
12251000	29	-1659	10484	602594
12261000	30	-1659	10971	602743
12271000	33	-1657	11857	603344
12281000	33	-1652	12077	605064
12291000	34	-1649	12374	606037
12301000	33	-1648	12321	606555
12311000	32	-1649	11627	606112
12321000	38	-1645	14125	607735
12331000	38	-1641	13926	609016
12341000	36	-1639	13414	609858
12351000	36	-1640	13490	609520
12361000	36	-1636	13385	610828
12371000	37	-1634	13742	611822
12381000	37	-1634	13754	611507
12391000	36	-1632	13333	612376
12401000	37	-1630	13793	613356
12411000	36	-1629	13426	613401
12421000	36	-1625	13670	615188
12431000	40	-1624	15012	615462
12441000	38	-1616	14633	618509
12451000	41	-1613	15832	619651
12461000	42	-1610	16243	620591
12471000	40	-1607	15366	621834
12481000	42	-1602	16453	623858
12491000	42	-1600	16419	624428
12501000	43	-1600	16851	624612
12511000	43	-1596	16732	626024
12521000	44	-1593	17147	627083
12531000	46	-1592	17959	627746
12541000	45	-1592	17597	627831
12551000	47	-1590	18585	628468
12561000	45	-1589	17715	628906
12571000	46	-1586	18198	629955
12581000	45	-1583	18065	631366
12591000	47	-1581	18912	632105
12601000	45	-1580	17996	632561
12611000	47	-1576	18823	634093
12621000	47	-1571	19129	636017
12631000	43	-1569	17635	636874
12641000	45	-1568	18126	637039
12651000	42	-1563	17041	639320
12661000	39	-1562	16046	639691
12671000	39	-1557	16242	641707
12681000	39	-1557	15874	641754
12691000	39	-1556	15955	642323
12701000	35	-1550	14717	644638
12711000	36	-1548	15111	645772
12721000	35	-1548	14762	645846
12731000	35	-1546	14724	646464
12741000	34	-1546	14254	646560
12751000	36	-1544	15202	647314
12761000	34	-1543	14395	647708
12771000	36	-1542	14939	647968
12781000	29	-1542	12113	648144
12791000	33	-1538	13749	649993
12801000	33	-1539	13922	649635
12811000	33	-1537	13834	650295
12821000	31	-1535	13227	651331
12831000	30	-1535	12800	651374
12841000	30	-1531	12713	652903
12851000	28	-1529	12144	653931
12861000	28	-1525	11974	655463
12871000	28	-1522	12278	656623
12881000	29	-1520	12610	657816
12891000	29	-1516	12404	659434
12901000	30	-1512	13247	661172
12911000	34	-1507	15120	663076
12921000	36	-1505	15996	663867
12931000	34	-1501	15205	665987
12941000	36	-1499	16217	666802
12951000	36	-1497	16140	667391
12961000	38	-1495	17044	668243
12971000	36	-1494	16033	668740
12981000	37	-1492	16548	669935
12991000	38	-1491	17053	670120
13001000	38	-1490	16973	670774
13011000	38	-1489	17002	671379
13021000	39	-1488	17528	671632
13031000	40	-1487	17988	671834
13041000	39	-1487	17549	671924
13051000	38	-1487	17235	671960
13061000	38	-1486	17205	672622
13071000	36	-1483	16500	673781
13081000	39	-1484	17586	673561
13091000	38	-1483	17211	673649
13101000	34	-1481	15546	674653
13111000	36	-1477	16386	676473
13121000	37	-1479	17061	675657
13131000	34	-1477	15424	676566
13141000	34	-1472	15738	678908
13151000	35	-1472	16254	679111
13161000	33	-1467	15435	681299
13171000	30	-1464	14109	682886
13181000	32	-1460	14935	684824
13191000	30	-1457	14305	685957
13201000	29	-1455	13658	687113
13211000	30	-1451	14468	689069
13221000	27	-1445	12947	691812
13231000	30	-1442	14397	693363
13241000	28	-1439	13660	694547
13251000	27	-1437	12934	695731
13261000	27	-1434	13322	697132
13271000	27	-1434	13030	697214
13281000	28	-1433	13526	697491
13291000	28	-1428	13692	699999
13301000	28	-1427	13692	700704
13311000	28	-1425	13641	701491
13321000	28	-1426	13665	701127
13331000	31	-1423	15112	702638
13341000	31	-1417	15457	705183
13351000	32	-1418	15675	704839
13361000	31	-1414	15347	706687
13371000	34	-1411	16912	708307
13381000	34	-1408	17339	709713
13391000	36	-1406	18410	710685
13401000	36	-1402	18119	712633
13411000	35	-1401	18032	713380
13421000	36	-1402	18220	712987
13431000	34	-1397	17351	715448
13441000	35	-1394	17874	716923
13451000	32	-1393	16561	717566
13461000	32	-1391	16384	718343
13471000	29	-1390	15081	718996
13481000	28	-1390	14654	719105
13491000	29	-1387	15060	720590
13501000	28	-1387	14447	720720
13511000	27	-1385	14287	721550
13521000	25	-1384	13025	722171
13531000	25	-1383	12940	722988
13541000	22	-1382	11576	723558
13551000	22	-1380	11505	724392
13561000	26	-1379	13446	724939
13571000	26	-1376	13840	726425
13581000	26	-1377	13955	726074
13591000	27	-1374	14373	727596
13601000	25	-1373	13113	728222
13611000	29	-1370	15379	729525
13621000	30	-1367	15798	731032
13631000	31	-1367	16559	731370
13641000	31	-1364	16889	732920
13651000	33	-1359	17800	735222
13661000	32	-1358	17612	736082
13671000	35	-1358	18988	735901
13681000	35	-1356	18907	736797
13691000	36	-1356	19562	737145
13701000	36	-1354	19521	737989
13711000	37	-1353	20098	738353
13721000	38	-1350	20584	739982
13731000	34	-1351	18816	739879
13741000	36	-1349	19916	740998
13751000	35	-1348	19223	741154
13761000	34	-1344	18928	743311
13771000	36	-1344	19786	743660
13781000	36	-1341	20118	745309
13791000	33	-1340	18608	745935
13801000	35	-1335	19514	748343
13811000	32	-1334	18195	749041
13821000	32	-1330	17819	751192
13831000	33	-1330	18371	751536
13841000	31	-1327	17461	752953
13851000	32	-1321	18328	756718
13861000	33	-1324	18679	755087
13871000	32	-1314	18330	760625
13881000	33	-1310	19300	763090
13891000	30	-1306	17634	765179
13901000	33	-1306	19037	765038
13911000	38	-1299	22469	769405
13921000	34	-1300	19918	768528
13931000	37	-1297	21817	770544
13941000	38	-1290	22610	774521
13951000	37	-1292	22110	773287
13961000	37	-1290	21925	774273
13971000	37	-1291	22044	773875
13981000	33	-1289	19675	775182
13991000	33	-1286	20062	776976
14001000	34	-1285	20782	777379
14011000	33	-1283	19859	778973
14021000	33	-1284	20139	778577
14031000	29	-1278	17977	782095
14041000	27	-1277	16357	782803
14051000	31	-1280	18912	780699
14061000	27	-1276	16361	783437
14071000	27	-1273	16824	785276
14081000	25	-1274	15482	784581
14091000	23	-1272	14473	786194
14101000	27	-1270	16623	786970
14111000	25	-1268	15606	788550
14121000	23	-1265	14470	790109
14131000	27	-1262	17155	791716
14141000	25	-1264	15959	791049
14151000	25	-1260	15485	793518
14161000	26	-1258	16722	794838
14171000	26	-1256	16553	795886
14181000	29	-1252	18423	798137
14191000	25	-1250	15852	799511
14201000	26	-1249	16516	799985
14211000	29	-1246	18415	802172
14221000	32	-1248	20444	800622
14231000	32	-1245	20816	802611
14241000	30	-1243	19679	804262
14251000	31	-1242	20353	804755
14261000	30	-1242	19652	804974
14271000	32	-1239	20994	806367
14281000	32	-1241	20505	805040
14291000	32	-1238	20936	807011
14301000	35	-1235	22856	809251
14311000	33	-1236	21546	808576
14321000	36	-1232	23505	810905
14331000	35	-1231	23269	811967
14341000	36	-1230	23928	812442
14351000	35	-1229	23219	812707
14361000	37	-1225	24363	815674
14371000	40	-1218	26630	820417
14381000	41	-1219	27604	819321
14391000	42	-1215	28701	822346
14401000	41	-1212	27609	824147
14411000	41	-1209	28047	826241
14421000	39	-1210	26639	825588
14431000	42	-1206	28803	827994
14441000	42	-1207	28952	827615
14451000	41	-1203	28450	830328
14461000	42	-1202	29115	830752
14471000	40	-1200	27927	832591
14481000	33	-1196	23193	835480
14491000	38	-1196	26529	835612
14501000	34	-1196	24058	835496
14511000	31	-1192	21963	838020
14521000	30	-1192	21073	838265
14531000	31	-1191	21820	838813
14541000	30	-1191	20932	839014
14551000	27	-1186	19368	842518
14561000	27	-1187	19419	842089
14571000	26	-1183	18818	844958
14581000	24	-1184	17312	844198
14591000	25	-1183	18074	844767
14601000	25	-1178	18205	848713
14611000	24	-1181	17023	846243
14621000	25	-1177	17982	849467
14631000	26	-1176	18694	850039
14641000	25	-1176	17765	850269
14651000	26	-1171	18958	853603
14661000	26	-1169	18647	854821
14671000	27	-1167	20023	856437
14681000	29	-1165	21593	858174
14691000	29	-1165	21687	857711
14701000	30	-1162	22016	859982
14711000	32	-1160	23415	861554
14721000	32	-1160	23595	861165
14731000	31	-1159	23403	862494
14741000	32	-1155	23805	864836
14751000	34	-1155	25619	864711
14761000	34	-1154	25385	866048
14771000	35	-1153	26204	866704
14781000	34	-1151	25947	868001
14791000	36	-1149	27389	869576
14801000	36	-1151	26853	868076
14811000	37	-1148	28332	869835
14821000	32	-1144	24784	873184
14831000	35	-1144	26590	873067
14841000	32	-1143	24529	874030
14851000	33	-1142	25357	874693
14861000	35	-1140	26866	876406
14871000	35	-1141	26970	875923
14881000	33	-1138	25595	878015
14891000	34	-1135	26070	880479
14901000	36	-1131	28415	883364
14911000	39	-1127	30653	886222
14921000	35	-1125	27331	887918
14931000	38	-1120	30382	892000
14941000	39	-1116	31009	894623
14951000	40	-1114	32506	896374
14961000	38	-1113	30249	897366
14971000	40	-1107	32226	902267
14981000	38	-1107	31196	902589
14991000	38	-1107	31236	902086
15001000	37	-1103	30482	905411
15011000	37	-1101	30149	906892
15021000	38	-1100	31134	907681
15031000	39	-1100	31946	908343
15041000	39	-1096	32370	910947
15051000	37	-1098	30493	910052
15061000	36	-1093	29774	913604
15071000	36	-1090	30209	916255
15081000	39	-1092	32651	914168
15091000	38	-1094	32024	912549
15101000	37	-1094	30957	912941
15111000	35	-1092	29425	915224
15121000	39	-1092	32679	914276
15131000	36	-1091	30324	915265
15141000	35	-1091	29195	915664
15151000	37	-1089	30794	917557
15161000	38	-1090	32025	916210
15171000	38	-1087	32535	918936
15181000	38	-1089	31847	917275
15191000	38	-1085	32404	920127
15201000	41	-1082	34815	923218
15211000	43	-1082	36861	923061
15221000	41	-1079	35283	925430
15231000	41	-1077	34923	926987
15241000	42	-1075	36665	928970
15251000	43	-1074	37539	929693
15261000	43	-1076	36759	927989
15271000	45	-1068	39780	934615
15281000	43	-1065	38186	937008
15291000	43	-1064	37769	938523
15301000	46	-1062	40720	939665
15311000	45	-1062	39525	940078
15321000	46	-1059	41348	942139
15331000	45	-1055	40530	945797
15341000	41	-1053	36742	947828
15351000	45	-1050	40661	950471
15361000	47	-1050	42834	950391
15371000	45	-1045	40720	954986
15381000	41	-1046	37284	954836
15391000	44	-1044	40503	956194
15401000	41	-1043	37914	957526
15411000	39	-1040	36183	959963
15421000	41	-1038	37930	962070
15431000	40	-1037	36674	962549
15441000	42	-1037	38964	962598
15451000	40	-1031	37616	968683
15461000	43	-1027	40299	972131
15471000	42	-1025	39908	973895
15481000	44	-1023	41774	976171
15491000	47	-1021	45026	977502
15501000	44	-1016	42733	982423
15511000	44	-1014	42267	984176
15521000	44	-1013	43218	985076
15531000	44	-1011	42832	986939
15541000	46	-1009	44652	989112
15551000	43	-1008	41876	990448
15561000	42	-1006	41421	992283
15571000	41	-1006	40015	992654
15581000	44	-1006	43799	991679
15591000	41	-1005	40980	992955
15601000	39	-1003	39103	995798
15611000	43	-1003	43014	994954
15621000	42	-999	42026	999070
15631000	40	-1000	39682	997959
15641000	41	-999	40640	998922
15651000	39	-997	38723	1001760
15661000	42	-997	42628	1000775
15671000	40	-995	40638	1003487
15681000	40	-993	40151	1005410
15691000	40	-993	40283	1005050
15701000	37	-992	37363	1006345
15711000	38	-991	38382	1007139
15721000	39	-990	39325	1008109
15731000	38	-988	38825	1010156
15741000	36	-986	36851	1012926
15751000	36	-983	37267	1016208
15761000	37	-982	38250	1017270
15771000	36	-980	37727	1019368
15781000	35	-976	36621	1023757
15791000	34	-974	36076	1025598
15801000	37	-974	38602	1025569
15811000	34	-971	36506	1028583
15821000	34	-969	35911	1030489
15831000	35	-964	37256	1035603
15841000	32	-966	34714	1034335
15851000	37	-965	39919	1035149
15861000	34	-963	36773	1036644
15871000	37	-963	39341	1036544
15881000	36	-962	38726	1038462
15891000	32	-958	34923	1042485
15901000	34	-959	36552	1040985
15911000	34	-960	36567	1040372
15921000	33	-958	35939	1042315
15931000	32	-956	35362	1044473
15941000	32	-957	35413	1044093
15951000	36	-953	40063	1047321
15961000	33	-956	36438	1044396
15971000	29	-954	31595	1046805
15981000	34	-953	36846	1047556
15991000	32	-949	35599	1052309
16001000	31	-951	34632	1049930
16011000	33	-949	36688	1052774
16021000	35	-946	38719	1055652
16031000	33	-946	37081	1056035
16041000	35	-943	39138	1058652
16051000	34	-942	38568	1060727
16061000	37	-941	41270	1060888
16071000	36	-939	40634	1063023
16081000	38	-933	43196	1070253
16091000	35	-934	40505	1069080
16101000	39	-927	45761	1077282
16111000	39	-925	45112	1079568
16121000	42	-923	49056	1081219
16131000	44	-921	51422	1083895
16141000	41	-916	48377	1090073
16151000	44	-918	51903	1087321
16161000	45	-909	54099	1097764
16171000	46	-910	55830	1096048
16181000	46	-911	55812	1095449
16191000	46	-911	55797	1095061
16201000	46	-908	56303	1099009
16211000	45	-907	54547	1099388
16221000	44	-906	53897	1101723
16231000	51	-904	62773	1103109
16241000	52	-902	63971	1104388
16251000	46	-904	56216	1103598
16261000	45	-903	54399	1104127
16271000	45	-900	54829	1108483
16281000	45	-900	54834	1107831
16291000	44	-899	54176	1110011
16301000	43	-897	53482	1112345
16311000	44	-896	54596	1113546
16321000	46	-897	56488	1112049
16331000	42	-894	52126	1116671
16341000	43	-893	53281	1117882
16351000	38	-891	47553	1120871
16361000	41	-893	51291	1118052
16371000	35	-890	43843	1121900
16381000	38	-888	48212	1123770
16391000	38	-889	48140	1123117
16401000	36	-884	46587	1128900
16411000	34	-882	44008	1132450
16421000	33	-881	42148	1132917
16431000	35	-881	45173	1133300
16441000	35	-877	45402	1137872
16451000	35	-874	45904	1142257
16461000	30	-872	39971	1144875
16471000	31	-871	41136	1146176
16481000	30	-871	39061	1147008
16491000	28	-867	37374	1152685
16501000	28	-863	37729	1157207
16511000	31	-861	42166	1159379
16521000	31	-858	42447	1164110
16531000	24	-853	33118	1171681
16541000	30	-854	40915	1169172
16551000	32	-856	43007	1167201
16561000	32	-852	43352	1172101
16571000	30	-852	41189	1172838
16581000	28	-849	38199	1176739
16591000	27	-847	37393	1179314
16601000	30	-845	41880	1181927
16611000	31	-844	43022	1183525
16621000	29	-845	39871	1181745
16631000	32	-839	44995	1189543
16641000	31	-842	43690	1186685
16651000	30	-839	42643	1189814
16661000	34	-832	49213	1200054
16671000	30	-836	43275	1193917
16681000	33	-831	48316	1202114
16691000	33	-828	47280	1205204
16701000	37	-829	53100	1204010
16711000	36	-823	52818	1212539
16721000	37	-822	54107	1214002
16731000	38	-819	56720	1218140
16741000	37	-817	55747	1221220
16751000	37	-815	54811	1224155
16761000	40	-813	59787	1226981
16771000	39	-811	58555	1230374
