f/Hz	Re{Y}/µS	Im{Y}/µS	Re{Z}/mOhm	Im{Z}/mOhm
1000	1817608	-252379	540	75
11000	641959	-831538	582	754
21000	238727	-597170	577	1444
31000	121112	-437869	587	2121
41000	71806	-340556	593	2811
51000	48128	-277948	605	3493
61000	32864	-235068	583	4173
71000	24755	-202911	592	4856
81000	19079	-178620	591	5535
91000	15321	-159087	600	6228
101000	12494	-143640	601	6910
111000	10430	-130912	605	7591
121000	8923	-120248	614	8271
131000	7642	-111168	615	8953
141000	6586	-103165	616	9654
151000	5776	-96456	619	10330
161000	5098	-90441	621	11022
171000	4625	-85271	634	11693
181000	4096	-80598	629	12375
191000	3716	-76387	635	13060
201000	3358	-72551	637	13754
211000	3047	-69184	635	14426
221000	2798	-66066	640	15109
231000	2589	-63228	647	15789
241000	2429	-60611	660	16472
251000	2236	-58171	660	17165
261000	2042	-55924	652	17858
271000	1948	-53943	669	18514
281000	1817	-52007	671	19205
291000	1697	-50176	673	19907
301000	1609	-48549	682	20575
311000	1515	-47000	685	21255
321000	1446	-45535	697	21939
331000	1358	-44167	696	22620
341000	1292	-42872	702	23304
351000	1220	-41660	702	23983
361000	1157	-40505	705	24668
371000	1110	-39433	713	25340
381000	1048	-38391	710	26028
391000	997	-37410	712	26712
401000	976	-36477	733	27395
411000	949	-35595	749	28073
421000	897	-34737	743	28769
431000	861	-33953	747	29433
441000	825	-33171	749	30128
451000	796	-32436	756	30811
461000	770	-31743	763	31485
471000	755	-31077	782	32159
481000	719	-30443	775	32830
491000	685	-29800	771	33539
501000	658	-29220	770	34206
511000	641	-28641	781	34898
521000	636	-28097	805	35573
531000	612	-27566	805	36259
541000	601	-27058	820	36940
551000	572	-26567	810	37623
561000	554	-26106	812	38289
571000	551	-25637	839	38988
581000	520	-25189	819	39682
591000	521	-24782	847	40334
601000	502	-24367	845	41022
611000	491	-23968	854	41705
621000	479	-23572	861	42406
631000	476	-23211	882	43064
641000	454	-22852	868	43742
651000	444	-22495	878	44438
661000	444	-22160	905	45107
671000	429	-21824	901	45803
681000	415	-21513	896	46466
691000	409	-21203	909	47146
701000	396	-20890	907	47853
711000	389	-20598	916	48532
721000	384	-20316	930	49205
731000	377	-20047	938	49865
741000	379	-19770	969	50563
751000	358	-19509	940	51240
761000	343	-19242	925	51952
771000	347	-18994	961	52629
781000	353	-18753	1005	53305
791000	334	-18519	975	53982
801000	324	-18291	968	54653
811000	326	-18066	998	55334
821000	316	-17839	993	56038
831000	311	-17623	1002	56727
841000	303	-17418	997	57396
851000	301	-17213	1016	58077
861000	298	-17020	1030	58738
871000	294	-16828	1037	59405
881000	281	-16627	1017	60127
891000	281	-16447	1038	60784
901000	275	-16257	1040	61494
911000	280	-16082	1083	62162
921000	264	-15904	1044	62862
931000	259	-15737	1045	63528
941000	268	-15574	1105	64189
951000	251	-15410	1056	64874
961000	257	-15243	1104	65584
971000	243	-15080	1067	66295
981000	244	-14930	1094	66962
991000	249	-14778	1138	67648
1001000	237	-14629	1107	68339
1011000	234	-14479	1117	69049
1021000	233	-14353	1131	69653
1031000	231	-14204	1143	70384
1041000	228	-14072	1152	71044
1051000	231	-13935	1187	71742
1061000	229	-13806	1202	72414
1071000	222	-13679	1188	73087
1081000	221	-13543	1205	73819
1091000	214	-13427	1185	74460
1101000	209	-13305	1178	75140
1111000	209	-13187	1203	75814
1121000	196	-13063	1148	76536
1131000	195	-12945	1165	77235
1141000	197	-12842	1195	77852
1151000	197	-12729	1218	78544
1161000	193	-12616	1213	79247
1171000	181	-12500	1155	79982
1181000	187	-12398	1216	80640
1191000	181	-12294	1198	81320
1201000	177	-12183	1192	82064
1211000	179	-12085	1224	82729
1221000	181	-11989	1257	83390
1231000	176	-11893	1245	84064
1241000	180	-11797	1296	84745
1251000	186	-11706	1359	85407
1261000	182	-11613	1348	86093
1271000	179	-11518	1348	86801
1281000	171	-11425	1311	87510
1291000	170	-11343	1319	88142
1301000	168	-11255	1326	88830
1311000	160	-11162	1286	89574
1321000	157	-11076	1282	90269
1331000	161	-10989	1332	90982
1341000	158	-10912	1327	91624
1351000	157	-10828	1343	92331
1361000	155	-10749	1340	93015
1371000	157	-10665	1376	93744
1381000	160	-10597	1422	94343
1391000	155	-10525	1400	94992
1401000	142	-10440	1303	95765
1411000	137	-10364	1279	96472
1421000	144	-10298	1355	97089
1431000	146	-10225	1393	97782
1441000	142	-10153	1375	98474
1451000	136	-10078	1343	99205
1461000	139	-9997	1389	100014
1471000	138	-9935	1397	100631
1481000	138	-9874	1411	101255
1491000	137	-9809	1427	101923
1501000	128	-9737	1346	102686
1511000	130	-9673	1385	103357
1521000	131	-9610	1421	104035
1531000	133	-9553	1457	104657
1541000	137	-9480	1519	105469
1551000	127	-9414	1433	106209
1561000	128	-9363	1455	106786
1571000	114	-9297	1317	107541
1581000	120	-9237	1401	108243
1591000	121	-9187	1438	108826
1601000	118	-9125	1423	109569
1611000	117	-9061	1426	110344
1621000	125	-9005	1542	111028
1631000	123	-8947	1534	111754
1641000	121	-8896	1523	112386
1651000	115	-8842	1473	113078
1661000	117	-8786	1517	113796
1671000	117	-8739	1532	114406
1681000	117	-8687	1546	115088
1691000	121	-8631	1620	115833
1701000	111	-8574	1514	116611
1711000	105	-8525	1448	117282
1721000	114	-8485	1581	117836
1731000	105	-8431	1476	118590
1741000	109	-8388	1554	119196
1751000	107	-8332	1544	120006
1761000	113	-8283	1647	120700
1771000	108	-8225	1590	121554
1781000	104	-8188	1551	122115
1791000	100	-8141	1508	122811
1801000	97	-8099	1473	123454
1811000	103	-8054	1583	124145
1821000	102	-8000	1593	124983
1831000	108	-7958	1702	125636
1841000	102	-7910	1631	126402
1851000	97	-7868	1564	127076
1861000	99	-7824	1618	127791
1871000	97	-7785	1595	128438
1881000	96	-7745	1604	129096
1891000	91	-7706	1538	129743
1901000	100	-7657	1712	130584
1911000	100	-7616	1732	131286
1921000	100	-7582	1735	131870
1931000	88	-7534	1546	132705
1941000	95	-7502	1687	133281
1951000	93	-7463	1675	133982
1961000	97	-7428	1754	134608
1971000	95	-7378	1736	135510
1981000	96	-7343	1775	136154
1991000	82	-7303	1545	136906
2001000	87	-7275	1635	137440
2011000	88	-7240	1684	138093
2021000	81	-7194	1573	138984
2031000	84	-7162	1628	139610
2041000	86	-7118	1688	140463
2051000	93	-7089	1853	141032
2061000	90	-7063	1807	141564
2071000	78	-7018	1585	142474
2081000	83	-6989	1709	143072
2091000	80	-6946	1659	143939
2101000	82	-6911	1720	144686
2111000	89	-6885	1874	145228
2121000	86	-6843	1831	146117
2131000	79	-6814	1707	146738
2141000	75	-6784	1635	147392
2151000	80	-6756	1756	147990
2161000	82	-6724	1803	148692
2171000	76	-6689	1703	149484
2181000	77	-6652	1739	150301
2191000	87	-6629	1979	150827
2201000	80	-6584	1835	151855
2211000	80	-6562	1854	152360
2221000	81	-6536	1893	152972
2231000	75	-6500	1764	153824
2241000	73	-6467	1741	154602
2251000	80	-6444	1921	155151
2261000	78	-6405	1897	156095
2271000	77	-6373	1886	156877
2281000	82	-6356	2022	157293
2291000	77	-6324	1930	158104
2301000	74	-6293	1864	158875
2311000	78	-6270	1974	159461
2321000	66	-6236	1708	160332
2331000	63	-6212	1642	160955
2341000	78	-6184	2028	161676
2351000	73	-6153	1939	162502
2361000	69	-6128	1828	163158
2371000	66	-6107	1775	163736
2381000	63	-6080	1698	164469
2391000	70	-6054	1917	165149
2401000	73	-6032	2001	165752
2411000	75	-6005	2075	166516
2421000	71	-5970	2002	167472
2431000	73	-5942	2069	168276
2441000	72	-5926	2040	168726
2451000	63	-5892	1825	169698
2461000	68	-5873	1972	170249
2471000	68	-5848	1980	170968
2481000	69	-5831	2016	171463
2491000	62	-5803	1834	172296
2501000	65	-5769	1960	173304
2511000	71	-5749	2154	173931
2521000	69	-5725	2101	174633
2531000	64	-5703	1969	175334
2541000	66	-5688	2026	175791
2551000	67	-5665	2096	176511
2561000	66	-5636	2087	177399
2571000	62	-5611	1976	178191
2581000	64	-5586	2043	179004
2591000	73	-5569	2346	179547
2601000	62	-5541	2020	180452
2611000	58	-5520	1920	181146
2621000	52	-5499	1720	181847
2631000	61	-5480	2022	182463
2641000	59	-5457	1981	183225
2651000	57	-5436	1942	183937
2661000	53	-5413	1795	184734
2671000	60	-5391	2073	185475
2681000	62	-5367	2167	186303
2691000	61	-5349	2134	186915
2701000	57	-5330	2005	187594
2711000	54	-5311	1925	188260
2721000	57	-5296	2037	188782
2731000	53	-5268	1923	189822
2741000	56	-5248	2037	190517
2751000	59	-5228	2149	191264
2761000	67	-5210	2465	191890
2771000	59	-5182	2190	192945
2781000	57	-5167	2120	193529
2791000	53	-5154	1999	193990
2801000	52	-5136	1983	194679
2811000	57	-5119	2169	195319
2821000	52	-5090	1991	196427
2831000	50	-5069	1950	197242
2841000	48	-5051	1873	197944
2851000	55	-5039	2171	198435
2861000	59	-5015	2326	199357
2871000	56	-4991	2250	200345
2881000	55	-4976	2234	200929
2891000	56	-4959	2259	201646
2901000	54	-4948	2193	202078
2911000	57	-4929	2327	202861
2921000	53	-4904	2222	203880
2931000	54	-4890	2241	204470
2941000	53	-4872	2242	205215
2951000	61	-4857	2566	205841
2961000	58	-4834	2475	206833
2971000	51	-4816	2196	207638
2981000	48	-4805	2088	208110
2991000	45	-4787	1971	208879
3001000	49	-4773	2135	209478
3011000	53	-4757	2336	210176
3021000	49	-4738	2198	211038
3031000	47	-4721	2092	211790
3041000	41	-4700	1854	212742
3051000	49	-4684	2240	213476
3061000	56	-4666	2568	214268
3071000	49	-4648	2260	215124
3081000	48	-4635	2226	215739
3091000	44	-4623	2060	216296
3101000	41	-4607	1946	217049
3111000	47	-4594	2232	217642
3121000	53	-4579	2539	218341
3131000	48	-4559	2319	219328
3141000	49	-4544	2378	220033
3151000	48	-4525	2363	220991
3161000	52	-4508	2566	221789
3171000	56	-4499	2753	222259
3181000	48	-4480	2380	223169
3191000	45	-4462	2265	224086
3201000	48	-4452	2398	224583
3211000	51	-4437	2588	225327
3221000	51	-4422	2599	226089
3231000	49	-4412	2519	226615
3241000	46	-4402	2381	227170
3251000	44	-4384	2272	228101
3261000	44	-4364	2335	229111
3271000	45	-4342	2384	230293
3281000	48	-4327	2563	231078
3291000	49	-4322	2635	231366
3301000	49	-4310	2632	231966
3311000	42	-4291	2302	233029
3321000	44	-4277	2404	233775
3331000	48	-4266	2664	234374
3341000	48	-4254	2625	235026
3351000	48	-4241	2670	235788
3361000	48	-4231	2707	236342
3371000	54	-4212	3062	237400
3381000	51	-4193	2914	238474
3391000	53	-4178	3009	239314
3401000	48	-4167	2756	239927
3411000	45	-4156	2601	240612
3421000	45	-4147	2624	241109
3431000	49	-4136	2886	241756
3441000	46	-4117	2700	242873
3451000	42	-4102	2521	243772
3461000	41	-4092	2474	244380
3471000	37	-4082	2241	244967
3481000	35	-4068	2134	245796
3491000	40	-4054	2424	246654
3501000	48	-4041	2950	247412
3511000	48	-4031	2962	248041
3521000	40	-4014	2463	249115
3531000	41	-4005	2546	249637
3541000	35	-3991	2176	250535
3551000	35	-3980	2185	251250
3561000	33	-3971	2109	251825
3571000	39	-3961	2505	252436
3581000	42	-3949	2722	253226
3591000	37	-3930	2418	254456
3601000	36	-3918	2359	255193
3611000	42	-3909	2743	255794
3621000	47	-3896	3119	256611
3631000	46	-3884	3056	257448
3641000	42	-3875	2807	258041
3651000	43	-3869	2898	258422
3661000	44	-3862	2975	258899
3671000	37	-3845	2531	260085
3681000	37	-3829	2495	261135
3691000	39	-3817	2692	261932
3701000	38	-3805	2638	262753
3711000	38	-3796	2655	263434
3721000	39	-3787	2686	264036
3731000	40	-3780	2793	264488
3741000	41	-3763	2862	265718
3751000	40	-3745	2872	267026
3761000	43	-3730	3082	268097
3771000	42	-3722	3051	268610
3781000	42	-3718	3062	268956
3791000	38	-3706	2772	269791
3801000	40	-3695	2909	270620
3811000	40	-3688	2925	271148
3821000	42	-3678	3091	271843
3831000	41	-3667	3050	272661
3841000	37	-3652	2778	273779
3851000	38	-3643	2867	274502
3861000	34	-3627	2572	275695
3871000	34	-3616	2626	276560
3881000	41	-3605	3120	277390
3891000	43	-3597	3305	277974
3901000	45	-3588	3524	278661
3911000	47	-3582	3659	279110
3921000	38	-3566	2974	280400
3931000	36	-3555	2864	281297
3941000	37	-3545	2961	282094
3951000	37	-3537	2940	282694
3961000	34	-3527	2763	283468
3971000	36	-3518	2919	284239
3981000	34	-3509	2776	284989
3991000	35	-3505	2829	285301
4001000	36	-3499	2922	285733
4011000	38	-3487	3104	286764
4021000	36	-3470	2964	288144
4031000	39	-3456	3293	289294
4041000	37	-3449	3070	289927
4051000	34	-3439	2868	290733
4061000	33	-3431	2824	291475
4071000	34	-3425	2923	291952
4081000	36	-3420	3056	292369
4091000	36	-3416	3049	292750
4101000	34	-3402	2964	293896
4111000	32	-3388	2824	295144
4121000	32	-3374	2834	296386
4131000	31	-3364	2777	297221
4141000	34	-3357	2995	297886
4151000	35	-3348	3137	298643
4161000	36	-3333	3247	300012
4171000	35	-3323	3152	300883
4181000	39	-3316	3567	301552
4191000	39	-3310	3522	302118
4201000	40	-3307	3651	302384
4211000	38	-3297	3537	303220
4221000	34	-3287	3178	304216
4231000	34	-3277	3141	305131
4241000	34	-3267	3176	306101
4251000	33	-3256	3145	307074
4261000	31	-3246	2937	308061
4271000	30	-3241	2875	308494
4281000	31	-3236	3004	309002
4291000	32	-3232	3073	309399
4301000	33	-3225	3190	310057
4311000	35	-3215	3408	311028
4321000	34	-3199	3322	312547
4331000	34	-3183	3362	314136
4341000	37	-3176	3620	314862
4351000	37	-3172	3676	315189
4361000	38	-3165	3752	315944
4371000	37	-3155	3674	316923
4381000	32	-3150	3258	317390
4391000	29	-3144	2978	318069
4401000	31	-3138	3169	318651
4411000	34	-3133	3467	319189
4421000	36	-3121	3649	320322
4431000	36	-3112	3708	321345
4441000	34	-3098	3571	322746
4451000	31	-3093	3261	323317
4461000	35	-3085	3711	324057
4471000	37	-3076	3921	325051
4481000	36	-3064	3799	326281
4491000	39	-3055	4138	327244
4501000	40	-3049	4288	327940
4511000	41	-3044	4466	328459
4521000	41	-3039	4477	329043
4531000	40	-3034	4333	329492
4541000	35	-3024	3846	330645
4551000	32	-3013	3556	331864
4561000	32	-3003	3506	332933
4571000	32	-2995	3551	333797
4581000	34	-2991	3836	334316
4591000	34	-2986	3769	334879
4601000	33	-2982	3743	335288
4611000	30	-2974	3416	336245
4621000	27	-2968	3089	336912
4631000	28	-2960	3219	337804
4641000	33	-2951	3776	338802
4651000	39	-2946	4444	339440
4661000	39	-2936	4489	340507
4671000	37	-2927	4296	341622
4681000	31	-2917	3658	342745
4691000	31	-2910	3718	343627
4701000	33	-2907	3922	343939
4711000	26	-2898	3124	345066
4721000	24	-2890	2908	346007
4731000	21	-2884	2490	346744
4741000	23	-2878	2760	347420
4751000	24	-2871	2900	348249
4761000	30	-2863	3687	349256
4771000	30	-2858	3732	349899
4781000	34	-2853	4134	350426
4791000	32	-2844	3963	351621
4801000	31	-2836	3846	352523
4811000	30	-2824	3752	354074
4821000	27	-2815	3359	355151
4831000	33	-2807	4186	356192
4841000	35	-2803	4486	356655
4851000	36	-2802	4557	356879
4861000	33	-2794	4225	357820
4871000	32	-2789	4117	358494
4881000	32	-2783	4113	359248
4891000	29	-2780	3737	359622
4901000	30	-2774	3885	360455
4911000	33	-2769	4242	361054
4921000	33	-2762	4335	361965
4931000	32	-2756	4267	362844
4941000	33	-2747	4379	363974
4951000	29	-2736	3928	365465
4961000	26	-2727	3558	366618
4971000	24	-2724	3187	367037
4981000	26	-2716	3508	368116
4991000	27	-2710	3707	368948
5001000	28	-2704	3832	369846
5011000	30	-2691	4201	371511
5021000	32	-2684	4439	372548
5031000	37	-2679	5110	373212
5041000	38	-2674	5249	373863
5051000	37	-2670	5212	374444
5061000	38	-2663	5332	375399
5071000	34	-2660	4851	375869
5081000	30	-2654	4194	376771
5091000	29	-2646	4089	377950
5101000	24	-2635	3407	379421
5111000	23	-2630	3285	380159
5121000	25	-2626	3563	380785
5131000	29	-2619	4232	381794
5141000	28	-2613	4164	382678
5151000	27	-2607	4000	383608
5161000	27	-2599	3934	384746
5171000	26	-2595	3872	385369
5181000	24	-2589	3559	386214
5191000	25	-2582	3811	387332
5201000	33	-2572	4934	388768
5211000	35	-2568	5270	389365
5221000	38	-2565	5744	389770
5231000	35	-2559	5319	390774
5241000	33	-2555	5047	391376
5251000	30	-2548	4654	392391
5261000	28	-2542	4352	393323
5271000	27	-2537	4184	394082
5281000	25	-2532	3850	394966
5291000	23	-2529	3663	395445
5301000	20	-2520	3177	396825
5311000	23	-2510	3697	398346
5321000	23	-2503	3748	399437
5331000	23	-2499	3752	400045
5341000	24	-2495	3893	400815
5351000	26	-2492	4267	401250
5361000	27	-2489	4380	401711
5371000	28	-2485	4574	402409
5381000	28	-2481	4569	403017
5391000	29	-2474	4719	404115
5401000	28	-2464	4533	405795
5411000	28	-2451	4679	407911
5421000	26	-2443	4304	409214
5431000	28	-2440	4737	409730
5441000	30	-2433	5101	410903
5451000	29	-2432	4915	411062
5461000	27	-2427	4665	411899
5471000	26	-2423	4423	412729
5481000	26	-2417	4399	413656
5491000	24	-2415	4045	413995
5501000	20	-2407	3463	415492
5511000	19	-2404	3261	415997
5521000	21	-2400	3600	416627
5531000	24	-2396	4210	417267
5541000	29	-2391	4989	418127
5551000	32	-2386	5602	419118
5561000	33	-2381	5894	419858
5571000	32	-2374	5695	421126
5581000	32	-2370	5610	421810
5591000	30	-2363	5300	423110
5601000	29	-2352	5282	425079
5611000	30	-2348	5527	425802
5621000	31	-2340	5610	427345
5631000	34	-2334	6247	428384
5641000	32	-2328	5868	429409
5651000	30	-2323	5626	430352
5661000	30	-2317	5521	431458
5671000	29	-2314	5507	432156
5681000	29	-2312	5477	432482
5691000	28	-2307	5227	433359
5701000	30	-2303	5719	434200
5711000	31	-2302	5829	434384
5721000	32	-2298	6050	435126
5731000	32	-2291	6110	436405
5741000	32	-2286	6215	437362
5751000	33	-2282	6260	438113
5761000	29	-2274	5695	439742
5771000	28	-2269	5444	440721
5781000	23	-2261	4564	442230
5791000	20	-2256	3862	443164
5801000	19	-2254	3767	443569
5811000	23	-2249	4582	444529
5821000	22	-2247	4355	445036
5831000	24	-2240	4872	446331
5841000	29	-2237	5804	446896
5851000	29	-2229	5833	448576
5861000	31	-2224	6366	449536
5871000	34	-2217	6836	450906
5881000	32	-2210	6525	452326
5891000	31	-2207	6422	453113
5901000	30	-2202	6225	454097
5911000	30	-2202	6203	454046
5921000	32	-2197	6693	455071
5931000	31	-2194	6370	455689
5941000	33	-2193	6861	455973
5951000	31	-2187	6424	457169
5961000	29	-2182	6145	458183
5971000	27	-2176	5671	459408
5981000	24	-2169	5141	460982
5991000	25	-2162	5256	462391
6001000	26	-2157	5581	463590
6011000	26	-2154	5699	464180
6021000	27	-2149	5816	465191
6031000	23	-2147	5099	465818
6041000	22	-2139	4918	467516
6051000	21	-2132	4525	469000
6061000	22	-2126	4933	470240
6071000	24	-2121	5270	471499
6081000	27	-2116	6143	472603
6091000	28	-2109	6196	474175
6101000	30	-2107	6694	474423
6111000	30	-2104	6778	475112
6121000	31	-2102	7089	475548
6131000	29	-2099	6533	476414
6141000	29	-2098	6701	476610
6151000	30	-2097	6886	476773
6161000	25	-2092	5731	477859
6171000	22	-2085	5115	479625
6181000	20	-2083	4569	480058
6191000	16	-2074	3756	482055
6201000	18	-2067	4224	483710
6211000	19	-2063	4561	484642
6221000	19	-2060	4518	485498
6231000	25	-2056	6023	486203
6241000	24	-2050	5800	487630
6251000	23	-2046	5407	488756
6261000	24	-2044	5753	489206
6271000	19	-2038	4679	490554
6281000	20	-2034	4937	491511
6291000	20	-2030	4764	492460
6301000	20	-2028	4893	493167
6311000	20	-2024	4793	494050
6321000	25	-2020	6014	495054
6331000	25	-2012	6298	496943
6341000	30	-2007	7326	498160
6351000	31	-2003	7622	499153
6361000	33	-2000	8135	499942
6371000	34	-1997	8469	500498
6381000	31	-1992	7895	501888
6391000	29	-1988	7319	502793
6401000	28	-1986	7147	503298
6411000	25	-1982	6463	504338
6421000	22	-1978	5560	505543
6431000	20	-1973	5180	506781
6441000	20	-1970	5269	507541
6451000	20	-1970	5108	507632
6461000	20	-1965	5169	508907
6471000	22	-1960	5848	510147
6481000	21	-1955	5418	511414
6491000	22	-1947	5723	513446
6501000	21	-1945	5558	513978
6511000	22	-1939	5833	515544
6521000	23	-1934	6125	517110
6531000	23	-1932	6181	517414
6541000	22	-1927	6047	518961
6551000	25	-1926	6735	519187
6561000	26	-1922	7050	520290
6571000	27	-1918	7366	521398
6581000	31	-1914	8423	522248
6591000	34	-1905	9445	524668
6601000	34	-1903	9290	525219
6611000	33	-1902	9129	525732
6621000	32	-1898	8958	526850
6631000	29	-1891	7978	528658
6641000	26	-1888	7303	529656
6651000	22	-1884	6088	530695
6661000	19	-1879	5319	532285
6671000	20	-1876	5648	532858
6681000	20	-1873	5674	533723
6691000	18	-1870	5169	534578
6701000	18	-1866	5216	535937
6711000	21	-1865	5904	536237
6721000	20	-1863	5767	536744
6731000	20	-1856	5734	538719
6741000	20	-1851	5744	540147
6751000	22	-1844	6327	542138
6761000	20	-1843	5848	542455
6771000	20	-1837	5817	544449
6781000	18	-1835	5367	544789
6791000	18	-1831	5464	546192
6801000	18	-1827	5301	547386
6811000	20	-1827	5947	547157
6821000	21	-1825	6369	547827
6831000	23	-1820	6982	549359
6841000	23	-1819	7035	549710
6851000	25	-1816	7642	550681
6861000	28	-1810	8564	552496
6871000	29	-1806	9009	553647
6881000	32	-1801	9714	555145
6891000	31	-1794	9661	557288
6901000	31	-1789	9704	558830
6911000	30	-1785	9438	560065
6921000	27	-1778	8544	562387
6931000	25	-1777	8011	562718
6941000	25	-1772	7995	564322
6951000	25	-1772	7833	564354
6961000	26	-1770	8273	564962
6971000	21	-1764	6733	566724
6981000	22	-1760	7125	568004
6991000	22	-1759	7216	568380
7001000	19	-1756	6291	569563
7011000	18	-1750	5946	571490
7021000	17	-1746	5591	572809
7031000	20	-1741	6557	574147
7041000	20	-1739	6767	575021
7051000	21	-1735	7100	576383
7061000	21	-1732	7068	577413
7071000	23	-1730	7709	577848
7081000	22	-1728	7437	578534
7091000	21	-1726	7163	579221
7101000	24	-1724	8184	579974
7111000	26	-1721	8901	581080
7121000	27	-1717	9299	582374
7131000	28	-1712	9400	583978
7141000	31	-1710	10478	584763
7151000	32	-1703	11202	587098
7161000	33	-1699	11536	588514
7171000	30	-1691	10468	591185
7181000	29	-1687	10118	592641
7191000	25	-1682	8736	594271
7201000	26	-1678	9304	595717
7211000	25	-1676	8747	596669
7221000	24	-1672	8418	598103
7231000	23	-1670	8410	598518
7241000	24	-1666	8719	600006
7251000	22	-1665	8083	600370
7261000	23	-1661	8483	601792
7271000	23	-1658	8501	602910
7281000	22	-1654	8186	604384
7291000	22	-1651	8015	605732
7301000	20	-1648	7306	606787
7311000	21	-1646	7727	607577
7321000	21	-1643	7826	608713
7331000	20	-1639	7439	610158
7341000	22	-1637	8192	610654
7351000	20	-1634	7471	611771
7361000	20	-1635	7586	611515
7371000	22	-1633	8112	612261
7381000	23	-1631	8590	613039
7391000	21	-1630	7841	613441
7401000	21	-1629	7909	613947
7411000	24	-1624	8969	615533
7421000	24	-1621	8943	616685
7431000	26	-1619	10062	617552
7441000	28	-1614	10846	619537
7451000	31	-1609	12026	621141
7461000	30	-1607	11449	622194
7471000	32	-1601	12589	624543
7481000	32	-1596	12558	626492
7491000	32	-1593	12574	627671
7501000	28	-1588	11030	629569
7511000	27	-1586	10676	630428
7521000	27	-1583	10675	631649
7531000	24	-1577	9569	633932
7541000	22	-1576	9044	634255
7551000	21	-1574	8619	635064
7561000	24	-1575	9500	634872
7571000	25	-1573	9923	635743
7581000	21	-1569	8727	637270
7591000	21	-1566	8694	638486
7601000	20	-1564	8343	639331
7611000	18	-1561	7550	640595
7621000	20	-1558	8417	641890
7631000	17	-1554	7228	643396
7641000	20	-1550	8381	645181
7651000	22	-1547	9269	646469
7661000	24	-1543	10084	647827
7671000	25	-1541	10474	648741
7681000	25	-1537	10766	650471
7691000	25	-1532	10689	652627
7701000	27	-1533	11357	651921
7711000	26	-1530	10985	653556
7721000	29	-1526	12656	654971
7731000	30	-1524	13043	655961
7741000	32	-1521	13794	657341
7751000	32	-1516	13711	659557
7761000	32	-1511	14080	661320
7771000	35	-1507	15364	663177
7781000	33	-1504	14539	664504
7791000	33	-1501	14633	665895
7801000	32	-1493	14153	669308
7811000	31	-1491	13745	670217
7821000	28	-1488	12479	671947
7831000	25	-1486	11180	672827
7841000	23	-1482	10645	674573
7851000	24	-1480	11125	675657
7861000	20	-1477	9311	676912
7871000	20	-1477	9054	676988
7881000	22	-1474	10020	678404
7891000	23	-1472	10500	679412
7901000	24	-1469	10917	680433
7911000	25	-1468	11791	681079
7921000	26	-1464	12103	682958
7931000	28	-1460	13024	684528
7941000	28	-1457	13061	685940
7951000	27	-1455	12599	686954
7961000	27	-1452	12586	688424
7971000	30	-1452	14174	688554
7981000	27	-1450	12837	689468
7991000	25	-1447	11918	690828
8001000	26	-1443	12355	692825
8011000	26	-1442	12368	693365
8021000	23	-1440	10947	694312
8031000	21	-1437	9928	695771
8041000	23	-1435	10929	696456
8051000	23	-1434	11049	696948
8061000	23	-1431	11177	698459
8071000	23	-1430	11157	699048
8081000	29	-1423	14280	702247
8091000	28	-1419	13663	704210
8101000	32	-1418	15703	704927
8111000	32	-1414	16197	707023
8121000	31	-1412	15721	708102
8131000	32	-1405	16086	711159
8141000	34	-1404	17204	711812
8151000	35	-1398	17649	714849
8161000	36	-1398	18202	714988
8171000	33	-1395	17140	716468
8181000	31	-1392	16095	718008
8191000	28	-1388	14538	720048
8201000	24	-1385	12466	721582
8211000	26	-1384	13568	722196
8221000	25	-1380	13047	724350
8231000	23	-1381	12256	723763
8241000	26	-1379	13699	725045
8251000	23	-1375	11995	727064
8261000	24	-1373	12496	728242
8271000	25	-1369	13505	729945
8281000	22	-1368	12009	731024
8291000	24	-1362	12840	733834
8301000	21	-1359	11140	735921
8311000	21	-1354	11651	738148
8321000	20	-1353	10671	738673
8331000	20	-1349	11056	740953
8341000	20	-1344	10860	743739
8351000	18	-1343	9783	744306
8361000	21	-1341	11428	745718
8371000	19	-1340	10327	746251
8381000	19	-1337	10788	747598
8391000	24	-1338	13214	747302
8401000	22	-1332	12557	750566
8411000	22	-1333	12591	750221
8421000	24	-1329	13552	752093
8431000	26	-1328	14557	752844
8441000	27	-1322	15578	755874
8451000	29	-1319	16705	757710
8461000	32	-1315	18292	760261
8471000	32	-1313	18284	760925
8481000	33	-1311	18906	762223
8491000	34	-1309	19573	763462
8501000	34	-1307	20075	764801
8511000	35	-1304	20603	766089
8521000	34	-1302	20007	767362
8531000	34	-1299	20034	769197
8541000	30	-1293	18041	772769
8551000	29	-1291	17366	774038
8561000	27	-1286	16093	776974
8571000	27	-1283	16152	778834
8581000	29	-1277	17682	782717
8591000	27	-1276	16460	783383
8601000	24	-1274	14531	784593
8611000	26	-1273	15766	785486
8621000	25	-1270	15721	787386
8631000	26	-1267	16288	788851
8641000	25	-1267	15694	788945
8651000	25	-1269	15387	787817
8661000	26	-1264	16437	791069
8671000	26	-1262	16425	791891
8681000	26	-1261	16388	792656
8691000	27	-1261	17175	792841
8701000	26	-1259	16585	794175
8711000	26	-1257	16526	794953
8721000	26	-1256	16464	795781
8731000	24	-1255	15207	796459
8741000	26	-1254	16588	797321
8751000	22	-1251	14060	799102
8761000	26	-1249	16527	800109
8771000	25	-1247	15755	801533
8781000	24	-1246	15767	802346
8791000	26	-1244	17058	803244
8801000	25	-1238	16135	807203
8811000	25	-1234	16603	809976
8821000	30	-1229	19703	812999
8831000	31	-1229	20609	813124
8841000	32	-1225	20999	815890
8851000	32	-1221	21527	818719
8861000	35	-1218	23539	820413
8871000	34	-1218	22934	820472
8881000	35	-1216	23547	821988
8891000	34	-1213	22780	823475
8901000	33	-1213	22192	823596
8911000	33	-1212	22375	824358
8921000	33	-1209	22291	826529
8931000	32	-1209	21587	826668
8941000	31	-1208	21571	827533
8951000	27	-1205	18857	829508
8961000	28	-1203	19517	831099
8971000	28	-1201	19433	831997
8981000	26	-1198	17855	834148
8991000	26	-1197	17909	835003
9001000	22	-1191	15580	839122
9011000	22	-1190	15524	840024
9021000	22	-1187	15351	842321
9031000	21	-1185	14671	843836
9041000	21	-1182	15354	845511
9051000	18	-1181	13043	846895
9061000	19	-1175	14066	850827
9071000	25	-1173	18374	852175
9081000	22	-1171	16252	853573
9091000	25	-1169	18317	855387
9101000	24	-1164	17345	858439
9111000	23	-1161	17122	860862
9121000	24	-1159	17785	862607
9131000	22	-1158	16375	863408
9141000	22	-1158	16473	862890
9151000	21	-1153	16063	866812
9161000	24	-1149	18024	870201
9171000	22	-1145	16985	873304
9181000	25	-1145	18718	872883
9191000	19	-1142	14672	875759
9201000	23	-1138	17575	878567
9211000	28	-1134	22045	881476
9221000	27	-1130	20983	884774
9231000	28	-1129	21752	885047
9241000	27	-1127	20882	886789
9251000	28	-1127	21689	887032
9261000	29	-1123	23106	889644
9271000	29	-1124	23276	889055
9281000	29	-1121	23114	891659
9291000	28	-1121	22307	891778
9301000	26	-1122	20808	891047
9311000	28	-1120	22396	892190
9321000	28	-1117	22202	894822
9331000	26	-1118	20644	894076
9341000	27	-1117	21420	894411
9351000	27	-1116	21509	895328
9361000	27	-1112	22135	898901
9371000	29	-1111	23071	899220
9381000	27	-1109	22186	900958
9391000	25	-1108	20501	901850
9401000	25	-1107	20407	902883
9411000	27	-1100	22386	908269
9421000	23	-1098	18840	910692
9431000	21	-1094	17744	914087
9441000	23	-1090	19354	917055
9451000	21	-1086	18157	920615
9461000	21	-1083	17890	923391
9471000	21	-1081	17873	924503
9481000	20	-1076	17464	929036
9491000	20	-1077	17527	928486
9501000	20	-1073	17215	931366
9511000	19	-1071	16149	933228
9521000	18	-1070	16142	934363
9531000	18	-1069	16180	935514
9541000	18	-1065	15932	938423
9551000	19	-1067	17036	936980
9561000	20	-1066	17902	937390
9571000	21	-1060	18256	943051
9581000	19	-1061	16527	942229
9591000	18	-1060	16382	943292
9601000	21	-1053	18670	949221
9611000	20	-1055	18027	947500
9621000	24	-1051	21384	950929
9631000	21	-1046	19048	955518
9641000	24	-1043	21697	957955
9651000	27	-1040	25168	961310
9661000	27	-1033	25507	967333
9671000	26	-1031	24384	969447
9681000	24	-1030	22391	970482
9691000	27	-1027	25118	973018
9701000	24	-1026	23240	974063
9711000	25	-1022	23842	978270
9721000	23	-1021	21880	979377
9731000	23	-1019	21810	980646
9741000	22	-1018	21659	981955
9751000	23	-1017	22591	982333
9761000	22	-1015	21367	984410
9771000	23	-1013	22297	986780
9781000	21	-1014	20537	985893
9791000	21	-1015	20567	985245
9801000	23	-1010	23019	989839
9811000	23	-1012	22166	988098
9821000	23	-1009	23057	990478
9831000	23	-1009	22117	990688
9841000	24	-1007	23896	992227
9851000	26	-1006	25795	993770
9861000	24	-1005	23790	994878
9871000	29	-1001	28713	997698
9881000	30	-999	29561	1000140
9891000	30	-1000	29681	999419
9901000	29	-994	29218	1004897
9911000	30	-996	30361	1003196
9921000	30	-989	30750	1009707
9931000	31	-991	31980	1008106
9941000	29	-986	29580	1013373
9951000	31	-986	31869	1012867
9961000	26	-982	27153	1018085
9971000	25	-979	25823	1020443
9981000	25	-978	25637	1021758
9991000	24	-977	25589	1023191
10001000	22	-972	22851	1028591
10011000	23	-971	23854	1029082
10021000	23	-971	24901	1029567
10031000	25	-965	26629	1035538
10041000	24	-965	25579	1035815
10051000	27	-959	29409	1042144
10061000	25	-956	26953	1045591
10071000	26	-955	28056	1046116
10081000	29	-951	32096	1050307
10091000	26	-951	28685	1050389
10101000	27	-946	30359	1056653
10111000	27	-944	30383	1058206
10121000	24	-939	27548	1064052
10131000	26	-941	28860	1062223
10141000	24	-938	27391	1064834
10151000	24	-939	27455	1064052
10161000	23	-937	26010	1066564
10171000	21	-938	23808	1065520
10181000	22	-938	24900	1066003
10191000	18	-934	20919	1070736
10201000	18	-930	20570	1074643
10211000	19	-928	21497	1077564
10221000	18	-926	21346	1079195
10231000	17	-926	20193	1079499
10241000	15	-925	17638	1080816
10251000	18	-922	20799	1084061
10261000	17	-922	19529	1084347
10271000	18	-921	20734	1084912
10281000	16	-920	18331	1086290
10291000	20	-917	24072	1089868
10301000	20	-916	23857	1091444
10311000	20	-914	23638	1093088
10321000	21	-911	25681	1097544
10331000	23	-909	28035	1099497
10341000	25	-909	30468	1098965
10351000	24	-904	29762	1105662
10361000	25	-906	30158	1102388
10371000	23	-905	27620	1103804
10381000	26	-901	32222	1108625
10391000	26	-902	32407	1107823
10401000	24	-901	29719	1109261
10411000	26	-899	32077	1111193
10421000	27	-895	34145	1115713
10431000	27	-897	33064	1113489
10441000	27	-895	34144	1116605
10451000	25	-894	31487	1118125
10461000	26	-891	32434	1121328
10471000	24	-889	30691	1124277
10481000	26	-887	33112	1126318
10491000	26	-882	33861	1132206
10501000	27	-883	33982	1131377
10511000	27	-881	34906	1134595
10521000	26	-875	34155	1141772
10531000	30	-871	39228	1146914
10541000	27	-866	35760	1153981
10551000	24	-863	32608	1158363
10561000	27	-858	36105	1164980
10571000	25	-859	33440	1163773
10581000	25	-854	34104	1170079
10591000	26	-853	35425	1170744
10601000	21	-851	29245	1174957
10611000	19	-852	26637	1173737
10621000	22	-849	30572	1177681
10631000	23	-848	31861	1178278
10641000	25	-846	34475	1180543
10651000	22	-845	31393	1182194
10661000	21	-845	29855	1182532
10671000	21	-844	29625	1184579
10681000	24	-846	32928	1181180
10691000	21	-845	29760	1182872
10701000	23	-841	32253	1188174
10711000	23	-842	32370	1187308
10721000	24	-841	33844	1188127
10731000	26	-841	36892	1187615
10741000	23	-839	32077	1190625
10751000	20	-841	27879	1187713
10761000	23	-837	33144	1193356
10771000	25	-836	35917	1195769
10781000	24	-835	34490	1196259
10791000	23	-832	33873	1201244
10801000	23	-830	33564	1203318
10811000	22	-830	32002	1203821
10821000	26	-830	38123	1203636
10831000	24	-826	35836	1210106
10841000	25	-821	36520	1216941
10851000	28	-819	42442	1219778
10861000	24	-816	35720	1224332
10871000	24	-815	35491	1226534
10881000	23	-811	34887	1231889
10891000	25	-809	37870	1234514
10901000	26	-805	40394	1240285
10911000	26	-801	41205	1247517
10921000	26	-805	40136	1241539
10931000	26	-798	40603	1252102
10941000	25	-800	39324	1249362
10951000	27	-796	42100	1255323
10961000	27	-793	43289	1259501
10971000	25	-794	40035	1258105
10981000	29	-790	46022	1264582
10991000	28	-794	45063	1258448
11001000	27	-793	43262	1258978
11011000	31	-786	50450	1270604
11021000	31	-782	49816	1276433
11031000	32	-780	53022	1279243
11041000	34	-779	56265	1282037
11051000	33	-780	54832	1279245
11061000	36	-775	59298	1287401
11071000	39	-774	64488	1288582
11081000	36	-773	60705	1290677
11091000	38	-771	64014	1293417
11101000	36	-770	60381	1295682
11111000	35	-770	58654	1296357
11121000	38	-769	63790	1297503
11131000	40	-769	67320	1296812
11141000	36	-767	61533	1300667
11151000	35	-765	59295	1304798
11161000	36	-764	60958	1305787
11171000	33	-763	57145	1308086
11181000	33	-765	55650	1305164
11191000	32	-759	54723	1314989
11201000	31	-759	52915	1315679
11211000	27	-754	48122	1325259
11221000	30	-753	53604	1326725
11231000	32	-754	55700	1323963
11241000	31	-747	56243	1336161
11251000	30	-747	54252	1336782
11261000	29	-744	51842	1341193
11271000	28	-744	49973	1342004
11281000	27	-737	50436	1354569
11291000	31	-735	57818	1358128
11301000	28	-738	50528	1352320
11311000	26	-733	49284	1362912
11321000	29	-733	53396	1362284
11331000	29	-734	53381	1361098
11341000	25	-730	46511	1369142
11351000	28	-728	52380	1370814
11361000	30	-729	56478	1370145
11371000	26	-727	49944	1374510
11381000	28	-723	53172	1381902
11391000	28	-725	53682	1376810
11401000	26	-724	49221	1379208
11411000	24	-722	46531	1383914
11421000	25	-721	48420	1385044
11431000	24	-719	45801	1389904
11441000	23	-717	45401	1392945
11451000	24	-716	47199	1394113
11461000	23	-716	44969	1394735
11471000	20	-711	39219	1405543
11481000	21	-712	41689	1402608
11491000	19	-708	38256	1411653
11501000	20	-707	40205	1412957
11511000	18	-708	36147	1411300
11521000	18	-707	35698	1414449
11531000	17	-706	33410	1415063
11541000	23	-698	46605	1430891
11551000	24	-692	49395	1443456
11561000	23	-688	48361	1451075
11571000	21	-695	43211	1437982
11581000	21	-692	44536	1443702
11591000	27	-690	55525	1446352
11601000	28	-683	60553	1461762
11611000	29	-677	63711	1474794
11621000	29	-681	62148	1466302
11631000	29	-678	63813	1472391
11641000	30	-677	65918	1473774
11651000	32	-675	70116	1477600
11661000	30	-673	67114	1483129
11671000	30	-671	66727	1486669
11681000	31	-673	69365	1483389
11691000	30	-670	66300	1489038
11701000	32	-668	70641	1493182
11711000	32	-669	70602	1491988
11721000	30	-668	67972	1492883
11731000	29	-668	65348	1493854
11741000	30	-667	67529	1495167
11751000	32	-667	72450	1494679
11761000	31	-665	69478	1500306
11771000	32	-664	71614	1501728
11781000	30	-660	68016	1512425
11791000	31	-663	71190	1504050
11801000	30	-661	68067	1509955
11811000	29	-659	67487	1513487
11821000	28	-659	64881	1514409
11831000	30	-660	67721	1511150
11841000	32	-655	73921	1523006
11851000	30	-656	68892	1521191
11861000	28	-654	65673	1527228
11871000	30	-652	70131	1531582
11881000	32	-648	76959	1538665
11891000	30	-647	71329	1541997
11901000	27	-647	63366	1542478
11911000	30	-646	70763	1544723
11921000	28	-636	67889	1569621
11931000	26	-641	63801	1557113
11941000	26	-634	64253	1574624
11951000	30	-634	75000	1574348
11961000	21	-634	52971	1576002
11971000	21	-629	54047	1588287
11981000	21	-625	52668	1597916
11991000	22	-626	55861	1594542
12001000	25	-622	65592	1605511
12011000	21	-618	55405	1617145
12021000	19	-616	49006	1620678
12031000	21	-619	55386	1614463
12041000	19	-614	50584	1626673
12051000	20	-615	53813	1622983
12061000	20	-612	52250	1633164
12071000	18	-609	48075	1640099
12081000	23	-608	62204	1643519
12091000	24	-607	64734	1645433
12101000	25	-603	69113	1656668
12111000	28	-594	78397	1680709
12121000	29	-592	83748	1685902
12131000	26	-594	74942	1680209
12141000	30	-591	86472	1686729
12151000	29	-591	82949	1687985
12161000	28	-591	79459	1689263
12171000	29	-590	82275	1691222
12181000	30	-588	87695	1696693
12191000	30	-588	87540	1695184
12201000	31	-585	89819	1703251
12211000	30	-585	86634	1704509
12221000	31	-583	92125	1710539
12231000	31	-583	92232	1709199
12241000	32	-584	92272	1707610
12251000	32	-583	95105	1709699
12261000	29	-581	84468	1716698
12271000	32	-580	93843	1719640
12281000	34	-580	100055	1718600
12291000	30	-580	90062	1719351
12301000	27	-582	80856	1713778
12311000	32	-576	95142	1730197
12321000	30	-577	88593	1728349
12331000	29	-575	87927	1733362
12341000	27	-576	81256	1731005
12351000	32	-573	96446	1741113
12361000	27	-575	80323	1734238
12371000	27	-572	82323	1742944
12381000	24	-572	71859	1743940
12391000	26	-567	79701	1760581
12401000	28	-567	86474	1759591
12411000	33	-556	107221	1791743
12421000	28	-564	88518	1767050
12431000	29	-558	93303	1787170
12441000	27	-553	87519	1802681
12451000	24	-558	78392	1789265
12461000	26	-550	85848	1814107
12471000	33	-553	109012	1800681
12481000	24	-553	79559	1803286
12491000	31	-549	103382	1815208
12501000	27	-547	91021	1823053
12511000	32	-547	105534	1823049
12521000	27	-548	90672	1819816
12531000	25	-547	82356	1825046
12541000	26	-545	88664	1831575
12551000	23	-545	77049	1832244
12561000	30	-543	102403	1837280
12571000	25	-542	86483	1841439
12581000	27	-540	92987	1848035
12591000	25	-541	85405	1845675
12601000	26	-542	89447	1841018
12611000	27	-541	92607	1843419
12621000	28	-540	95981	1846181
12631000	26	-541	88274	1843890
12641000	24	-539	82839	1852985
12651000	22	-536	77393	1862207
12661000	30	-536	104475	1859883
12671000	24	-537	84842	1859615
12681000	27	-535	95669	1863698
12691000	26	-535	91257	1865611
12701000	28	-533	97832	1872420
12711000	37	-519	137478	1918577
12721000	32	-527	115127	1890397
12731000	28	-528	99175	1887453
12741000	30	-523	109011	1906875
12751000	34	-514	126390	1935657
12761000	31	-517	114183	1928917
12771000	30	-518	109901	1923139
12781000	30	-515	112316	1934282
12791000	39	-508	148652	1957108
12801000	34	-507	130628	1962146
12811000	37	-502	146167	1979286
12821000	35	-506	137992	1968144
12831000	34	-503	132280	1978708
12841000	36	-499	144057	1992083
12851000	33	-500	130073	1993298
12861000	27	-497	110030	2007119
12871000	31	-494	126936	2016202
12881000	30	-496	122549	2009787
12891000	29	-492	120149	2025785
12901000	28	-494	116000	2018525
12911000	33	-493	133776	2019054
12921000	25	-487	107027	2046953
12931000	22	-490	93266	2038571
12941000	31	-491	126692	2027385
12951000	24	-488	101323	2045788
12961000	26	-488	110753	2044846
12971000	20	-483	87811	2068496
12981000	25	-484	107829	2059720
12991000	23	-483	96924	2066754
13001000	20	-482	85955	2072767
13011000	20	-484	87063	2060930
13021000	20	-483	85325	2068186
13031000	19	-481	83588	2075679
13041000	20	-480	87477	2079010
13051000	20	-481	87093	2077498
13061000	22	-478	94896	2086827
13071000	20	-476	87514	2098827
13081000	20	-478	88841	2087290
13091000	21	-475	90858	2101119
13101000	17	-475	75064	2101942
13111000	19	-473	82983	2111084
13121000	17	-467	78419	2138838
13131000	27	-473	118397	2106865
13141000	21	-464	96311	2148647
13151000	25	-464	116754	2149913
13161000	22	-464	100258	2150563
13171000	20	-465	90027	2146534
13181000	20	-458	95079	2177610
13191000	25	-454	119117	2195462
13201000	19	-455	91239	2194559
13211000	17	-452	83587	2207575
13221000	22	-447	112460	2233012
13231000	19	-449	96365	2223550
13241000	20	-451	98200	2210545
13251000	18	-443	91354	2253136
13261000	18	-440	93472	2269000
13271000	17	-442	88009	2259938
13281000	16	-444	83384	2250864
13291000	18	-436	93989	2291721
13301000	17	-437	88336	2282950
13311000	22	-439	112782	2273004
13321000	17	-440	89460	2267239
13331000	14	-433	76326	2304560
13341000	18	-428	96015	2330887
13351000	16	-428	88663	2333332
13361000	20	-422	114169	2366695
13371000	17	-420	98522	2375170
13381000	17	-422	92981	2365736
13391000	27	-414	158187	2405292
13401000	20	-419	114652	2378335
13411000	18	-418	100157	2386160
13421000	20	-417	117444	2392797
13431000	22	-412	126135	2418425
13441000	25	-409	149275	2434663
13451000	24	-409	141100	2437766
13461000	22	-412	129660	2419442
13471000	24	-412	141967	2418830
13481000	22	-409	132037	2435933
13491000	25	-406	148808	2456183
13501000	23	-409	136930	2438022
13511000	21	-406	126957	2454817
13521000	22	-402	134877	2482522
13531000	24	-405	144449	2460656
13541000	22	-402	134658	2477484
13551000	23	-404	142610	2469682
13561000	23	-402	139921	2481496
13571000	21	-401	131310	2484303
13581000	22	-404	132931	2467745
13591000	22	-401	135585	2488288
13601000	23	-402	142765	2480066
13611000	20	-399	123882	2503218
13621000	21	-403	127854	2472239
13631000	22	-401	139053	2485460
13641000	21	-401	129850	2489412
13651000	22	-400	135064	2494902
13661000	20	-399	126166	2497983
13671000	21	-395	135405	2526442
13681000	21	-399	130467	2501967
13691000	21	-395	133844	2522163
13701000	21	-399	129439	2496732
13711000	23	-393	145680	2533103
13721000	27	-387	176484	2572003
13731000	22	-394	143658	2527733
13741000	26	-388	174938	2567612
13751000	23	-390	152935	2555006
13761000	24	-383	160835	2600215
13771000	24	-386	160783	2582480
13781000	26	-380	179477	2620500
13791000	26	-380	178614	2617423
13801000	26	-381	178336	2614415
13811000	28	-373	202950	2663526
13821000	27	-379	189755	2626929
13831000	30	-377	211510	2634985
13841000	26	-379	178945	2629092
13851000	28	-375	198336	2653796
13861000	26	-374	187899	2658456
13871000	29	-367	215451	2707948
13881000	31	-367	231739	2706283
13891000	30	-370	214784	2686008
13901000	29	-370	213452	2683569
13911000	25	-362	187153	2746682
13921000	30	-364	223807	2729639
13931000	31	-369	226478	2693424
13941000	26	-361	200655	2757451
13951000	28	-361	216391	2755962
13961000	26	-365	194269	2723812
13971000	32	-362	243235	2743308
13981000	25	-356	198988	2791873
13991000	25	-355	196019	2806847
14001000	26	-356	207176	2795749
14011000	20	-353	163418	2824980
14021000	27	-359	205178	2772941
14031000	29	-355	229108	2798592
14041000	24	-347	200042	2868108
14051000	34	-353	271617	2806675
14061000	28	-350	228261	2838908
14071000	19	-337	162226	2954250
14081000	29	-342	247917	2902048
14091000	20	-337	178931	2952419
14101000	26	-335	226655	2965509
14111000	24	-328	226735	3035987
14121000	28	-332	251699	2993343
14131000	28	-319	271250	3111055
14141000	24	-319	234162	3115940
14151000	28	-326	261529	3048790
14161000	31	-324	291196	3059345
14171000	23	-312	230723	3186019
14181000	28	-320	272067	3105226
14191000	22	-311	222610	3203123
14201000	24	-310	245310	3202041
14211000	23	-312	233481	3184932
14221000	24	-314	244136	3170632
14231000	28	-310	287661	3195112
14241000	21	-305	228515	3258358
14251000	20	-309	206086	3227471
14261000	21	-304	221575	3274562
14271000	28	-308	287104	3217907
14281000	21	-310	213356	3207621
14291000	24	-307	256870	3233116
14301000	23	-303	248069	3277953
14311000	22	-301	245284	3301305
14321000	20	-299	225540	3333531
14331000	19	-301	214448	3313098
14341000	18	-300	197836	3321138
14351000	22	-295	253201	3368729
14361000	25	-301	271171	3300922
14371000	22	-300	242111	3318634
14381000	19	-299	210054	3334939
14391000	19	-297	217767	3347596
14401000	22	-297	242932	3347112
14411000	22	-300	244585	3315863
14421000	19	-291	225911	3419414
14431000	21	-294	241021	3379055
14441000	22	-295	252262	3365290
14451000	20	-293	232183	3398438
14461000	16	-293	189012	3399361
14471000	24	-293	282477	3395113
14481000	21	-289	245182	3441025
14491000	25	-292	290836	3399923
14501000	18	-285	216651	3500048
14511000	20	-290	238188	3429806
14521000	19	-286	226134	3481025
14531000	24	-287	284666	3456052
14541000	19	-282	242998	3533255
14551000	21	-282	268037	3531968
14561000	22	-281	279045	3542572
14571000	24	-276	315375	3590398
14581000	23	-280	286693	3551892
14591000	26	-274	338835	3615620
14601000	22	-273	299094	3640323
14611000	23	-272	307345	3653822
14621000	24	-274	312935	3617374
14631000	22	-270	303313	3673249
14641000	28	-270	381629	3660556
14651000	21	-269	288775	3701402
14661000	25	-269	338181	3685053
14671000	25	-266	348125	3729383
14681000	26	-267	360086	3711871
14691000	23	-262	328862	3788908
14701000	22	-260	322705	3816179
14711000	24	-258	354713	3848104
14721000	23	-259	334455	3824318
14731000	21	-259	309101	3837854
14741000	23	-251	364319	3948065
14751000	21	-256	315228	3881183
14761000	27	-252	413772	3926771
14771000	22	-254	336074	3913532
14781000	24	-246	397379	4028111
14791000	23	-248	378229	3998801
14801000	26	-240	442759	4123342
14811000	26	-239	452627	4138610
14821000	31	-240	536597	4095558
14831000	27	-234	489927	4211456
14841000	28	-233	507840	4228144
14851000	26	-232	475903	4248049
14861000	25	-235	449706	4215954
14871000	28	-229	532328	4301084
14881000	27	-229	505416	4315421
14891000	29	-228	540665	4317144
14901000	23	-228	440705	4346770
14911000	29	-227	552773	4329501
14921000	25	-224	499041	4410201
14931000	24	-222	486609	4451399
14941000	25	-219	522356	4499116
14951000	25	-219	520799	4496020
14961000	23	-215	482759	4603549
14971000	24	-218	507417	4530816
14981000	26	-221	531496	4453193
14991000	23	-217	494345	4564631
15001000	21	-218	443085	4550886
15011000	24	-216	508309	4581934
15021000	26	-215	550723	4577771
15031000	24	-213	516170	4646096
15041000	27	-213	589577	4617977
15051000	27	-213	584794	4613271
15061000	21	-209	482513	4740475
15071000	21	-209	475840	4733082
15081000	23	-207	521263	4781336
15091000	25	-209	576620	4722091
15101000	25	-205	584353	4805887
15111000	25	-205	576042	4802358
15121000	26	-203	627499	4849830
15131000	27	-209	603991	4701234
15141000	25	-203	588428	4859643
15151000	25	-202	606549	4880629
15161000	25	-202	603679	4869057
15171000	23	-202	567874	4888475
15181000	22	-200	551330	4938371
15191000	23	-201	571435	4915757
15201000	27	-197	679656	4975611
15211000	26	-197	646161	4990530
15221000	30	-196	758605	4993445
15231000	26	-196	657886	5012551
15241000	26	-195	683337	5033109
15251000	26	-193	678749	5087220
15261000	27	-190	729572	5153132
15271000	26	-190	708084	5153909
15281000	26	-192	678742	5113222
15291000	25	-190	674824	5164628
15301000	25	-187	696439	5259555
15311000	27	-185	784533	5296379
15321000	29	-188	811583	5183939
15331000	28	-188	778522	5205933
15341000	27	-186	767436	5263236
15351000	26	-186	744660	5264358
15361000	27	-185	773894	5298428
15371000	24	-184	696327	5357279
15381000	28	-183	834320	5348795
15391000	27	-182	786323	5376952
15401000	26	-182	768560	5377372
15411000	25	-184	730944	5327490
15421000	27	-184	790870	5323053
15431000	24	-183	704450	5384026
15441000	24	-181	722012	5418041
15451000	25	-180	750853	5446707
15461000	25	-181	751231	5427582
15471000	26	-180	778069	5457783
15481000	25	-180	765595	5444943
15491000	27	-177	828791	5513137
15501000	24	-175	780025	5622019
15511000	24	-175	769739	5611664
15521000	23	-175	747987	5612431
15531000	26	-167	893299	5850638
15541000	23	-172	775267	5707824
15551000	22	-172	727772	5734381
15561000	28	-171	920045	5693101
15571000	29	-168	988432	5774001
15581000	29	-165	1022559	5893235
15591000	27	-164	969846	5925613
15601000	32	-154	1287992	6224942
15611000	33	-159	1253782	6034982
15621000	29	-159	1118216	6077068
15631000	35	-151	1464861	6269536
15641000	33	-149	1418894	6413146
15651000	32	-149	1392127	6412823
15661000	34	-150	1429436	6346231
15671000	33	-148	1428268	6441354
15681000	33	-146	1466798	6497130
15691000	35	-146	1547737	6482356
15701000	36	-143	1658530	6550165
15711000	31	-143	1454629	6677740
15721000	33	-143	1545848	6654184
15731000	31	-144	1443230	6617175
15741000	34	-144	1555138	6595649
15751000	35	-141	1679142	6672385
15761000	32	-140	1540847	6798642
15771000	33	-137	1649833	6904992
15781000	31	-144	1446428	6627697
15791000	32	-139	1589938	6819960
15801000	35	-141	1680005	6673086
15811000	37	-138	1794100	6770336
15821000	32	-138	1603988	6850236
15831000	36	-136	1792248	6872235
15841000	33	-133	1751804	7057005
15851000	29	-138	1446170	6959534
15861000	30	-135	1548527	7058795
15871000	32	-135	1691088	7024400
15881000	31	-134	1636819	7078182
15891000	31	-135	1606504	7069836
15901000	31	-133	1650312	7151828
15911000	32	-134	1699986	7056320
15921000	32	-130	1778621	7225937
15931000	34	-134	1788795	7023003
15941000	30	-132	1637582	7174287
15951000	30	-131	1647010	7283051
15961000	30	-129	1719401	7319374
15971000	33	-129	1834477	7281899
15981000	24	-125	1480788	7688498
15991000	32	-128	1858462	7349201
16001000	24	-125	1520512	7731497
16011000	30	-125	1783771	7553380
16021000	26	-124	1614332	7716094
16031000	29	-122	1834447	7747647
16041000	24	-122	1532996	7906944
16051000	30	-121	1905142	7765429
16061000	25	-121	1639828	7910283
16071000	30	-120	1942994	7855218
16081000	29	-118	1956364	7993709
16091000	32	-112	2352051	8261623
16101000	20	-111	1577767	8689250
16111000	26	-106	2134460	8889935
16121000	37	-112	2649249	8078724
16131000	29	-109	2316812	8586877
16141000	29	-105	2422701	8876331
16151000	27	-103	2428190	9086650
16161000	34	-106	2713018	8566909
16171000	22	-103	1976984	9313247
16181000	27	-96	2679009	9673413
16191000	38	-100	3311704	8755124
16201000	22	-97	2273116	9816693
16211000	35	-95	3407878	9250909
16221000	35	-94	3510035	9374926
16231000	28	-92	2994316	9926542
16241000	33	-94	3357529	9507762
16251000	36	-91	3736379	9465417
16261000	28	-92	3027516	9981143
16271000	26	-91	2873667	10140519
16281000	19	-85	2536194	11224048
16291000	24	-87	2938709	10617058
16301000	19	-85	2508917	11136415
16311000	21	-81	2991654	11594830
16321000	31	-84	3849245	10519497
16331000	27	-80	3766724	11203604
16341000	24	-78	3680800	11740432
16351000	29	-78	4209544	11206532
16361000	26	-77	3899637	11670803
16371000	23	-76	3654681	12065730
16381000	24	-69	4547344	12896346
16391000	23	-65	4873181	13580188
16401000	32	-68	5694670	12109373
16411000	28	-68	5177478	12585881
16421000	27	-62	5880645	13540091
16431000	22	-68	4314881	13320588
16441000	34	-64	6425336	12180331
16451000	24	-58	6050927	14840432
16461000	28	-60	6349851	13797064
16471000	27	-56	6962520	14489697
16481000	37	-59	7591438	12207653
16491000	23	-51	7322094	16292692
16501000	25	-51	7876511	15759098
16511000	22	-49	7467016	16911131
16521000	34	-47	9939809	13992138
16531000	24	-47	8541177	16820237
16541000	27	-48	8736681	15901752
16551000	27	-47	9322115	15927647
16561000	26	-44	9769436	16895877
16571000	21	-46	8073621	17968179
16581000	22	-45	8618658	18065913
16591000	25	-45	9401347	16768308
16601000	36	-46	10405118	13538567
16611000	28	-46	9815776	15907135
16621000	29	-44	10431837	15771204
16631000	25	-38	11788684	18481688
16641000	26	-39	11596910	17827919
16651000	29	-43	10826424	15960384
16661000	26	-38	12290662	18041886
16671000	26	-38	12082447	17945334
16681000	25	-38	11991976	18370288
16691000	28	-40	11772529	16942555
16701000	22	-36	12443901	20277609
16711000	22	-36	12544950	20041296
16721000	28	-36	13235707	17319195
16731000	27	-40	11527652	17103727
16741000	23	-31	15261585	20604246
16751000	24	-31	15340782	20431171
16761000	24	-38	11977279	19081505
16771000	28	-32	15416799	17888606
