f/Hz	Re{Y}/µS	Im{Y}/µS	Re{Z}/mOhm	Im{Z}/mOhm
1000	433008	-129532	2120	634
11000	38817	-127033	2200	7200
21000	11374	-70905	2205	13750
31000	5303	-48694	2210	20296
41000	3049	-37002	2212	26843
51000	1993	-29841	2228	33362
61000	1403	-24978	2241	39910
71000	1026	-21462	2221	46487
81000	800	-18829	2254	53013
91000	634	-16768	2253	59551
101000	527	-15099	2310	66150
111000	438	-13746	2316	72676
121000	359	-12618	2253	79187
131000	315	-11655	2320	85741
141000	271	-10825	2309	92320
151000	241	-10113	2359	98829
161000	209	-9481	2329	105420
171000	183	-8921	2293	112044
181000	172	-8429	2424	118589
191000	156	-7993	2447	125058
201000	137	-7589	2381	131730
211000	129	-7225	2473	138370
221000	113	-6892	2376	145049
231000	108	-6599	2487	151497
241000	96	-6328	2391	157983
251000	87	-6067	2368	164785
261000	80	-5834	2354	171380
271000	81	-5633	2561	177503
281000	72	-5427	2438	184240
291000	71	-5242	2576	190743
301000	65	-5062	2518	197522
311000	57	-4894	2368	204304
321000	60	-4738	2650	211008
331000	64	-4599	3047	217415
341000	49	-4462	2472	224077
351000	50	-4335	2657	230659
361000	49	-4204	2770	237816
371000	42	-4103	2496	243698
381000	39	-3994	2425	250327
391000	44	-3882	2933	257593
401000	40	-3796	2758	263382
411000	40	-3696	2895	270557
421000	32	-3603	2485	277523
431000	32	-3516	2590	284378
441000	36	-3444	2998	290364
451000	26	-3369	2330	296779
461000	25	-3292	2314	303718
471000	33	-3223	3191	310266
481000	23	-3150	2344	317480
491000	27	-3082	2840	324438
501000	29	-3027	3189	330333
511000	32	-2959	3711	337921
521000	25	-2905	2972	344199
531000	17	-2851	2125	350745
541000	22	-2796	2819	357651
551000	22	-2749	2937	363804
561000	24	-2689	3358	371812
571000	19	-2650	2767	377307
581000	19	-2600	2737	384587
591000	24	-2557	3717	391081
601000	16	-2506	2516	398947
611000	20	-2471	3203	404645
621000	23	-2433	3827	411050
631000	16	-2387	2741	419005
641000	15	-2357	2684	424242
651000	12	-2315	2317	431938
661000	22	-2279	4295	438733
671000	22	-2251	4335	444178
681000	12	-2213	2386	451944
691000	15	-2177	3168	459239
701000	24	-2143	5120	466496
711000	14	-2110	3060	473858
721000	13	-2080	3098	480861
731000	15	-2058	3570	485920
741000	11	-2021	2784	494813
751000	13	-1990	3323	502421
761000	14	-1963	3652	509368
771000	13	-1948	3374	513378
781000	10	-1916	2809	521992
791000	16	-1886	4583	530299
801000	16	-1866	4603	536004
811000	15	-1853	4261	539750
821000	10	-1821	3118	549115
831000	9	-1800	2826	555534
841000	13	-1780	4034	561792
851000	21	-1754	6773	569995
861000	10	-1727	3399	579031
871000	8	-1715	2595	583199
881000	8	-1697	2760	589285
891000	11	-1675	3952	596817
901000	14	-1658	5047	603170
911000	15	-1631	5719	613190
921000	9	-1612	3582	620167
931000	3	-1594	1211	627447
941000	7	-1579	2668	633436
951000	11	-1564	4527	639216
961000	7	-1544	3131	647796
971000	3	-1525	1327	655689
981000	14	-1507	6305	663331
991000	11	-1485	5038	673290
1001000	10	-1474	4473	678355
1011000	10	-1465	4654	682619
1021000	12	-1454	5842	687826
1031000	6	-1430	2845	699236
1041000	7	-1417	3580	705813
1051000	9	-1401	4368	713550
1061000	13	-1384	6532	722631
1071000	16	-1371	8614	729335
1081000	17	-1361	9377	734852
1091000	12	-1347	6429	742264
1101000	7	-1328	4215	752846
1111000	7	-1318	3747	758740
1121000	6	-1309	3786	764136
1131000	3	-1298	1930	770695
1141000	2	-1281	1020	780586
1151000	11	-1267	6771	789147
1161000	15	-1259	9654	794267
1171000	14	-1251	8654	798962
1181000	6	-1237	4085	808427
1191000	3	-1228	1671	814577
1201000	1	-1217	560	822003
1211000	0	-1203	240	831229
1221000	1	-1190	715	840667
1231000	5	-1180	3660	847792
1241000	8	-1171	5495	853767
1251000	11	-1159	8204	863060
1261000	14	-1149	10792	869918
1271000	8	-1136	6348	880558
1281000	4	-1124	3007	889757
1291000	3	-1117	2087	894886
1301000	5	-1108	4177	902894
1311000	5	-1095	3967	913473
1321000	4	-1087	3696	919608
1331000	5	-1081	4437	924914
1341000	4	-1076	3409	929020
1351000	4	-1070	3880	935000
1361000	7	-1069	6475	935094
1371000	16	-1057	14142	946140
1381000	8	-1039	7751	962740
1391000	12	-1026	10935	974651
1401000	9	-1019	9153	981713
1411000	12	-1007	11911	993080
1421000	5	-1007	5323	992604
1431000	4	-997	4165	1002798
1441000	3	-991	2877	1009385
1451000	4	-983	4186	1016920
1461000	7	-978	7298	1022675
1471000	9	-970	9913	1031297
1481000	9	-964	9737	1037281
1491000	6	-957	6316	1044428
1501000	7	-948	7803	1054437
1511000	4	-937	4435	1067764
1521000	7	-924	8128	1082471
1531000	8	-916	9675	1091415
1541000	11	-911	13373	1098119
1551000	11	-905	12981	1104821
1561000	13	-899	15851	1112585
1571000	14	-895	17560	1117283
1581000	18	-887	22875	1127467
1591000	10	-879	13281	1137317
1601000	11	-874	14886	1144561
1611000	11	-870	14165	1149838
1621000	10	-866	13749	1155122
1631000	10	-862	13364	1160280
1641000	10	-857	13840	1166662
1651000	7	-852	9265	1173196
1661000	3	-843	3666	1185972
1671000	5	-837	6753	1195153
1681000	1	-827	1882	1209668
1691000	6	-819	8671	1220404
1701000	7	-810	10629	1234034
1711000	6	-803	9885	1245152
1721000	4	-797	6188	1254074
1731000	2	-794	2511	1260219
1741000	1	-788	1490	1269412
1751000	2	-784	3227	1275664
1761000	0	-785	658	1274647
1771000	1	-782	957	1279392
1781000	3	-777	4390	1287051
1791000	5	-772	8047	1294769
1801000	5	-769	8335	1299965
1811000	7	-763	11673	1311137
1821000	7	-753	12128	1328643
1831000	3	-745	4795	1341792
1841000	2	-740	3583	1352105
1851000	0	-731	595	1367562
1861000	1	-727	2620	1374798
1871000	2	-722	4772	1385386
1881000	6	-719	12049	1391032
1891000	9	-711	17782	1405425
1901000	12	-709	23731	1409480
1911000	11	-704	22583	1420701
1921000	9	-701	19324	1426785
1931000	8	-698	15984	1432856
1941000	8	-695	16368	1438839
1951000	6	-693	11561	1442944
1961000	6	-688	12145	1452918
1971000	4	-685	8653	1459434
1981000	7	-683	14676	1464040
1991000	-0	-676	-185	1478273
2001000	5	-675	11914	1480711
2011000	9	-671	19986	1491133
2021000	9	-664	20375	1505706
2031000	6	-658	14745	1518555
2041000	8	-656	19611	1525244
2051000	6	-648	13823	1542728
2061000	1	-642	1228	1558231
2071000	-1	-637	-2907	1569681
2081000	-0	-639	-403	1566005
2091000	2	-635	4048	1573681
2101000	3	-628	6552	1592340
2111000	2	-624	4554	1602290
2121000	2	-618	5083	1619129
2131000	7	-614	17367	1629345
2141000	6	-605	17545	1651630
2151000	8	-601	22729	1664686
2161000	7	-595	20787	1680507
2171000	8	-591	23892	1691519
2181000	8	-589	21738	1697379
2191000	5	-587	14165	1703452
2201000	8	-586	24679	1706892
2211000	8	-584	22628	1712752
2221000	9	-582	25819	1718757
2231000	8	-580	23585	1724819
2241000	8	-577	23992	1733828
2251000	8	-574	24702	1742895
2261000	12	-571	36080	1751865
2271000	9	-569	28107	1758560
2281000	7	-566	22940	1767949
2291000	6	-558	20305	1791311
2301000	6	-553	20815	1806616
2311000	2	-546	6530	1830633
2321000	1	-541	3297	1849630
2331000	1	-538	3275	1859909
2341000	1	-535	3292	1870227
2351000	-1	-532	-3046	1880686
2361000	-1	-531	-2762	1884943
2371000	1	-529	3685	1889518
2381000	3	-524	9897	1906767
2391000	4	-518	16613	1930797
2401000	5	-516	20361	1938773
2411000	9	-511	34606	1956897
2421000	7	-508	28236	1968563
2431000	6	-502	25027	1990527
2441000	5	-498	21748	2005874
2451000	3	-496	11195	2014096
2461000	2	-494	7710	2022418
2471000	4	-491	14892	2034841
2481000	3	-489	11366	2043418
2491000	3	-488	12168	2048513
2501000	1	-485	5095	2060847
2511000	2	-483	8830	2069799
2521000	2	-482	8805	2075182
2531000	3	-482	12865	2076547
2541000	4	-481	17013	2077956
2551000	2	-480	9656	2082795
2561000	4	-477	17450	2095958
2571000	4	-476	17642	2101376
2581000	5	-472	21724	2118843
2591000	8	-470	34650	2128563
2601000	7	-466	30829	2146402
2611000	9	-464	43498	2156253
2621000	6	-457	27153	2186923
2631000	4	-452	18698	2209795
2641000	4	-450	18392	2224254
2651000	2	-447	9401	2238855
2661000	2	-444	9262	2253885
2671000	4	-442	18854	2260293
2681000	4	-439	19213	2275883
2691000	0	-438	710	2281324
2701000	0	-437	638	2287609
2711000	1	-433	4717	2308236
2721000	2	-428	8529	2338919
2731000	2	-425	13221	2350592
2741000	2	-419	12405	2387292
2751000	5	-417	27799	2399907
2761000	3	-410	16870	2438091
2771000	5	-407	27405	2456390
2781000	4	-405	22586	2469047
2791000	4	-402	22671	2487308
2801000	5	-400	28211	2500564
2811000	5	-399	28439	2508060
2821000	4	-397	22799	2521111
2831000	4	-397	23284	2517482
2841000	4	-394	22757	2536484
2851000	5	-396	28918	2527492
2861000	3	-393	17156	2546335
2871000	3	-391	17601	2554292
2881000	3	-392	18497	2550667
2891000	5	-390	35929	2564694
2901000	2	-389	12332	2572013
2911000	4	-386	23764	2592186
2921000	3	-385	18248	2594004
2931000	3	-384	18422	2602191
2941000	4	-383	30419	2610604
2951000	3	-381	24024	2625007
2961000	4	-377	29621	2652812
2971000	8	-376	54833	2661968
2981000	4	-373	29608	2682868
2991000	3	-367	22458	2724058
3001000	4	-358	27693	2794731
3011000	-2	-353	-16385	2830798
3021000	2	-355	13353	2813137
3031000	1	-353	5816	2829329
3041000	-1	-351	-9933	2852701
3051000	2	-349	18894	2863831
3061000	1	-347	11156	2880938
3071000	0	-345	3482	2898261
3081000	2	-342	18027	2924525
3091000	3	-342	25621	2927473
3101000	5	-338	47739	2961904
3111000	6	-335	55204	2980725
3121000	7	-335	63203	2983813
3131000	10	-331	87728	3019079
3141000	12	-327	113107	3054762
3151000	11	-327	104840	3057844
3161000	12	-323	114201	3094768
3171000	14	-323	131862	3089388
3181000	12	-322	115428	3101503
3191000	12	-319	115917	3130903
3201000	13	-319	125201	3134141
3211000	11	-316	108480	3164444
3221000	10	-314	99887	3185702
3231000	9	-313	90699	3188911
3241000	7	-312	72396	3201062
3251000	11	-311	109267	3213868
3261000	9	-310	91420	3226853
3271000	7	-307	73057	3258839
3281000	8	-305	82506	3281616
3291000	9	-303	101731	3294852
3301000	6	-302	62590	3307386
3311000	6	-299	61994	3340696
3321000	9	-298	102174	3354534
3331000	10	-296	112480	3378665
3341000	11	-291	134676	3433968
3351000	10	-293	113112	3406610
3361000	11	-292	134428	3420520
3371000	11	-291	135394	3435269
3381000	12	-288	146795	3460285
3391000	15	-286	180045	3485369
3401000	13	-287	158190	3479169
3411000	14	-285	170182	3505270
3421000	15	-282	182214	3531449
3431000	14	-282	170696	3536009
3441000	13	-280	159911	3563056
3451000	11	-279	137266	3578956
3461000	9	-276	115202	3618798
3471000	9	-277	115603	3611468
3481000	8	-275	103724	3639169
3491000	10	-273	127198	3655413
3501000	7	-271	91007	3683649
3511000	6	-268	90254	3725293
3521000	5	-266	77448	3754494
3531000	3	-263	50244	3796995
3541000	3	-260	48306	3841025
3551000	4	-260	61309	3845917
3561000	2	-259	33739	3863294
3571000	6	-254	86140	3939105
3581000	4	-253	57755	3957627
3591000	7	-248	112712	4035937
3601000	9	-246	141975	4056088
3611000	9	-242	157421	4121946
3621000	9	-241	157128	4143174
3631000	10	-237	173420	4211311
3641000	11	-236	205033	4232689
3651000	11	-234	205357	4255097
3661000	11	-233	206092	4278790
3671000	8	-232	140732	4303552
3681000	11	-229	208051	4359459
3691000	10	-229	190537	4365837
3701000	11	-225	209316	4441763
3711000	8	-224	155794	4449435
3721000	9	-222	174093	4492078
3731000	7	-221	136880	4516535
3741000	5	-222	100023	4504670
3751000	6	-219	134909	4567728
3761000	6	-219	134608	4556386
3771000	4	-217	76762	4599911
3781000	6	-217	133476	4608853
3791000	4	-217	95056	4596615
3801000	4	-216	94296	4623245
3811000	4	-215	93127	4649749
3821000	4	-214	91873	4676842
3831000	6	-214	130651	4665074
3841000	5	-210	108357	4751626
3851000	6	-212	128726	4719170
3861000	7	-210	168670	4747032
3871000	6	-208	147795	4796348
3881000	9	-206	210997	4846739
3891000	8	-206	188733	4854381
3901000	10	-203	232005	4925952
3911000	10	-203	230306	4912291
3921000	10	-201	252059	4963911
3931000	11	-199	275276	5016900
3941000	11	-197	274919	5048792
3951000	12	-197	297886	5057742
3961000	11	-194	300316	5137797
3971000	12	-195	322045	5099994
3981000	11	-191	302425	5206808
3991000	13	-190	352414	5238601
4001000	10	-188	279333	5302403
4011000	12	-186	357591	5359984
4021000	10	-185	306738	5398281
4031000	10	-182	308773	5488698
4041000	7	-180	226264	5555809
4051000	7	-177	225358	5651774
4061000	8	-174	254128	5721430
4071000	7	-170	255517	5886088
4081000	8	-169	286192	5899158
4091000	8	-166	286157	6006755
4101000	9	-161	355600	6185120
4111000	9	-160	354273	6233487
4121000	7	-159	283568	6284950
4131000	9	-157	354545	6334070
4141000	9	-154	356261	6458811
4151000	9	-155	353888	6435591
4161000	9	-153	392645	6525372
4171000	9	-151	394069	6582813
4181000	8	-151	353631	6599516
4191000	8	-150	352746	6654554
4201000	8	-150	349916	6631498
4211000	8	-149	349073	6688942
4221000	9	-149	387676	6703527
4231000	9	-149	384317	6678323
4241000	8	-148	383113	6734512
4251000	10	-147	465365	6788614
4261000	10	-147	460803	6764056
4271000	7	-149	334922	6703475
4281000	9	-146	419336	6844834
4291000	8	-145	375039	6862110
4301000	8	-144	374146	6921170
4311000	10	-142	507736	7019172
4321000	8	-143	370111	6953791
4331000	10	-141	505797	7054301
4341000	12	-141	590941	7021207
4351000	9	-138	462503	7231474
4361000	10	-135	565768	7390232
4371000	11	-136	606642	7310745
4381000	10	-134	565110	7435853
4391000	9	-132	518749	7561846
4401000	11	-129	681843	7676171
4411000	11	-130	674486	7645713
4421000	9	-127	576135	7839729
4431000	10	-126	630424	7858611
4441000	11	-126	683557	7876004
4451000	10	-121	705893	8190571
4461000	9	-121	643574	8221513
4471000	9	-122	573574	8131502
4481000	8	-119	580747	8344273
4491000	7	-119	513921	8372780
4501000	9	-119	635518	8328084
4511000	6	-117	445069	8489259
4521000	7	-117	507593	8515896
4531000	9	-117	632726	8470383
4541000	8	-117	563915	8500502
4551000	8	-116	563412	8592179
4561000	7	-116	491760	8620170
4571000	6	-115	420306	8648601
4581000	6	-115	484238	8678760
4591000	6	-114	479594	8779000
4601000	9	-113	686737	8798110
4611000	8	-113	609996	8833374
4621000	8	-111	605876	8937958
4631000	9	-113	666759	8818553
4641000	10	-110	826146	9053537
4651000	11	-107	909642	9228794
4661000	14	-106	1232048	9297378
4671000	12	-103	1106277	9605842
4681000	12	-103	1097121	9561047
4691000	12	-99	1230991	9928277
4701000	14	-98	1427881	10021890
4711000	16	-95	1747301	10185727
4721000	15	-96	1539641	10177991
4731000	15	-92	1726947	10589008
4741000	17	-90	2095565	10755851
4751000	14	-88	1830765	11102772
4761000	13	-87	1718727	11170313
4771000	14	-87	1833731	11197376
4781000	13	-87	1726497	11279179
4791000	13	-84	1805648	11695304
4801000	13	-82	1831099	11878639
4811000	10	-79	1519834	12548771
4821000	10	-80	1613454	12307954
4831000	10	-77	1681334	12800437
4841000	10	-76	1704123	13013059
4851000	10	-76	1679237	12923081
4861000	8	-75	1380945	13181369
4871000	10	-75	1673938	13060012
4881000	6	-74	1046799	13369924
4891000	5	-71	1065386	13952316
4901000	6	-71	1231067	14008568
4911000	6	-71	1208191	13898509
4921000	5	-69	1037318	14345066
4931000	4	-71	828753	14062911
4941000	3	-69	625498	14515742
4951000	4	-68	802121	14596800
4961000	5	-70	966842	14286497
4971000	4	-67	971847	14953570
4981000	3	-66	746378	15063704
4991000	2	-64	501150	15576078
5001000	1	-64	254894	15659608
5011000	3	-64	680215	15554770
5021000	2	-62	407089	16101231
5031000	-2	-58	-480133	17123727
5041000	2	-59	563886	17062157
5051000	1	-58	264931	17150199
5061000	1	-54	438101	18426373
5071000	0	-54	91727	18522795
5081000	2	-52	665394	19045757
5091000	-1	-52	-372308	19115130
5101000	1	-48	526468	20802734
5111000	2	-49	890589	20193195
5121000	3	-45	1244719	21993931
5131000	1	-43	716773	23117664
5141000	1	-45	253776	22353921
5151000	2	-41	1102311	24051963
5161000	2	-40	1028382	24818204
5171000	3	-37	2230661	26866826
5181000	0	-39	281220	25866074
5191000	3	-38	2067291	26218639
5201000	3	-37	2058421	27153666
5211000	2	-36	1300835	27468155
5221000	3	-35	2697963	28430554
5231000	4	-34	3405152	28692139
5241000	4	-31	3671611	31549927
5251000	5	-33	4233119	30026098
5261000	5	-33	4097195	29548959
5271000	6	-30	6423017	32149897
5281000	5	-30	5475617	32925443
5291000	7	-27	9327246	34554565
5301000	8	-25	11710371	36794482
5311000	8	-25	11231328	36147724
5321000	10	-23	16443197	36565973
5331000	11	-20	20232656	38280776
5341000	12	-19	24248120	37105211
5351000	13	-18	25650055	35988108
5361000	10	-18	23143742	41404760
5371000	12	-17	27805004	39636462
5381000	12	-17	26707208	39340235
5391000	13	-16	31143018	36798011
5401000	13	-16	29939214	36704470
5411000	12	-16	30040204	39217983
5421000	13	-16	31724479	37675281
5431000	11	-14	33400449	43779690
5441000	14	-14	36333863	36757058
5451000	13	-12	39947000	37233109
5461000	13	-13	38395986	37374178
5471000	12	-13	39087905	40565530
5481000	12	-13	37730668	40598316
5491000	14	-13	37091801	35580703
5501000	13	-13	37984626	38470782
5511000	12	-13	38503679	41732373
5521000	12	-12	42682977	42565015
5531000	11	-10	51695801	47406503
5541000	10	-10	49284577	47787439
5551000	10	-12	42125253	51041373
5561000	10	-9	53065573	49010130
5571000	8	-8	60448048	61431366
5581000	7	-6	80634828	72374532
5591000	8	-6	85371333	62980736
5601000	5	-4	109769736	89109527
5611000	7	-3	120970987	50285958
5621000	4	-1	239031101	61413897
5631000	6	2	150074175	-37146009
5641000	4	3	171075573	-106062686
5651000	3	5	96510826	-153795925
5661000	4	5	91116507	-127991569
5671000	3	5	72294844	-149983505
5681000	4	7	63264673	-105699138
5691000	4	8	45465749	-98029754
5701000	5	14	23774917	-64924633
5711000	4	14	19065294	-67032539
5721000	5	14	20733760	-63314672
5731000	4	16	16958934	-59502192
5741000	3	18	9760033	-54989797
5751000	5	17	15056836	-53403222
5761000	3	18	8086105	-52919669
5771000	4	20	10441403	-47801648
5781000	3	20	7774091	-48076186
5791000	4	21	8958291	-46364170
5801000	6	22	10384667	-42021575
5811000	4	23	8376059	-42437080
5821000	3	25	5113424	-39625889
5831000	4	24	7271540	-41199486
5841000	5	26	6730351	-37389163
5851000	4	24	6333887	-40112093
5861000	4	26	5392552	-38281254
5871000	5	24	7522350	-39834431
5881000	3	26	4645270	-37334980
5891000	5	26	7097961	-36859465
5901000	5	26	7162093	-37479708
5911000	3	27	3908752	-36896653
5921000	5	29	5900965	-33072546
5931000	3	30	3349668	-32577730
5941000	3	30	3480094	-33184760
5951000	6	31	5869613	-31639348
5961000	4	35	3432417	-28569278
5971000	5	33	4542377	-29443756
5981000	5	36	3427804	-27069522
5991000	6	38	4159273	-25662443
6001000	6	38	4185648	-25940653
6011000	9	41	5167054	-23116472
6021000	8	41	4533313	-23221751
6031000	11	45	5200682	-20869267
6041000	9	46	4123032	-20818535
6051000	9	49	3450836	-19671660
6061000	11	47	4538278	-20140275
6071000	9	51	3386380	-18949496
6081000	11	54	3795859	-17798295
6091000	9	54	2862434	-18097474
6101000	10	56	3147121	-17438307
6111000	10	55	3187622	-17592181
6121000	11	57	3088514	-16866928
6131000	10	59	2878730	-16543632
6141000	11	59	3018256	-16327498
6151000	7	60	1901639	-16407004
6161000	8	61	2061923	-16226235
6171000	7	62	1913657	-15917882
6181000	9	63	2195952	-15443411
6191000	9	61	2397853	-15981618
6201000	8	63	1919571	-15539835
6211000	9	64	2061281	-15367768
6221000	11	65	2587305	-15010573
6231000	8	65	1924303	-15188867
6241000	8	66	1774655	-14902839
6251000	8	66	1795771	-15016056
6261000	8	65	1816059	-15144695
6271000	8	66	1686315	-14870401
6281000	9	66	2096608	-14830181
6291000	8	67	1814981	-14803411
6301000	9	67	1933556	-14642854
6311000	10	68	2066008	-14484011
6321000	9	69	1937264	-14246181
6331000	9	67	1852098	-14620157
6341000	7	68	1611801	-14619283
6351000	9	69	1856664	-14221804
6361000	9	69	1865725	-14317341
6371000	9	70	1734703	-14063591
6381000	9	71	1858110	-13930899
6391000	8	71	1628176	-13920258
6401000	8	70	1630793	-14014359
6411000	9	73	1606251	-13527988
6421000	10	72	1852090	-13723487
6431000	10	72	1961341	-13582045
6441000	9	74	1604117	-13255673
6451000	11	77	1870164	-12719132
6461000	11	76	1891982	-12803220
6471000	13	78	2056177	-12483102
6481000	13	77	2072522	-12566314
6491000	11	77	1808739	-12768211
6501000	12	80	1842192	-12176822
6511000	14	80	2102230	-12119147
6521000	14	81	1989658	-11947114
6531000	14	81	2006970	-12020863
6541000	15	82	2146473	-11735223
6551000	15	84	2039189	-11568529
6561000	15	83	2056469	-11633053
6571000	14	85	1953101	-11472614
6581000	15	83	2140830	-11595985
6591000	15	87	1927689	-11225798
6601000	15	86	1934469	-11278420
6611000	13	88	1667345	-11058232
6621000	13	88	1675716	-11121414
6631000	14	87	1848338	-11236860
6641000	13	89	1596160	-11025396
6651000	14	92	1618592	-10581324
6661000	13	94	1406073	-10400488
6671000	13	94	1416845	-10461859
6681000	11	95	1160214	-10404288
6691000	11	95	1225001	-10328466
6701000	11	99	1075953	-9999199
6711000	15	98	1555018	-9952725
6721000	13	99	1315611	-9903404
6731000	13	102	1180703	-9622047
6741000	12	104	1124141	-9506787
6751000	15	107	1304020	-9115926
6761000	14	108	1203906	-9115025
6771000	13	110	1051229	-8969850
6781000	14	110	1098378	-8915226
6791000	15	114	1126652	-8626695
6801000	15	114	1122944	-8658254
6811000	15	116	1107092	-8469862
6821000	13	117	931850	-8429906
6831000	14	118	976422	-8379736
6841000	16	118	1103928	-8362608
6851000	13	120	890651	-8202379
6861000	14	121	930595	-8154897
6871000	14	121	934148	-8188982
6881000	14	123	926712	-8027161
6891000	15	122	1013005	-8092150
6901000	14	124	883129	-7967835
6911000	14	124	882975	-7994504
6921000	14	124	925206	-7946888
6931000	13	124	849821	-7948044
6941000	14	125	886175	-7902236
6951000	14	125	884844	-7929529
6961000	15	125	919527	-7880103
6971000	13	127	809433	-7770630
6981000	13	127	812923	-7802641
6991000	15	127	928909	-7791225
7001000	15	126	932311	-7820021
7011000	14	128	816967	-7701597
7021000	15	127	890737	-7764660
7031000	15	131	841517	-7511028
7041000	13	131	742838	-7573283
7051000	14	131	774223	-7529896
7061000	13	131	775296	-7557739
7071000	14	133	778271	-7418487
7081000	14	133	783486	-7445606
7091000	12	136	625753	-7311068
7101000	13	135	692664	-7367403
7111000	15	137	771191	-7190989
7121000	14	139	740057	-7123047
7131000	14	138	744664	-7151813
7141000	13	139	687094	-7147785
7151000	10	140	507637	-7082430
7161000	15	140	748618	-7075130
7171000	12	140	599404	-7101127
7181000	10	141	482101	-7063182
7191000	9	142	454283	-6996542
7201000	13	142	627941	-6961308
7211000	12	143	566384	-6951917
7221000	13	145	620835	-6858018
7231000	10	147	457757	-6794750
7241000	13	146	594882	-6820479
7251000	12	146	541634	-6815906
7261000	10	148	460293	-6727267
7271000	11	147	514985	-6778203
7281000	12	147	543432	-6746927
7291000	10	149	463622	-6656804
7301000	10	148	435515	-6731163
7311000	10	149	458555	-6694488
7321000	10	150	432227	-6633467
7331000	9	151	409023	-6576095
7341000	9	153	388918	-6520617
7351000	9	152	392318	-6543234
7361000	9	152	388459	-6562873
7371000	10	153	412817	-6530794
7381000	10	152	413950	-6552432
7391000	8	152	364030	-6546670
7401000	10	152	440804	-6543541
7411000	9	154	366733	-6455990
7421000	8	151	360543	-6601532
7431000	11	152	465322	-6546536
7441000	9	154	387706	-6461613
7451000	9	154	383192	-6478190
7461000	9	155	362369	-6420714
7471000	9	155	362372	-6440698
7481000	9	157	369429	-6340703
7491000	9	159	350933	-6287228
7501000	10	159	375363	-6260168
7511000	12	157	465498	-6325756
7521000	13	159	511107	-6244622
7531000	12	159	464348	-6241832
7541000	12	161	443077	-6190327
7551000	13	164	471730	-6052668
7561000	13	164	471694	-6069583
7571000	12	165	450465	-6020155
7581000	13	164	494873	-6060064
7591000	14	169	499038	-5862409
7601000	15	165	543062	-6005580
7611000	17	170	574048	-5824732
7621000	18	172	609211	-5754690
7631000	19	174	605894	-5671578
7641000	17	177	546967	-5611438
7651000	19	176	603170	-5603832
7661000	18	175	585794	-5658338
7671000	20	177	626145	-5591403
7681000	22	176	685359	-5585282
7691000	20	176	629261	-5624137
7701000	18	178	566508	-5561592
7711000	19	181	564376	-5479304
7721000	19	179	598557	-5508429
7731000	19	179	599844	-5521659
7741000	17	180	529604	-5501067
7751000	18	179	572132	-5532613
7761000	20	181	606347	-5471677
7771000	21	179	642853	-5499457
7781000	19	181	566154	-5477703
7791000	18	184	528377	-5385739
7801000	19	183	567470	-5417731
7811000	19	182	568555	-5430480
7821000	18	183	529819	-5424992
7831000	19	183	545291	-5400840
7841000	16	184	475779	-5381384
7851000	17	185	492609	-5357904
7861000	17	185	488926	-5369761
7871000	15	187	436015	-5312918
7881000	16	185	456017	-5377744
7891000	17	186	491426	-5323709
7901000	17	188	473221	-5285576
7911000	13	187	372224	-5331905
7921000	15	188	406138	-5273816
7931000	15	189	420273	-5250332
7941000	14	190	387135	-5247716
7951000	12	191	321380	-5227126
7961000	13	192	356499	-5173572
7971000	11	192	305840	-5199877
7981000	10	192	270642	-5194047
7991000	9	194	226778	-5140421
8001000	8	196	215336	-5104855
8011000	8	192	210214	-5199245
8021000	11	196	279840	-5084900
8031000	8	197	214581	-5058559
8041000	8	197	212793	-5069412
8051000	9	198	230368	-5049924
8061000	7	200	185789	-4994515
8071000	9	199	215268	-5023822
8081000	5	202	119356	-4935972
8091000	8	202	194272	-4954428
8101000	5	205	128606	-4885738
8111000	4	205	98021	-4875405
8121000	5	207	127456	-4829238
8131000	7	209	157890	-4782623
8141000	7	208	160155	-4792501
8151000	7	210	149638	-4761116
8161000	6	211	139916	-4729623
8171000	5	212	114369	-4722885
8181000	9	214	186192	-4671519
8191000	7	216	148972	-4625477
8201000	8	213	182670	-4690816
8211000	7	215	145190	-4644324
8221000	9	215	184203	-4642023
8231000	8	219	159925	-4570574
8241000	8	219	173770	-4555059
8251000	8	219	172557	-4563234
8261000	8	218	172763	-4572000
8271000	8	220	161974	-4540438
8281000	9	222	187738	-4503024
8291000	10	222	200916	-4488652
8301000	9	223	179942	-4482843
8311000	11	224	228735	-4456194
8321000	11	227	203206	-4388255
8331000	9	227	169233	-4405801
8341000	10	228	196906	-4369541
8351000	12	230	223654	-4334378
8361000	12	230	220397	-4343019
8371000	10	230	196175	-4336706
8381000	11	233	198847	-4288663
8391000	14	237	245935	-4210451
8401000	15	234	277738	-4263929
8411000	12	235	212240	-4236874
8421000	14	237	256625	-4212370
8431000	14	238	245125	-4184842
8441000	15	237	265513	-4203873
8451000	15	238	254757	-4179032
8461000	18	241	308462	-4132684
8471000	14	240	245905	-4158581
8481000	15	242	247433	-4113682
8491000	19	241	320812	-4131867
8501000	17	243	291923	-4097207
8511000	15	242	262123	-4114852
8521000	18	243	301330	-4089191
8531000	15	245	257834	-4072686
8541000	14	245	235706	-4069600
8551000	17	244	287898	-4078165
8561000	18	247	289493	-4033508
8571000	16	246	256879	-4048661
8581000	17	248	278687	-4015611
8591000	16	248	259869	-4011604
8601000	17	247	280482	-4028761
8611000	16	249	251426	-3997324
8621000	15	249	249392	-4003858
8631000	16	250	258333	-3988513
8641000	15	250	237366	-3984394
8651000	15	250	234472	-3990069
8661000	17	250	263589	-3987354
8671000	14	253	217141	-3946168
8681000	15	253	226377	-3932509
8691000	13	253	197232	-3949232
8701000	13	252	197011	-3955948
8711000	14	251	216945	-3973547
8721000	12	255	179143	-3909343
8731000	13	254	195727	-3923115
8741000	13	255	204950	-3909654
8751000	12	255	189479	-3905221
8761000	14	255	220534	-3903856
8771000	10	254	162033	-3927447
8781000	11	257	163355	-3886678
8791000	9	256	131747	-3897780
8801000	12	258	180903	-3860485
8811000	12	258	180228	-3867243
8821000	10	260	151909	-3835113
8831000	11	259	166132	-3849237
8841000	10	262	141625	-3818424
8851000	9	260	130117	-3842039
8861000	10	262	148668	-3813454
8871000	9	262	129872	-3808313
8881000	10	264	148802	-3780942
8891000	9	264	132884	-3777062
8901000	10	265	141288	-3765797
8911000	11	267	159983	-3737028
8921000	9	267	132465	-3746265
8931000	10	269	134253	-3708612
8941000	12	269	159077	-3706772
8951000	10	272	136203	-3678105
8961000	10	269	141834	-3708908
8971000	12	271	159900	-3682307
8981000	10	272	141849	-3676528
8991000	10	273	135073	-3657134
9001000	11	272	152168	-3672103
9011000	10	271	129063	-3683149
9021000	10	272	139540	-3670549
9031000	11	276	146203	-3616686
9041000	12	275	159851	-3629437
9051000	12	277	153691	-3608431
9061000	12	276	151545	-3612849
9071000	11	278	144810	-3593383
9081000	11	275	151114	-3624186
9091000	13	277	170950	-3597052
9101000	12	278	156350	-3593687
9111000	13	279	162637	-3582121
9121000	13	276	167063	-3609171
9131000	12	280	151985	-3565538
9141000	12	278	158706	-3595504
9151000	11	278	143408	-3592039
9161000	13	278	167446	-3591337
9171000	13	279	160898	-3572425
9181000	11	279	137271	-3584086
9191000	13	279	160853	-3583103
9201000	12	278	159420	-3588833
9211000	12	280	151864	-3566760
9221000	12	280	151440	-3569964
9231000	12	280	157945	-3558112
9241000	13	281	166415	-3544871
9251000	12	282	152833	-3540843
9261000	13	281	167758	-3553920
9271000	12	281	151311	-3550602
9281000	12	281	150187	-3555153
9291000	11	282	143158	-3537172
9301000	12	281	156951	-3551353
9311000	13	282	165073	-3540539
9321000	12	282	146595	-3534463
9331000	12	283	153296	-3523798
9341000	14	285	169912	-3498423
9351000	14	285	171263	-3503109
9361000	14	283	178503	-3530267
9371000	14	287	169447	-3472842
9381000	16	287	191596	-3470614
9391000	16	290	193752	-3437137
9401000	14	289	171022	-3450192
9411000	16	289	193558	-3447911
9421000	19	288	228166	-3451636
9431000	17	291	204797	-3425093
9441000	19	293	218042	-3400199
9451000	18	295	209612	-3381003
9461000	20	295	231762	-3376200
9471000	19	298	217652	-3338682
9481000	22	298	240911	-3334673
9491000	20	299	227353	-3332326
9501000	20	298	227470	-3336541
9511000	22	303	239718	-3277733
9521000	21	304	224503	-3272479
9531000	22	306	236768	-3249321
9541000	23	304	244627	-3273894
9551000	23	308	238113	-3225000
9561000	24	307	251558	-3235220
9571000	23	309	243088	-3218792
9581000	23	307	236854	-3235345
9591000	25	309	263202	-3219773
9601000	23	310	236038	-3211644
9611000	23	311	241089	-3201278
9621000	23	310	237143	-3203926
9631000	23	313	236631	-3175609
9641000	23	313	235772	-3178552
9651000	23	315	227617	-3162590
9661000	23	314	227707	-3166321
9671000	22	315	217900	-3161853
9681000	22	315	223899	-3153802
9691000	20	315	205875	-3162405
9701000	22	317	214261	-3138531
9711000	20	317	194292	-3147390
9721000	23	316	225150	-3151522
9731000	22	317	218469	-3137416
9741000	20	318	193633	-3129333
9751000	19	319	181590	-3126956
9761000	18	318	180958	-3130612
9771000	18	318	179619	-3132532
9781000	20	320	191787	-3111273
9791000	17	323	162313	-3084053
9801000	19	320	180049	-3111575
9811000	17	321	165618	-3106318
9821000	18	322	170701	-3098427
9831000	17	323	163369	-3082898
9841000	16	324	151616	-3079211
9851000	16	322	157028	-3099832
9861000	13	325	127153	-3072795
9871000	19	325	175867	-3071176
9881000	17	324	158536	-3080010
9891000	14	327	129209	-3052467
9901000	16	325	150218	-3065453
9911000	15	327	144000	-3049786
9921000	13	326	126448	-3058448
9931000	14	327	132661	-3050818
9941000	14	329	127222	-3035195
9951000	13	331	120768	-3020316
9961000	13	327	118642	-3051777
9971000	12	331	108997	-3020030
9981000	13	332	115097	-3012061
9991000	13	332	120028	-3004711
10001000	15	331	141565	-3018968
10011000	12	333	106328	-3003066
10021000	14	333	123241	-3001106
10031000	11	334	99874	-2991604
10041000	13	334	116055	-2988615
10051000	13	336	112584	-2973976
10061000	12	334	105832	-2987367
10071000	14	336	119269	-2967612
10081000	14	334	124265	-2987100
10091000	14	339	117572	-2942301
10101000	14	340	121355	-2934420
10111000	13	339	115461	-2948583
10121000	15	341	126833	-2930339
10131000	13	341	115278	-2926454
10141000	14	342	119837	-2918870
10151000	14	342	119011	-2920844
10161000	14	343	115342	-2907055
10171000	14	344	121758	-2900258
10181000	13	347	106336	-2880162
10191000	16	346	130122	-2882346
10201000	13	346	112639	-2889586
10211000	14	346	117318	-2881869
10221000	14	346	115952	-2883792
10231000	14	349	115888	-2860104
10241000	15	350	121212	-2852194
10251000	13	349	107231	-2859576
10261000	14	350	112627	-2852221
10271000	13	352	108238	-2837179
10281000	14	351	114822	-2843121
10291000	13	350	108180	-2856485
10301000	12	352	94340	-2837790
10311000	13	354	106316	-2820500
10321000	16	352	126754	-2834234
10331000	12	354	97117	-2820697
10341000	14	354	112583	-2818228
10351000	14	354	110208	-2820598
10361000	14	357	110332	-2797013
10371000	12	358	96790	-2792668
10381000	12	359	90914	-2779467
10391000	13	361	100622	-2762645
10401000	15	365	114970	-2736197
10411000	13	361	98962	-2766465
10421000	14	363	107997	-2750240
10431000	15	366	110757	-2727301
10441000	11	365	81703	-2737675
10451000	16	368	118706	-2711244
10461000	12	367	88175	-2719544
10471000	15	372	107539	-2685478
10481000	13	369	97746	-2707309
10491000	16	373	117208	-2673829
10501000	16	375	112231	-2661910
10511000	16	376	116607	-2656058
10521000	16	376	115109	-2657830
10531000	17	376	119602	-2650761
10541000	15	378	101737	-2643312
10551000	16	378	113568	-2639782
10561000	16	380	108406	-2627426
10571000	14	380	99339	-2624537
10581000	14	380	98049	-2625981
10591000	17	384	112295	-2601686
10601000	17	381	115156	-2616909
10611000	16	385	107914	-2591835
10621000	16	383	111680	-2607351
10631000	15	384	103804	-2603257
10641000	18	385	119129	-2591371
10651000	16	386	109736	-2588184
10661000	13	388	83983	-2576536
10671000	15	386	101820	-2588226
10681000	13	387	84536	-2581137
10691000	16	386	106801	-2584082
10701000	13	386	83881	-2585123
10711000	12	388	79113	-2573544
10721000	12	386	82501	-2588926
10731000	14	388	89861	-2573162
10741000	13	388	87631	-2574559
10751000	12	388	77482	-2571702
10761000	12	388	77587	-2573403
10771000	12	391	77726	-2552889
10781000	12	391	77123	-2554368
10791000	12	391	77440	-2555790
10801000	12	391	78249	-2557646
10811000	12	390	77858	-2558880
10821000	12	392	81363	-2551156
10831000	11	392	71326	-2547828
10841000	10	393	62060	-2545088
10851000	11	393	74326	-2543458
10861000	13	393	86633	-2542626
10871000	12	390	76845	-2561163
10881000	11	392	70916	-2549061
10891000	11	392	71216	-2550455
10901000	10	392	63074	-2547868
10911000	12	394	80463	-2538386
10921000	10	393	66295	-2543235
10931000	11	392	73412	-2548895
10941000	11	394	68965	-2537699
10951000	11	394	67866	-2539149
10961000	10	395	61835	-2527416
10971000	9	394	58315	-2535923
10981000	9	394	58858	-2537962
10991000	10	393	67374	-2544471
11001000	10	394	63211	-2533479
11011000	9	395	60375	-2533381
11021000	10	395	64612	-2526844
11031000	10	395	64396	-2527741
11041000	10	397	60555	-2517536
11051000	9	397	60116	-2518661
11061000	8	397	49996	-2515003
11071000	10	398	62238	-2513162
11081000	9	396	57289	-2524213
11091000	10	398	65644	-2510115
11101000	9	397	58959	-2518710
11111000	10	398	61724	-2511830
11121000	8	395	51797	-2529856
11131000	10	397	60179	-2514775
11141000	7	397	45851	-2519599
11151000	10	398	64778	-2508836
11161000	8	398	52375	-2513581
11171000	9	402	57967	-2487269
11181000	11	402	68730	-2484266
11191000	9	402	53557	-2488459
11201000	9	405	53158	-2470040
11211000	10	404	60837	-2476653
11221000	12	404	71636	-2475432
11231000	12	407	71609	-2456906
11241000	13	406	78341	-2462497
11251000	14	408	86698	-2448952
11261000	11	408	66546	-2450129
11271000	9	408	56350	-2446708
11281000	11	409	67404	-2443457
11291000	12	410	71010	-2436981
11301000	10	411	61802	-2434007
11311000	13	409	76060	-2443316
11321000	11	408	64042	-2447741
11331000	13	411	74106	-2432905
11341000	11	411	66267	-2430296
11351000	14	413	82300	-2420538
11361000	13	415	78282	-2408893
11371000	13	413	78852	-2421096
11381000	13	412	78247	-2422726
11391000	14	415	78451	-2404788
11401000	14	413	81319	-2417640
11411000	13	415	76964	-2407349
11421000	14	416	80229	-2401628
11431000	14	416	80067	-2403181
11441000	15	414	87342	-2409466
11451000	14	416	82225	-2398648
11461000	15	419	87957	-2384252
11471000	15	419	86889	-2385421
11481000	14	417	82074	-2394298
11491000	13	418	74916	-2390204
11501000	15	418	86203	-2387793
11511000	15	415	86949	-2408343
11521000	15	420	82951	-2378658
11531000	16	420	93252	-2376264
11541000	15	421	83621	-2373400
11551000	15	421	82062	-2374146
11561000	14	420	81695	-2375875
11571000	13	421	73424	-2373240
11581000	15	421	84805	-2371020
11591000	15	421	84070	-2371235
11601000	15	424	83191	-2353953
11611000	14	421	76106	-2370489
11621000	16	425	87217	-2350344
11631000	14	426	76993	-2346476
11641000	14	425	75712	-2347801
11651000	16	426	85566	-2345690
11661000	15	426	84725	-2346974
11671000	13	427	69467	-2339440
11681000	16	429	84337	-2330025
11691000	18	429	95499	-2327461
11701000	17	431	92485	-2318109
11711000	20	434	108726	-2301184
11721000	17	432	92197	-2311976
11731000	16	434	87268	-2302304
11741000	16	432	85108	-2310568
11751000	17	435	92192	-2297334
11761000	17	434	90483	-2298217
11771000	20	434	107245	-2299711
11781000	18	436	96528	-2287325
11791000	21	437	107387	-2285493
11801000	22	443	110591	-2254085
11811000	21	439	109382	-2272782
11821000	23	445	115090	-2242963
11831000	22	443	111126	-2250316
11841000	23	442	117587	-2254322
11851000	22	443	110033	-2251506
11861000	24	447	120545	-2232144
11871000	22	446	110477	-2236289
11881000	23	449	115296	-2223187
11891000	23	450	115790	-2216827
11901000	23	450	115249	-2218099
11911000	25	452	120761	-2206847
11921000	25	449	123849	-2218353
11931000	22	451	108587	-2212622
11941000	24	453	114576	-2200370
11951000	25	452	121072	-2204692
11961000	25	455	120005	-2188812
11971000	27	451	132144	-2211757
11981000	25	453	120233	-2199686
11991000	23	454	112840	-2197627
12001000	25	454	121280	-2194456
12011000	23	455	113174	-2192925
12021000	23	457	109753	-2184181
12031000	24	456	115643	-2189124
12041000	21	457	102687	-2183177
12051000	24	459	112369	-2172652
12061000	24	457	115145	-2182648
12071000	24	459	111997	-2174527
12081000	24	459	112566	-2175151
12091000	26	459	121013	-2173164
12101000	24	456	113724	-2187352
12111000	25	458	119533	-2175608
12121000	24	459	112742	-2172901
12131000	25	461	117181	-2160697
12141000	22	461	105463	-2163321
12151000	21	462	98145	-2161842
12161000	21	459	101338	-2172901
12171000	24	461	112714	-2163711
12181000	24	461	111368	-2164998
12191000	21	462	97992	-2160409
12201000	24	460	111089	-2167607
12211000	21	462	97954	-2162157
12221000	22	462	104958	-2157847
12231000	21	463	97587	-2154578
12241000	22	462	104529	-2158231
12251000	21	463	98102	-2156018
12261000	21	464	99247	-2149770
12271000	22	465	100709	-2144494
12281000	20	464	91046	-2149841
12291000	20	465	94048	-2145358
12301000	22	466	102232	-2143083
12311000	21	464	96693	-2149844
12321000	18	466	82197	-2144528
12331000	21	467	94789	-2135642
12341000	18	465	80985	-2145352
12351000	18	467	83060	-2139829
12361000	19	468	86947	-2134663
12371000	19	467	86006	-2136206
12381000	19	467	85231	-2137527
12391000	17	468	76305	-2133594
12401000	22	468	99842	-2131453
12411000	18	467	81380	-2139298
12421000	16	470	71920	-2127217
12431000	16	469	71241	-2127902
12441000	18	471	82457	-2118580
12451000	18	471	82066	-2119813
12461000	18	471	82229	-2120771
12471000	19	473	86624	-2109046
12481000	18	472	81666	-2115265
12491000	17	471	77482	-2121786
12501000	17	474	76727	-2106686
12511000	17	476	72844	-2098430
12521000	17	475	77309	-2102436
12531000	19	477	83827	-2091152
12541000	16	479	71603	-2086531
12551000	18	477	80577	-2092710
12561000	18	481	78772	-2077920
12571000	17	481	71603	-2075853
12581000	17	479	74244	-2086355
12591000	16	481	70079	-2078656
12601000	16	480	68039	-2079265
12611000	19	482	79981	-2070820
12621000	17	483	74888	-2068287
12631000	18	484	76539	-2062873
12641000	20	485	83512	-2059273
12651000	19	485	82253	-2059768
12661000	18	489	75279	-2043375
12671000	18	489	73597	-2043529
12681000	15	488	63332	-2047319
12691000	19	489	80537	-2043099
12701000	19	488	80355	-2044363
12711000	21	492	86642	-2027218
12721000	19	493	78606	-2024151
12731000	21	494	85790	-2022581
12741000	18	492	74588	-2031731
12751000	22	495	87917	-2017847
12761000	20	495	80614	-2015643
12771000	15	497	62410	-2008710
12781000	17	498	70327	-2006578
12791000	20	496	81631	-2013415
12801000	15	497	58852	-2010128
12811000	18	497	71318	-2010944
12821000	15	498	59206	-2005735
12831000	18	500	70064	-1998183
12841000	18	501	71902	-1992980
12851000	16	504	63746	-1983153
12861000	17	503	68565	-1986366
12871000	17	501	66406	-1992019
12881000	14	499	58195	-2002810
12891000	17	501	67625	-1994536
12901000	15	503	58540	-1984595
12911000	17	505	68308	-1977462
12921000	16	506	62627	-1974637
12931000	17	508	66079	-1964634
12941000	20	507	76335	-1970732
12951000	17	506	67967	-1974340
12961000	18	507	69588	-1969418
12971000	19	510	72319	-1958970
12981000	15	510	57678	-1959444
12991000	15	511	59005	-1955008
13001000	15	511	58375	-1955818
13011000	17	511	65893	-1953706
13021000	16	512	59971	-1952238
13031000	17	518	64950	-1929038
13041000	16	517	61345	-1933518
13051000	16	517	59753	-1932660
13061000	20	518	74522	-1927872
13071000	19	520	71573	-1921204
13081000	20	517	73915	-1929869
13091000	17	523	60796	-1911924
13101000	19	521	69983	-1917603
13111000	22	522	79195	-1910826
13121000	21	522	78190	-1911303
13131000	18	524	65753	-1906701
13141000	21	522	75076	-1912086
13151000	20	524	71732	-1905224
13161000	18	525	66751	-1902861
13171000	17	526	60618	-1900840
13181000	15	528	52262	-1892049
13191000	19	527	69396	-1894562
13201000	18	529	65251	-1887764
13211000	19	528	68710	-1890199
13221000	17	531	59499	-1880665
13231000	19	533	68464	-1874501
13241000	18	531	65190	-1880619
13251000	18	533	62394	-1873335
13261000	21	533	73672	-1874031
13271000	19	533	66457	-1872143
13281000	17	531	61868	-1882560
13291000	20	536	70702	-1862078
13301000	17	534	58755	-1869748
13311000	19	536	66850	-1862197
13321000	18	537	60793	-1859587
13331000	15	536	52636	-1863531
13341000	16	534	55267	-1871811
13351000	16	535	56375	-1867645
13361000	19	537	64463	-1860104
13371000	14	540	48043	-1852293
13381000	13	538	45378	-1858114
13391000	14	537	49555	-1861745
13401000	16	537	55572	-1860011
13411000	17	536	60082	-1863205
13421000	15	539	51116	-1854167
13431000	16	538	54795	-1856798
13441000	15	535	51562	-1868998
13451000	17	539	57556	-1854753
13461000	14	538	49962	-1857899
13471000	15	539	51041	-1853768
13481000	12	538	41881	-1856934
13491000	13	539	44051	-1852990
13501000	13	539	43173	-1854373
13511000	15	539	49959	-1852348
13521000	14	541	48721	-1846889
13531000	12	541	40736	-1848463
13541000	11	541	36775	-1846606
13551000	13	543	45232	-1839898
13561000	12	542	40349	-1844639
13571000	13	541	44495	-1847344
13581000	12	541	39763	-1846144
13591000	14	542	46136	-1845052
13601000	8	544	28197	-1836998
13611000	11	544	38679	-1837633
13621000	11	544	37987	-1839127
13631000	10	542	33200	-1843645
13641000	12	547	41672	-1825660
13651000	8	546	26911	-1831157
13661000	14	546	45707	-1830512
13671000	12	547	40205	-1828451
13681000	11	547	37126	-1827922
13691000	9	547	30699	-1826311
13701000	11	546	35517	-1829536
13711000	8	548	25916	-1825765
13721000	13	548	42613	-1823394
13731000	10	551	33486	-1814809
13741000	10	550	33593	-1815959
13751000	11	552	35517	-1812319
13761000	10	553	34128	-1807203
13771000	12	554	38962	-1804654
13781000	5	555	16994	-1801087
13791000	8	557	26857	-1795131
13801000	10	556	30885	-1797502
13811000	12	554	38858	-1802782
13821000	11	556	36482	-1796315
13831000	9	556	29160	-1798835
13841000	12	558	37480	-1791140
13851000	10	557	31834	-1795270
13861000	9	562	28317	-1778293
13871000	11	561	33820	-1780830
13881000	12	560	37790	-1783953
13891000	11	564	35488	-1772932
13901000	14	562	43158	-1778194
13911000	13	564	40783	-1771884
13921000	11	567	33571	-1763151
13931000	11	563	34278	-1775713
13941000	8	566	25659	-1767294
13951000	11	568	33669	-1760629
13961000	9	568	29052	-1759036
13971000	14	569	41664	-1754978
13981000	10	571	31963	-1752207
13991000	11	568	33201	-1759097
14001000	9	572	28333	-1747151
14011000	12	573	35912	-1745927
14021000	11	569	34250	-1757531
14031000	10	571	31360	-1751743
14041000	9	573	28393	-1745348
14051000	13	572	38321	-1746294
14061000	14	571	41722	-1749491
14071000	9	570	27283	-1754214
14081000	13	573	41067	-1745358
14091000	10	572	31498	-1747949
14101000	10	572	29816	-1748309
14111000	15	573	46802	-1744939
14121000	10	573	31156	-1744145
14131000	10	575	29111	-1738435
14141000	9	571	27842	-1749713
14151000	11	576	32984	-1736260
14161000	8	575	25064	-1737659
14171000	7	580	19886	-1725338
14181000	9	578	27298	-1730522
14191000	12	574	36110	-1741223
14201000	8	578	24577	-1731083
14211000	10	578	30571	-1729463
14221000	9	576	27130	-1735256
14231000	8	578	23780	-1729484
14241000	10	579	28756	-1727722
14251000	11	579	33337	-1725672
14261000	9	580	27504	-1724051
14271000	10	581	30744	-1721930
14281000	9	581	26620	-1720645
14291000	11	581	32280	-1719373
14301000	9	585	27701	-1707518
14311000	10	585	30250	-1709581
14321000	15	586	44791	-1706358
14331000	11	584	31713	-1711538
14341000	13	588	37335	-1699615
14351000	9	588	24880	-1700203
14361000	11	590	31306	-1693975
14371000	11	590	30951	-1694363
14381000	16	594	46618	-1682493
14391000	12	594	34699	-1683154
14401000	16	592	44312	-1688917
14411000	12	592	33153	-1689874
14421000	13	598	35319	-1671705
14431000	14	598	39670	-1670278
14441000	12	599	33932	-1668684
14451000	14	598	37886	-1671867
14461000	20	602	53971	-1659424
14471000	14	604	39458	-1654097
14481000	13	599	35637	-1667573
14491000	19	604	51307	-1654965
14501000	18	609	48641	-1640115
14511000	14	606	38481	-1650504
14521000	15	606	41921	-1648304
14531000	18	607	47610	-1646527
14541000	18	610	46986	-1637150
14551000	20	612	52502	-1631455
14561000	18	611	48399	-1635006
14571000	21	613	54959	-1629979
14581000	19	611	51999	-1633746
14591000	17	612	46419	-1632301
14601000	19	613	51337	-1630336
14611000	17	612	44322	-1633579
14621000	20	611	54273	-1633738
14631000	16	615	42646	-1624186
14641000	19	612	50828	-1633171
14651000	17	616	45358	-1622669
14661000	17	615	44962	-1623460
14671000	16	614	43043	-1627856
14681000	21	614	55494	-1625517
14691000	21	614	54452	-1626157
14701000	19	615	50482	-1624999
14711000	19	618	49186	-1615943
14721000	20	616	52268	-1622867
14731000	21	618	53650	-1615488
14741000	18	618	46837	-1617787
14751000	18	617	46618	-1618682
14761000	20	615	53097	-1622960
14771000	22	618	58570	-1616570
14781000	11	615	30014	-1624900
14791000	20	618	52633	-1615991
14801000	18	619	47568	-1614640
14811000	18	619	45684	-1614990
14821000	18	620	47089	-1611652
14831000	18	620	46912	-1612066
14841000	18	618	48131	-1617082
14851000	19	619	48470	-1613819
14861000	19	620	48914	-1610386
14871000	24	618	61422	-1615238
14881000	20	620	51932	-1611774
14891000	17	623	43758	-1605032
14901000	14	622	36088	-1607445
14911000	17	624	42725	-1601719
14921000	19	618	50935	-1615476
14931000	20	621	52605	-1608325
14941000	19	621	48788	-1607750
14951000	16	622	41261	-1605610
14961000	14	623	36992	-1604197
14971000	18	623	45307	-1604450
14981000	17	622	44313	-1605347
14991000	21	620	55331	-1611322
15001000	17	623	44868	-1603020
15011000	16	622	41469	-1607383
15021000	19	622	48912	-1607021
15031000	19	623	49492	-1603697
15041000	15	627	37906	-1594628
15051000	18	623	47511	-1604255
15061000	20	625	50824	-1597951
15071000	19	627	48069	-1592899
15081000	19	627	47841	-1593753
15091000	21	625	54690	-1597387
15101000	15	626	38334	-1596542
15111000	18	628	46860	-1591777
15121000	15	627	37755	-1592790
15131000	20	627	51384	-1594509
15141000	19	630	48874	-1585786
15151000	20	629	51391	-1588038
15161000	18	628	45723	-1590688
15171000	17	630	42773	-1586014
15181000	18	629	45092	-1588177
15191000	21	631	52102	-1582774
15201000	23	632	57213	-1581013
15211000	21	636	52642	-1570284
15221000	21	634	52937	-1576156
15231000	17	634	42409	-1577025
15241000	20	637	50423	-1567614
15251000	21	637	50725	-1567536
15261000	24	637	58118	-1567676
15271000	20	637	48368	-1569282
15281000	25	636	61706	-1570212
15291000	25	639	61303	-1561596
15301000	23	639	55191	-1564118
15311000	25	641	59716	-1558166
15321000	25	642	60421	-1554893
15331000	21	638	52457	-1565116
15341000	25	638	60949	-1565371
15351000	23	642	56045	-1555880
15361000	23	642	54641	-1556240
15371000	25	644	60917	-1550882
15381000	24	642	59199	-1554695
15391000	22	647	53064	-1544556
15401000	21	646	51003	-1545230
15411000	24	643	57238	-1552711
15421000	23	647	55698	-1543353
15431000	26	641	63272	-1557090
15441000	24	646	56489	-1546641
15451000	23	642	56498	-1555808
15461000	24	647	57908	-1543308
15471000	23	647	55944	-1543816
15481000	23	646	55513	-1544959
15491000	24	644	57871	-1550857
15501000	22	648	52986	-1541005
15511000	22	650	52847	-1537548
15521000	23	651	55115	-1535278
15531000	23	648	55554	-1540266
15541000	23	652	55185	-1532634
15551000	23	652	54446	-1532643
15561000	23	653	54260	-1529669
15571000	24	652	57527	-1531739
15581000	23	652	53367	-1530719
15591000	24	654	56629	-1527860
15601000	23	654	53861	-1528133
15611000	26	656	59427	-1522845
15621000	24	660	56005	-1512500
15631000	25	658	58500	-1517790
15641000	24	656	56291	-1521603
15651000	25	656	58088	-1523296
15661000	27	660	61590	-1512495
15671000	28	659	65169	-1514666
15681000	28	662	63749	-1506786
15691000	26	665	59312	-1502016
15701000	25	663	56879	-1505835
15711000	25	663	57198	-1506412
15721000	26	666	58731	-1499968
15731000	29	664	64673	-1503006
15741000	25	671	56304	-1488883
15751000	28	668	61941	-1495101
15761000	20	671	44727	-1490043
15771000	27	671	59657	-1488442
15781000	27	672	59923	-1485444
15791000	28	672	61056	-1485313
15801000	28	672	60942	-1485406
15811000	27	676	58108	-1477640
15821000	30	676	66092	-1476931
15831000	28	675	61590	-1479880
15841000	28	674	60405	-1480288
15851000	28	676	61953	-1477619
15861000	24	673	52791	-1483565
15871000	26	677	57454	-1473975
15881000	26	677	57335	-1474057
15891000	26	679	57143	-1471086
15901000	26	678	56477	-1471763
15911000	29	681	62458	-1465859
15921000	28	679	61205	-1469201
15931000	26	682	54881	-1464229
15941000	28	685	59455	-1456913
15951000	26	679	56001	-1469732
15961000	26	683	55740	-1461471
15971000	26	681	56734	-1466521
15981000	25	679	53945	-1470165
15991000	26	682	54994	-1463771
16001000	26	682	55903	-1464396
16011000	26	682	56678	-1465020
16021000	25	682	53571	-1464828
16031000	24	684	50309	-1460375
16041000	26	685	55178	-1458027
16051000	25	683	54171	-1461245
16061000	24	685	50278	-1457576
16071000	24	683	51078	-1462078
16081000	26	685	56294	-1456718
16091000	22	687	47125	-1453979
16101000	22	685	47013	-1458873
16111000	23	686	49163	-1456626
16121000	19	685	40965	-1457981
16131000	21	688	44397	-1451848
16141000	20	686	42102	-1455678
16151000	22	687	45967	-1454382
16161000	22	687	46264	-1454449
16171000	19	686	41129	-1456430
16181000	21	689	43663	-1450799
16191000	19	689	40559	-1450571
16201000	20	689	41754	-1449792
16211000	20	689	42655	-1449961
16221000	21	687	43484	-1454694
16231000	19	689	40242	-1450679
16241000	20	692	42333	-1444530
16251000	20	688	41976	-1452866
16261000	18	692	38387	-1444401
16271000	20	689	42101	-1450788
16281000	16	688	33574	-1451898
16291000	18	689	38495	-1450312
16301000	19	690	39596	-1447428
16311000	18	691	37536	-1446875
16321000	20	693	42678	-1442499
16331000	19	692	38810	-1444660
16341000	19	692	38830	-1444788
16351000	20	695	40780	-1438490
16361000	20	694	42032	-1440048
16371000	17	695	35911	-1437965
16381000	19	694	39172	-1439071
16391000	19	692	39803	-1443647
16401000	17	697	34431	-1434834
16411000	20	697	42062	-1433323
16421000	17	695	36130	-1438318
16431000	15	698	29937	-1432933
16441000	18	699	37093	-1429672
16451000	18	699	37118	-1429352
16461000	19	699	39495	-1428747
16471000	19	703	38395	-1421166
16481000	18	699	36916	-1428895
16491000	15	701	30359	-1426523
16501000	19	705	37397	-1418336
16511000	19	704	38941	-1419597
16521000	18	704	35856	-1419359
16531000	19	705	38519	-1417105
16541000	17	706	34178	-1415286
16551000	18	704	36131	-1420015
16561000	15	705	30569	-1418305
16571000	20	708	39636	-1410983
16581000	18	708	36013	-1412453
16591000	16	707	32463	-1413737
16601000	15	715	30036	-1398511
16611000	18	711	36350	-1405975
16621000	24	703	47503	-1420267
16631000	17	711	34423	-1405425
16641000	18	714	35756	-1399441
16651000	16	713	31944	-1402390
16661000	26	705	53105	-1417252
16671000	19	714	37002	-1400476
16681000	19	717	37624	-1394164
16691000	16	714	32077	-1399758
16701000	17	717	33998	-1393482
16711000	15	718	28541	-1391231
16721000	18	717	34421	-1393644
16731000	17	719	32881	-1389995
16741000	19	720	36674	-1387808
16751000	16	718	31818	-1392279
16761000	14	720	26534	-1388197
16771000	13	721	25448	-1385579
