f/Hz	Re{Y}/µS	Im{Y}/µS	Re{Z}/mOhm	Im{Z}/mOhm
1000	8391284	741702	118	-10
11000	5278563	-2221342	161	68
21000	3727230	-2831754	170	129
31000	2494792	-2908232	170	198
41000	1789355	-2775170	164	255
51000	1373289	-2368912	183	316
61000	1005038	-2215426	170	374
71000	735462	-1994259	163	441
81000	603332	-1779760	171	504
91000	489797	-1631042	169	562
101000	419756	-1495119	174	620
111000	348195	-1371224	174	685
121000	303216	-1279008	175	740
131000	254261	-1183628	173	808
141000	227766	-1106399	179	867
151000	200045	-1039509	179	928
161000	176719	-979271	178	989
171000	154369	-923178	176	1054
181000	147013	-875797	186	1111
191000	126088	-833644	177	1173
201000	117955	-791204	184	1236
211000	107565	-754633	185	1299
221000	98840	-726732	184	1351
231000	91728	-697042	186	1410
241000	85673	-664140	191	1481
251000	76785	-641231	184	1537
261000	70730	-614852	185	1605
271000	70213	-592650	197	1664
281000	63950	-573341	192	1723
291000	59471	-555602	190	1779
301000	57974	-535885	200	1844
311000	52358	-518996	192	1907
321000	49398	-502628	194	1971
331000	48132	-488447	200	2028
341000	43914	-473686	194	2093
351000	43023	-461679	200	2147
361000	40581	-448759	200	2210
371000	37747	-436769	196	2273
381000	37156	-425391	204	2333
391000	34907	-415100	201	2392
401000	34448	-405330	208	2449
411000	32318	-394697	206	2517
421000	31149	-386094	208	2573
431000	30574	-377355	213	2633
441000	28793	-368322	211	2699
451000	27515	-360658	210	2757
461000	26875	-352358	215	2822
471000	25666	-345489	214	2879
481000	24393	-338759	211	2937
491000	23306	-332276	210	2995
501000	23046	-325005	217	3061
511000	22436	-319335	219	3116
521000	21317	-312249	218	3188
531000	20453	-306782	216	3245
541000	20471	-301698	224	3299
551000	19418	-296243	220	3361
561000	18475	-290495	218	3429
571000	18553	-286121	226	3480
581000	17384	-281172	219	3543
591000	17551	-276296	229	3605
601000	17349	-272178	233	3659
611000	16232	-267951	225	3718
621000	16112	-263168	232	3786
631000	15654	-259124	232	3845
641000	14761	-255301	226	3904
651000	14910	-251345	235	3965
661000	14343	-247501	233	4027
671000	14407	-243896	241	4086
681000	13705	-240467	236	4145
691000	12989	-236758	231	4211
701000	12895	-233991	235	4261
711000	12418	-230216	234	4331
721000	12546	-227380	242	4385
731000	12198	-224510	241	4441
741000	12050	-221248	245	4506
751000	11607	-218270	243	4569
761000	11438	-215124	246	4635
771000	11276	-212816	248	4686
781000	10769	-209888	244	4752
791000	10498	-207236	244	4813
801000	10175	-204701	242	4873
811000	10149	-202457	247	4927
821000	10158	-199592	254	4997
831000	9826	-197480	251	5051
841000	9394	-195155	246	5112
851000	9473	-193140	253	5165
861000	9313	-190625	256	5233
871000	9034	-188676	253	5288
881000	9083	-186636	260	5345
891000	8860	-184328	260	5413
901000	8787	-182526	263	5466
911000	8512	-180309	261	5534
921000	8487	-178453	266	5591
931000	8228	-176535	263	5652
941000	8210	-174698	268	5712
951000	7883	-173004	263	5768
961000	7581	-171153	258	5831
971000	7619	-169540	265	5886
981000	7543	-167700	268	5951
991000	7525	-166173	272	6006
1001000	7459	-164375	275	6071
1011000	7158	-162760	270	6132
1021000	7022	-161218	270	6191
1031000	6907	-159606	271	6254
1041000	6931	-158138	277	6311
1051000	6798	-156723	276	6369
1061000	6575	-155079	273	6437
1071000	6499	-153757	274	6492
1081000	6471	-152289	279	6555
1091000	6261	-150980	274	6612
1101000	6327	-149624	282	6671
1111000	6281	-148286	285	6732
1121000	6058	-146995	280	6791
1131000	6052	-145845	284	6845
1141000	6025	-144349	289	6916
1151000	5850	-143181	285	6973
1161000	5789	-142040	286	7029
1171000	5864	-140696	296	7095
1181000	5625	-139639	288	7150
1191000	5449	-138471	284	7211
1201000	5461	-137210	290	7277
1211000	5333	-136204	287	7331
1221000	5254	-135108	287	7390
1231000	5203	-133919	290	7456
1241000	5202	-132982	294	7508
1251000	5167	-132010	296	7564
1261000	5181	-130807	302	7633
1271000	5002	-129909	296	7686
1281000	4972	-128874	299	7748
1291000	4933	-127825	301	7812
1301000	4782	-126889	297	7870
1311000	4657	-125998	293	7926
1321000	4698	-124907	301	7995
1331000	4658	-124149	302	8044
1341000	4663	-123229	307	8103
1351000	4617	-122274	308	8167
1361000	4484	-121442	304	8223
1371000	4330	-120597	297	8281
1381000	4381	-119550	306	8354
1391000	4301	-118778	304	8408
1401000	4315	-117932	310	8468
1411000	4287	-117018	313	8534
1421000	4246	-116300	314	8587
1431000	4114	-115552	308	8643
1441000	4122	-114669	313	8710
1451000	4079	-113951	314	8764
1461000	4070	-113141	318	8827
1471000	4036	-112362	319	8888
1481000	3999	-111643	320	8946
1491000	3960	-110962	321	9001
1501000	3945	-110166	325	9066
1511000	3881	-109484	323	9122
1521000	3824	-108789	323	9181
1531000	3778	-108058	323	9243
1541000	3724	-107301	323	9308
1551000	3665	-106656	322	9365
1561000	3606	-106003	321	9423
1571000	3598	-105347	324	9481
1581000	3593	-104628	328	9546
1591000	3565	-104065	329	9598
1601000	3524	-103387	329	9661
1611000	3530	-102709	334	9725
1621000	3467	-102082	332	9785
1631000	3424	-101460	332	9845
1641000	3420	-100853	336	9904
1651000	3403	-100254	338	9963
1661000	3320	-99698	334	10019
1671000	3308	-99136	336	10076
1681000	3286	-98539	338	10137
1691000	3226	-97979	336	10195
1701000	3200	-97459	337	10250
1711000	3188	-96809	340	10318
1721000	3184	-96203	344	10383
1731000	3114	-95761	339	10432
1741000	3086	-95235	340	10489
1751000	3091	-94608	345	10559
1761000	3041	-94109	343	10615
1771000	3050	-93582	348	10674
1781000	2986	-93085	344	10732
1791000	2979	-92503	348	10799
1801000	2923	-92019	345	10856
1811000	2924	-91551	349	10912
1821000	2876	-91081	346	10968
1831000	2854	-90502	348	11038
1841000	2819	-90049	347	11094
1851000	2810	-89600	350	11150
1861000	2785	-89130	350	11209
1871000	2757	-88680	350	11266
1881000	2769	-88148	356	11333
1891000	2732	-87760	354	11384
1901000	2689	-87239	353	11452
1911000	2694	-86725	358	11520
1921000	2655	-86336	356	11572
1931000	2616	-85913	354	11629
1941000	2571	-85474	352	11689
1951000	2571	-85055	355	11746
1961000	2596	-84567	363	11814
1971000	2596	-84152	366	11872
1981000	2570	-83674	367	11940
1991000	2498	-83331	359	11990
2001000	2496	-82928	363	12048
2011000	2458	-82445	361	12118
2021000	2459	-82103	364	12169
2031000	2496	-81717	373	12226
2041000	2456	-81324	371	12285
2051000	2433	-80921	371	12347
2061000	2394	-80517	369	12409
2071000	2343	-80150	364	12466
2081000	2312	-79767	363	12526
2091000	2309	-79432	366	12579
2101000	2342	-79048	375	12639
2111000	2321	-78643	375	12705
2121000	2299	-78298	375	12761
2131000	2282	-77942	375	12819
2141000	2279	-77605	378	12875
2151000	2273	-77194	381	12943
2161000	2198	-76854	372	13001
2171000	2194	-76481	375	13064
2181000	2168	-76130	374	13125
2191000	2154	-75834	374	13176
2201000	2163	-75490	379	13236
2211000	2110	-75138	373	13298
2221000	2114	-74810	378	13357
2231000	2169	-74459	391	13419
2241000	2113	-74148	384	13476
2251000	2107	-73783	387	13542
2261000	2069	-73513	383	13592
2271000	2077	-73191	387	13652
2281000	2063	-72869	388	13712
2291000	2033	-72536	386	13775
2301000	2013	-72242	385	13832
2311000	2026	-71929	391	13891
2321000	2008	-71616	391	13952
2331000	1955	-71338	384	14007
2341000	1960	-71029	388	14068
2351000	1953	-70729	390	14128
2361000	1911	-70422	385	14190
2371000	1910	-70137	388	14247
2381000	1946	-69828	399	14310
2391000	1904	-69520	394	14374
2401000	1878	-69244	391	14431
2411000	1880	-68970	395	14488
2421000	1875	-68684	397	14549
2431000	1876	-68381	401	14613
2441000	1884	-68164	405	14659
2451000	1860	-67862	404	14725
2461000	1827	-67575	400	14788
2471000	1844	-67267	407	14855
2481000	1787	-67071	397	14899
2491000	1756	-66787	393	14963
2501000	1811	-66497	409	15027
2511000	1788	-66251	407	15083
2521000	1753	-65952	403	15152
2531000	1753	-65703	406	15209
2541000	1745	-65436	407	15271
2551000	1726	-65222	406	15321
2561000	1757	-64954	416	15384
2571000	1729	-64703	413	15444
2581000	1706	-64453	410	15504
2591000	1702	-64241	412	15556
2601000	1665	-63964	407	15623
2611000	1675	-63735	412	15679
2621000	1666	-63461	413	15747
2631000	1617	-63265	404	15796
2641000	1627	-63032	409	15854
2651000	1620	-62765	411	15922
2661000	1623	-62542	415	15978
2671000	1612	-62317	415	16036
2681000	1593	-62068	413	16101
2691000	1605	-61837	420	16161
2701000	1571	-61624	413	16217
2711000	1559	-61388	413	16279
2721000	1597	-61193	426	16331
2731000	1559	-60930	420	16402
2741000	1549	-60709	420	16461
2751000	1560	-60507	426	16516
2761000	1548	-60285	426	16577
2771000	1561	-60074	432	16635
2781000	1529	-59855	426	16696
2791000	1511	-59656	424	16752
2801000	1467	-59461	415	16807
2811000	1491	-59245	425	16868
2821000	1485	-59066	425	16919
2831000	1450	-58844	419	16984
2841000	1469	-58600	427	17054
2851000	1478	-58409	433	17110
2861000	1467	-58173	433	17179
2871000	1444	-58031	429	17222
2881000	1447	-57786	433	17295
2891000	1421	-57585	428	17355
2901000	1426	-57390	433	17414
2911000	1412	-57221	431	17466
2921000	1393	-57001	429	17533
2931000	1408	-56804	436	17594
2941000	1415	-56593	441	17659
2951000	1419	-56400	446	17719
2961000	1392	-56250	440	17767
2971000	1382	-56067	439	17825
2981000	1344	-55850	430	17895
2991000	1367	-55706	440	17941
3001000	1326	-55539	430	17995
3011000	1339	-55324	437	18065
3021000	1346	-55136	442	18126
3031000	1362	-54954	451	18186
3041000	1312	-54772	437	18247
3051000	1309	-54594	439	18307
3061000	1286	-54403	434	18371
3071000	1325	-54229	450	18429
3081000	1302	-54048	445	18491
3091000	1292	-53925	444	18534
3101000	1279	-53723	443	18604
3111000	1290	-53547	450	18664
3121000	1278	-53353	449	18732
3131000	1274	-53206	450	18784
3141000	1257	-53033	447	18846
3151000	1266	-52881	452	18899
3161000	1240	-52713	446	18960
3171000	1215	-52546	440	19021
3181000	1230	-52418	447	19067
3191000	1252	-52202	459	19145
3201000	1223	-52043	451	19204
3211000	1222	-51869	454	19269
3221000	1208	-51708	452	19329
3231000	1229	-51583	461	19375
3241000	1194	-51428	451	19434
3251000	1209	-51271	460	19493
3261000	1210	-51103	463	19557
3271000	1192	-50942	459	19619
3281000	1161	-50778	450	19683
3291000	1176	-50641	458	19736
3301000	1176	-50480	461	19799
3311000	1169	-50321	462	19862
3321000	1154	-50179	458	19918
3331000	1156	-50034	461	19976
3341000	1160	-49899	465	20029
3351000	1123	-49742	454	20094
3361000	1129	-49590	459	20155
3371000	1130	-49459	461	20208
3381000	1131	-49277	466	20283
3391000	1116	-49155	462	20333
3401000	1125	-49013	468	20392
3411000	1141	-48878	477	20448
3421000	1114	-48720	469	20515
3431000	1119	-48583	474	20572
3441000	1092	-48457	465	20626
3451000	1115	-48302	478	20692
3461000	1065	-48159	459	20754
3471000	1089	-48021	472	20813
3481000	1087	-47928	473	20854
3491000	1087	-47744	477	20934
3501000	1083	-47612	477	20992
3511000	1057	-47469	469	21056
3521000	1068	-47349	476	21109
3531000	1054	-47225	473	21165
3541000	1059	-47084	478	21228
3551000	1046	-46971	474	21279
3561000	1044	-46821	476	21347
3571000	1048	-46689	481	21407
3581000	1020	-46559	470	21468
3591000	1034	-46448	479	21519
3601000	1007	-46291	470	21592
3611000	1030	-46181	483	21643
3621000	1034	-46043	487	21708
3631000	994	-45891	472	21781
3641000	1005	-45805	479	21821
3651000	989	-45668	474	21887
3661000	1023	-45560	493	21938
3671000	996	-45415	483	22008
3681000	996	-45280	485	22074
3691000	986	-45165	483	22131
3701000	957	-45057	471	22184
3711000	982	-44918	487	22252
3721000	953	-44817	474	22303
3731000	983	-44699	492	22361
3741000	953	-44569	479	22427
3751000	969	-44461	490	22481
3761000	974	-44378	494	22523
3771000	964	-44229	492	22599
3781000	937	-44108	481	22661
3791000	951	-44004	491	22715
3801000	949	-43865	493	22787
3811000	943	-43765	492	22839
3821000	949	-43668	497	22889
3831000	935	-43535	493	22959
3841000	941	-43418	499	23021
3851000	910	-43299	485	23085
3861000	929	-43195	498	23140
3871000	909	-43069	490	23208
3881000	913	-42988	494	23252
3891000	913	-42864	497	23319
3901000	901	-42762	492	23375
3911000	893	-42648	491	23437
3921000	884	-42525	489	23505
3931000	892	-42411	496	23569
3941000	903	-42317	504	23620
3951000	891	-42214	500	23678
3961000	910	-42109	513	23737
3971000	886	-42001	502	23799
3981000	876	-41875	499	23870
3991000	899	-41781	515	23923
4001000	863	-41659	497	23994
4011000	881	-41604	509	24025
4021000	879	-41482	510	24096
4031000	880	-41391	514	24149
4041000	883	-41277	518	24215
4051000	863	-41179	509	24273
4061000	870	-41069	515	24338
4071000	857	-40973	510	24396
4081000	843	-40889	504	24446
4091000	860	-40777	517	24513
4101000	832	-40675	502	24575
4111000	820	-40564	498	24642
4121000	842	-40474	514	24697
4131000	832	-40351	511	24772
4141000	839	-40283	517	24813
4151000	836	-40206	517	24861
4161000	811	-40076	505	24942
4171000	827	-39998	517	24990
4181000	819	-39902	514	25051
4191000	821	-39792	519	25120
4201000	822	-39694	521	25182
4211000	806	-39594	514	25246
4221000	815	-39525	521	25290
4231000	798	-39430	513	25351
4241000	790	-39320	511	25422
4251000	814	-39237	528	25475
4261000	785	-39138	512	25540
4271000	792	-39035	520	25607
4281000	804	-38960	529	25656
4291000	792	-38852	524	25728
4301000	775	-38792	515	25768
4311000	792	-38696	528	25831
4321000	781	-38598	524	25898
4331000	785	-38526	529	25946
4341000	774	-38438	524	26005
4351000	769	-38327	523	26081
4361000	772	-38251	528	26132
4371000	757	-38161	520	26194
4381000	768	-38078	530	26251
4391000	763	-37987	529	26314
4401000	751	-37899	523	26376
4411000	762	-37813	533	26435
4421000	753	-37733	529	26492
4431000	744	-37644	525	26554
4441000	749	-37554	531	26618
4451000	746	-37473	531	26675
4461000	740	-37391	529	26734
4471000	762	-37314	547	26788
4481000	759	-37227	547	26851
4491000	737	-37145	534	26911
4501000	736	-37057	536	26975
4511000	737	-36971	539	27037
4521000	717	-36891	527	27097
4531000	729	-36832	537	27139
4541000	724	-36724	537	27219
4551000	732	-36664	544	27264
4561000	710	-36584	531	27324
4571000	726	-36477	546	27404
4581000	707	-36418	533	27448
4591000	704	-36345	533	27504
4601000	706	-36255	537	27572
4611000	718	-36160	549	27644
4621000	703	-36105	539	27686
4631000	711	-36004	548	27764
4641000	695	-35956	537	27802
4651000	698	-35887	542	27855
4661000	708	-35781	553	27937
4671000	696	-35718	545	27986
4681000	688	-35653	541	28038
4691000	690	-35553	546	28117
4701000	692	-35483	550	28172
4711000	683	-35402	545	28236
4721000	689	-35335	551	28290
4731000	674	-35256	542	28353
4741000	693	-35188	559	28408
4751000	676	-35114	548	28468
4761000	677	-35037	551	28530
4771000	683	-34971	558	28584
4781000	667	-34899	547	28644
4791000	670	-34823	552	28706
4801000	673	-34741	557	28773
4811000	662	-34656	551	28844
4821000	672	-34580	562	28908
4831000	655	-34520	550	28958
4841000	671	-34467	564	29002
4851000	665	-34395	562	29063
4861000	666	-34301	566	29143
4871000	657	-34250	560	29186
4881000	665	-34173	569	29252
4891000	646	-34103	555	29312
4901000	646	-34038	557	29368
4911000	657	-33956	570	29439
4921000	634	-33890	552	29497
4931000	643	-33831	561	29548
4941000	631	-33741	554	29627
4951000	650	-33683	573	29677
4961000	638	-33636	564	29720
4971000	620	-33545	551	29801
4981000	641	-33465	572	29871
4991000	640	-33420	573	29911
5001000	619	-33340	556	29984
5011000	640	-33293	577	30025
5021000	626	-33240	566	30074
5031000	635	-33138	578	30166
5041000	628	-33062	574	30236
5051000	615	-33002	564	30291
5061000	625	-32933	576	30354
5071000	610	-32893	564	30391
5081000	617	-32833	572	30446
5091000	605	-32759	564	30516
5101000	612	-32688	573	30581
5111000	616	-32627	578	30639
5121000	609	-32573	574	30689
5131000	590	-32509	558	30751
5141000	614	-32451	583	30805
5151000	598	-32389	570	30864
5161000	602	-32306	576	30943
5171000	611	-32246	587	31000
5181000	600	-32198	579	31047
5191000	604	-32118	585	31124
5201000	597	-32055	581	31186
5211000	595	-32016	580	31224
5221000	597	-31943	585	31295
5231000	591	-31858	582	31378
5241000	584	-31816	577	31420
5251000	593	-31748	588	31487
5261000	579	-31700	576	31536
5271000	599	-31637	598	31597
5281000	579	-31576	580	31659
5291000	577	-31516	581	31719
5301000	583	-31458	589	31778
5311000	584	-31379	593	31857
5321000	572	-31341	583	31897
5331000	579	-31280	591	31958
5341000	565	-31212	580	32028
5351000	574	-31158	591	32084
5361000	578	-31106	597	32137
5371000	566	-31040	587	32205
5381000	569	-30982	593	32266
5391000	560	-30928	585	32322
5401000	580	-30874	609	32378
5411000	546	-30823	574	32433
5421000	556	-30756	587	32503
5431000	559	-30703	593	32560
5441000	550	-30640	585	32627
5451000	558	-30575	597	32695
5461000	551	-30527	591	32747
5471000	549	-30464	592	32815
5481000	541	-30402	585	32882
5491000	551	-30359	597	32928
5501000	558	-30287	608	33007
5511000	553	-30260	603	33036
5521000	540	-30217	592	33084
5531000	542	-30151	596	33156
5541000	536	-30090	592	33223
5551000	546	-30025	605	33295
5561000	540	-29959	601	33368
5571000	541	-29923	604	33408
5581000	542	-29865	608	33473
5591000	534	-29815	601	33529
5601000	542	-29749	612	33603
5611000	526	-29696	596	33664
5621000	533	-29647	606	33719
5631000	541	-29593	618	33780
5641000	550	-29541	630	33839
5651000	537	-29492	617	33896
5661000	519	-29429	599	33969
5671000	520	-29376	602	34031
5681000	510	-29337	592	34077
5691000	522	-29268	609	34156
5701000	525	-29221	615	34211
5711000	513	-29190	602	34248
5721000	517	-29133	609	34314
5731000	528	-29074	624	34383
5741000	523	-29026	620	34440
5751000	529	-28963	630	34515
5761000	519	-28930	620	34555
5771000	514	-28883	616	34611
5781000	519	-28841	623	34662
5791000	509	-28789	614	34724
5801000	518	-28726	628	34800
5811000	509	-28676	619	34861
5821000	500	-28624	610	34925
5831000	508	-28585	622	34972
5841000	509	-28534	625	35034
5851000	497	-28472	613	35112
5861000	497	-28416	615	35181
5871000	509	-28379	632	35226
5881000	500	-28323	623	35296
5891000	503	-28290	629	35337
5901000	494	-28236	620	35405
5911000	499	-28189	627	35464
5921000	508	-28139	641	35527
5931000	488	-28096	618	35582
5941000	491	-28052	623	35638
5951000	484	-27997	618	35707
5961000	484	-27950	620	35767
5971000	489	-27915	628	35812
5981000	485	-27849	626	35896
5991000	485	-27793	628	35969
6001000	477	-27759	619	36014
6011000	492	-27694	641	36097
6021000	483	-27669	630	36130
6031000	490	-27622	642	36192
6041000	492	-27570	646	36259
6051000	491	-27526	647	36317
6061000	478	-27483	632	36376
6071000	467	-27439	620	36434
6081000	482	-27385	642	36506
6091000	473	-27354	632	36547
6101000	480	-27307	643	36609
6111000	488	-27248	657	36688
6121000	482	-27197	651	36757
6131000	474	-27157	643	36811
6141000	462	-27102	629	36887
6151000	464	-27068	633	36933
6161000	460	-27034	630	36979
6171000	471	-26985	646	37047
6181000	473	-26930	651	37122
6191000	463	-26885	640	37184
6201000	469	-26848	650	37236
6211000	456	-26794	634	37311
6221000	457	-26754	638	37367
6231000	450	-26719	631	37415
6241000	460	-26674	646	37478
6251000	464	-26632	654	37538
6261000	459	-26588	649	37599
6271000	451	-26553	640	37650
6281000	460	-26513	654	37706
6291000	455	-26470	649	37768
6301000	466	-26438	666	37813
6311000	459	-26383	659	37891
6321000	458	-26344	660	37948
6331000	461	-26301	666	38009
6341000	443	-26250	643	38085
6351000	447	-26211	650	38141
6361000	439	-26173	640	38197
6371000	445	-26137	651	38248
6381000	435	-26089	639	38319
6391000	444	-26038	655	38394
6401000	456	-26010	674	38435
6411000	447	-25955	664	38517
6421000	443	-25928	658	38558
6431000	443	-25887	661	38619
6441000	442	-25851	661	38672
6451000	437	-25809	656	38735
6461000	440	-25766	663	38800
6471000	442	-25732	667	38851
6481000	446	-25672	676	38941
6491000	432	-25638	658	38994
6501000	428	-25600	653	39051
6511000	427	-25566	653	39104
6521000	439	-25523	674	39168
6531000	420	-25475	646	39244
6541000	422	-25452	651	39279
6551000	427	-25396	663	39365
6561000	440	-25372	683	39401
6571000	431	-25323	672	39478
6581000	429	-25284	672	39539
6591000	428	-25249	670	39594
6601000	435	-25200	684	39671
6611000	429	-25168	678	39721
6621000	420	-25116	666	39804
6631000	432	-25090	686	39845
6641000	438	-25050	697	39907
6651000	434	-25004	694	39982
6661000	418	-24970	670	40037
6671000	412	-24932	663	40098
6681000	416	-24901	670	40147
6691000	414	-24853	670	40225
6701000	426	-24827	690	40267
6711000	429	-24789	698	40328
6721000	420	-24746	686	40399
6731000	424	-24713	694	40452
6741000	419	-24674	689	40516
6751000	431	-24640	709	40573
6761000	418	-24591	691	40653
6771000	415	-24559	688	40707
6781000	414	-24524	688	40764
6791000	412	-24488	687	40825
6801000	404	-24454	675	40882
6811000	401	-24410	672	40956
6821000	401	-24382	675	41003
6831000	410	-24334	693	41083
6841000	412	-24319	697	41108
6851000	409	-24271	695	41189
6861000	402	-24240	684	41243
6871000	403	-24204	688	41305
6881000	397	-24163	679	41374
6891000	406	-24130	698	41431
6901000	401	-24086	691	41507
6911000	414	-24056	715	41558
6921000	410	-24023	709	41614
6931000	410	-23990	711	41672
6941000	404	-23949	705	41744
6951000	406	-23903	710	41824
6961000	404	-23880	708	41864
6971000	396	-23835	697	41943
6981000	390	-23813	687	41982
6991000	398	-23773	705	42053
7001000	402	-23743	712	42105
7011000	388	-23703	690	42177
7021000	392	-23672	698	42232
7031000	400	-23642	716	42285
7041000	394	-23601	708	42359
7051000	396	-23568	713	42418
7061000	393	-23531	709	42485
7071000	393	-23507	710	42529
7081000	390	-23464	707	42606
7091000	379	-23435	690	42660
7101000	379	-23400	692	42724
7111000	385	-23370	704	42779
7121000	388	-23328	713	42855
7131000	388	-23311	714	42887
7141000	389	-23282	718	42940
7151000	371	-23239	686	43019
7161000	379	-23203	704	43086
7171000	375	-23171	698	43146
7181000	380	-23144	710	43196
7191000	384	-23095	720	43288
7201000	386	-23072	725	43331
7211000	379	-23044	713	43383
7221000	376	-23018	710	43433
7231000	376	-22973	712	43518
7241000	374	-22937	711	43587
7251000	381	-22907	725	43643
7261000	368	-22881	704	43694
7271000	367	-22844	704	43764
7281000	368	-22826	705	43799
7291000	379	-22789	730	43868
7301000	384	-22753	742	43938
7311000	380	-22718	735	44006
7321000	374	-22686	727	44068
7331000	379	-22655	739	44128
7341000	369	-22615	721	44206
7351000	358	-22594	700	44249
7361000	362	-22560	711	44314
7371000	369	-22535	726	44364
7381000	369	-22492	729	44447
7391000	370	-22460	733	44511
7401000	373	-22431	741	44568
7411000	366	-22409	730	44614
7421000	362	-22364	724	44703
7431000	364	-22342	730	44746
7441000	364	-22314	731	44803
7451000	370	-22288	745	44854
7461000	375	-22248	757	44935
7471000	377	-22217	764	44997
7481000	377	-22196	766	45041
7491000	373	-22157	760	45120
7501000	363	-22132	741	45171
7511000	371	-22106	759	45223
7521000	365	-22085	747	45267
7531000	361	-22054	741	45330
7541000	365	-22015	752	45412
7551000	360	-21974	745	45496
7561000	359	-21959	744	45528
7571000	353	-21922	734	45604
7581000	350	-21896	730	45659
7591000	349	-21867	729	45719
7601000	356	-21843	747	45768
7611000	362	-21805	761	45849
7621000	359	-21782	755	45896
7631000	359	-21750	758	45964
7641000	366	-21732	774	46003
7651000	360	-21687	765	46097
7661000	358	-21663	763	46148
7671000	350	-21630	749	46220
7681000	349	-21616	747	46250
7691000	346	-21581	743	46325
7701000	343	-21549	739	46395
7711000	337	-21517	728	46464
7721000	350	-21494	757	46513
7731000	342	-21453	743	46601
7741000	354	-21434	770	46642
7751000	352	-21404	768	46708
7761000	353	-21382	772	46756
7771000	345	-21344	757	46839
7781000	339	-21325	744	46882
7791000	348	-21296	767	46945
7801000	350	-21271	774	46999
7811000	340	-21236	753	47077
7821000	353	-21214	784	47125
7831000	351	-21190	782	47178
7841000	356	-21161	795	47243
7851000	349	-21123	783	47328
7861000	348	-21096	781	47389
7871000	344	-21062	774	47465
7881000	341	-21045	770	47505
7891000	338	-21003	766	47599
7901000	338	-20987	766	47636
7911000	335	-20969	762	47678
7921000	334	-20938	761	47747
7931000	336	-20903	768	47827
7941000	340	-20876	779	47890
7951000	331	-20844	761	47963
7961000	330	-20827	760	48002
7971000	323	-20793	746	48080
7981000	318	-20769	736	48138
7991000	325	-20737	756	48210
8001000	324	-20715	755	48262
8011000	322	-20694	753	48311
8021000	325	-20665	761	48380
8031000	320	-20633	752	48454
8041000	332	-20614	780	48497
8051000	333	-20587	785	48562
8061000	335	-20557	793	48633
8071000	337	-20549	799	48651
8081000	329	-20514	781	48734
8091000	336	-20491	801	48789
8101000	334	-20456	799	48873
8111000	328	-20434	786	48926
8121000	332	-20405	797	48993
8131000	332	-20388	799	49035
8141000	327	-20347	789	49135
8151000	323	-20333	781	49168
8161000	320	-20309	775	49227
8171000	320	-20286	776	49283
8181000	314	-20256	764	49356
8191000	319	-20225	779	49431
8201000	319	-20197	783	49501
8211000	323	-20180	793	49541
8221000	320	-20152	789	49610
8231000	320	-20128	789	49671
8241000	326	-20102	807	49734
8251000	327	-20080	810	49788
8261000	329	-20060	817	49838
8271000	323	-20026	806	49922
8281000	314	-20007	784	49970
8291000	312	-19985	782	50024
8301000	316	-19961	794	50084
8311000	309	-19924	778	50179
8321000	307	-19906	776	50224
8331000	307	-19878	778	50294
8341000	313	-19862	793	50335
8351000	310	-19832	787	50412
8361000	313	-19806	797	50476
8371000	303	-19773	775	50562
8381000	309	-19755	793	50608
8391000	309	-19730	794	50671
8401000	311	-19702	801	50743
8411000	320	-19688	826	50779
8421000	317	-19659	819	50853
8431000	315	-19640	817	50903
8441000	319	-19609	829	50985
8451000	316	-19591	824	51030
8461000	316	-19564	826	51101
8471000	321	-19548	839	51143
8481000	311	-19518	817	51222
8491000	311	-19490	818	51296
8501000	313	-19478	826	51327
8511000	306	-19450	808	51401
8521000	309	-19432	819	51448
8531000	307	-19398	815	51539
8541000	303	-19377	807	51595
8551000	302	-19350	806	51666
8561000	308	-19335	824	51706
8571000	303	-19309	812	51775
8581000	313	-19284	840	51843
8591000	308	-19269	828	51884
8601000	310	-19246	838	51947
8611000	307	-19222	830	52011
8621000	299	-19186	813	52108
8631000	300	-19166	816	52162
8641000	303	-19134	828	52250
8651000	308	-19121	844	52284
8661000	299	-19093	821	52361
8671000	300	-19065	824	52438
8681000	300	-19041	828	52505
8691000	298	-19017	825	52573
8701000	310	-19004	860	52608
8711000	301	-18977	835	52683
8721000	305	-18958	848	52734
8731000	297	-18932	829	52807
8741000	294	-18922	820	52834
8751000	293	-18895	821	52910
8761000	294	-18866	826	52992
8771000	294	-18857	828	53018
8781000	289	-18831	816	53091
8791000	300	-18817	847	53129
8801000	291	-18783	826	53226
8811000	294	-18761	836	53288
8821000	294	-18740	836	53347
8831000	295	-18727	840	53387
8841000	290	-18707	828	53443
8851000	290	-18674	832	53536
8861000	291	-18663	836	53569
8871000	294	-18639	847	53637
8881000	299	-18618	861	53697
8891000	295	-18590	852	53780
8901000	293	-18565	849	53851
8911000	289	-18537	842	53933
8921000	288	-18524	840	53972
8931000	294	-18505	859	54027
8941000	291	-18468	853	54134
8951000	290	-18454	851	54174
8961000	293	-18431	861	54244
8971000	292	-18413	860	54295
8981000	287	-18399	848	54336
8991000	287	-18375	850	54408
9001000	291	-18358	863	54458
9011000	284	-18332	846	54538
9021000	288	-18319	857	54575
9031000	288	-18292	859	54656
9041000	289	-18268	866	54726
9051000	288	-18245	866	54796
9061000	288	-18217	867	54879
9071000	290	-18207	875	54910
9081000	286	-18182	866	54985
9091000	286	-18162	866	55046
9101000	290	-18141	880	55109
9111000	285	-18126	869	55155
9121000	283	-18110	861	55205
9131000	284	-18076	869	55308
9141000	287	-18059	880	55360
9151000	287	-18043	883	55410
9161000	283	-18017	872	55490
9171000	290	-18008	895	55515
9181000	283	-17981	875	55600
9191000	285	-17965	883	55651
9201000	287	-17936	891	55741
9211000	282	-17923	878	55781
9221000	283	-17910	883	55820
9231000	283	-17876	886	55927
9241000	288	-17864	901	55963
9251000	279	-17847	874	56017
9261000	278	-17827	874	56080
9271000	287	-17810	905	56134
9281000	282	-17783	892	56218
9291000	279	-17763	883	56284
9301000	273	-17735	868	56372
9311000	279	-17723	889	56411
9321000	278	-17705	885	56468
9331000	277	-17681	885	56545
9341000	285	-17670	913	56578
9351000	288	-17656	924	56622
9361000	280	-17635	901	56690
9371000	279	-17616	898	56752
9381000	278	-17584	899	56855
9391000	278	-17575	898	56884
9401000	274	-17547	890	56977
9411000	283	-17533	919	57022
9421000	278	-17507	908	57107
9431000	271	-17478	885	57200
9441000	273	-17469	896	57229
9451000	276	-17445	905	57308
9461000	277	-17432	911	57351
9471000	278	-17415	918	57406
9481000	277	-17392	914	57482
9491000	274	-17375	907	57540
9501000	272	-17353	901	57612
9511000	271	-17342	899	57649
9521000	272	-17321	906	57718
9531000	266	-17293	889	57814
9541000	267	-17286	895	57837
9551000	277	-17271	930	57886
9561000	273	-17250	916	57955
9571000	277	-17236	933	58002
9581000	267	-17209	900	58094
9591000	264	-17189	893	58161
9601000	264	-17164	896	58248
9611000	264	-17145	897	58312
9621000	268	-17129	915	58368
9631000	267	-17101	913	58463
9641000	265	-17087	907	58510
9651000	268	-17078	919	58541
9661000	267	-17059	918	58605
9671000	272	-17046	934	58649
9681000	263	-17029	906	58710
9691000	261	-17006	901	58787
9701000	264	-16982	916	58872
9711000	261	-16959	907	58951
9721000	261	-16952	907	58977
9731000	255	-16931	891	59049
9741000	253	-16903	886	59149
9751000	260	-16897	910	59170
9761000	258	-16878	907	59233
9771000	262	-16860	920	59297
9781000	264	-16846	930	59347
9791000	253	-16820	895	59440
9801000	253	-16805	895	59493
9811000	257	-16782	912	59573
9821000	259	-16770	922	59616
9831000	258	-16760	920	59652
9841000	247	-16733	880	59748
9851000	249	-16715	889	59813
9861000	254	-16695	912	59883
9871000	251	-16679	902	59943
9881000	252	-16672	906	59968
9891000	254	-16652	917	60039
9901000	255	-16634	923	60104
9911000	255	-16613	924	60178
9921000	253	-16591	921	60261
9931000	254	-16577	926	60311
9941000	258	-16560	942	60370
9951000	251	-16535	919	60463
9961000	255	-16531	932	60480
9971000	261	-16520	955	60519
9981000	260	-16503	954	60581
9991000	256	-16480	943	60665
10001000	248	-16455	916	60756
10011000	248	-16436	918	60829
10021000	252	-16418	935	60894
10031000	253	-16394	941	60982
10041000	254	-16387	944	61009
10051000	253	-16371	942	61068
10061000	250	-16347	936	61158
10071000	253	-16337	948	61198
10081000	249	-16323	933	61251
10091000	247	-16307	927	61309
10101000	255	-16291	962	61370
10111000	250	-16273	943	61437
10121000	252	-16248	954	61532
10131000	251	-16229	953	61602
10141000	244	-16215	927	61656
10151000	251	-16207	956	61689
10161000	247	-16193	940	61743
10171000	238	-16168	911	61837
10181000	239	-16156	916	61882
10191000	253	-16143	971	61931
10201000	251	-16127	964	61991
10211000	248	-16113	957	62045
10221000	246	-16095	951	62118
10231000	244	-16067	944	62223
10241000	248	-16056	963	62266
10251000	244	-16037	947	62342
10261000	247	-16022	962	62401
10271000	255	-16009	993	62451
10281000	253	-15983	988	62552
10291000	246	-15968	966	62612
10301000	247	-15953	968	62669
10311000	243	-15932	956	62753
10321000	247	-15921	975	62797
10331000	247	-15911	977	62834
10341000	243	-15894	962	62904
10351000	241	-15878	954	62965
10361000	236	-15851	940	63074
10371000	242	-15839	964	63122
10381000	243	-15833	969	63144
10391000	237	-15806	949	63252
10401000	232	-15787	929	63328
10411000	241	-15780	968	63358
10421000	237	-15761	953	63432
10431000	235	-15746	946	63495
10441000	237	-15743	956	63507
10451000	241	-15720	974	63597
10461000	236	-15704	959	63665
10471000	234	-15693	948	63709
10481000	231	-15670	941	63804
10491000	234	-15659	954	63846
10501000	234	-15646	955	63899
10511000	230	-15626	943	63980
10521000	227	-15610	932	64047
10531000	230	-15600	943	64090
10541000	233	-15579	961	64175
10551000	234	-15566	964	64230
10561000	240	-15558	991	64262
10571000	232	-15529	963	64383
10581000	232	-15517	961	64430
10591000	227	-15495	944	64522
10601000	230	-15479	960	64588
10611000	235	-15469	981	64629
10621000	235	-15461	984	64664
10631000	229	-15435	963	64774
10641000	234	-15426	982	64809
10651000	233	-15408	982	64888
10661000	226	-15392	955	64953
10671000	228	-15383	965	64994
10681000	231	-15373	978	65036
10691000	228	-15356	968	65108
10701000	228	-15338	968	65185
10711000	224	-15321	956	65254
10721000	222	-15306	947	65319
10731000	226	-15293	968	65374
10741000	229	-15275	982	65451
10751000	221	-15253	951	65546
10761000	227	-15238	978	65612
10771000	232	-15225	1000	65665
10781000	229	-15207	991	65743
10791000	237	-15196	1024	65790
10801000	240	-15185	1041	65839
10811000	229	-15166	995	65921
10821000	229	-15151	999	65988
10831000	228	-15130	996	66080
10841000	232	-15113	1014	66153
10851000	236	-15110	1032	66165
10861000	236	-15099	1034	66213
10871000	228	-15076	1002	66313
10881000	228	-15062	1004	66378
10891000	234	-15057	1033	66396
10901000	234	-15045	1034	66450
10911000	228	-15030	1011	66517
10921000	226	-15019	1000	66567
10931000	221	-15000	984	66652
10941000	219	-14982	975	66734
10951000	222	-14966	992	66802
10961000	217	-14954	970	66856
10971000	221	-14943	990	66907
10981000	218	-14936	978	66936
10991000	216	-14913	971	67044
11001000	210	-14888	950	67156
11011000	220	-14884	991	67170
11021000	224	-14872	1012	67224
11031000	218	-14857	990	67296
11041000	223	-14841	1013	67364
11051000	225	-14823	1024	67449
11061000	218	-14799	994	67557
11071000	222	-14789	1013	67602
11081000	220	-14770	1008	67689
11091000	221	-14753	1016	67769
11101000	221	-14753	1016	67769
11111000	225	-14739	1038	67833
11121000	218	-14719	1007	67923
11131000	217	-14708	1001	67973
11141000	223	-14699	1033	68017
11151000	231	-14686	1070	68074
11161000	229	-14669	1064	68154
11171000	231	-14659	1073	68201
11181000	229	-14644	1068	68271
11191000	215	-14624	1005	68365
11201000	219	-14615	1027	68409
11211000	226	-14592	1063	68513
11221000	227	-14580	1065	68569
11231000	231	-14570	1088	68617
11241000	226	-14553	1068	68698
11251000	224	-14529	1059	68811
11261000	229	-14518	1088	68863
11271000	226	-14510	1075	68899
11281000	224	-14490	1067	68998
11291000	224	-14481	1067	69039
11301000	231	-14474	1101	69073
11311000	225	-14458	1075	69148
11321000	216	-14441	1038	69233
11331000	217	-14436	1043	69256
11341000	213	-14421	1026	69328
11351000	212	-14407	1022	69394
11361000	214	-14400	1030	69430
11371000	216	-14381	1046	69519
11381000	211	-14359	1021	69630
11391000	211	-14347	1024	69684
11401000	219	-14347	1061	69684
11411000	220	-14336	1071	69740
11421000	216	-14317	1053	69830
11431000	221	-14308	1079	69873
11441000	222	-14294	1086	69941
11451000	219	-14281	1073	70006
11461000	220	-14264	1083	70089
11471000	216	-14250	1062	70161
11481000	214	-14234	1055	70238
11491000	218	-14227	1076	70272
11501000	221	-14221	1093	70299
11511000	206	-14196	1024	70426
11521000	199	-14182	990	70498
11531000	205	-14180	1021	70508
11541000	210	-14166	1045	70578
11551000	207	-14150	1032	70654
11561000	207	-14139	1036	70709
11571000	213	-14130	1066	70754
11581000	208	-14112	1046	70845
11591000	209	-14095	1051	70932
11601000	214	-14082	1077	70995
11611000	212	-14063	1071	71091
11621000	214	-14048	1083	71167
11631000	219	-14040	1109	71209
11641000	216	-14032	1096	71250
11651000	214	-14010	1090	71359
11661000	212	-13999	1084	71419
11671000	215	-13987	1099	71480
11681000	209	-13969	1069	71573
11691000	205	-13959	1053	71625
11701000	210	-13953	1078	71655
11711000	209	-13941	1074	71713
11721000	210	-13916	1085	71846
11731000	217	-13912	1120	71860
11741000	210	-13902	1086	71918
11751000	211	-13885	1092	72004
11761000	213	-13880	1103	72029
11771000	211	-13868	1095	72092
11781000	209	-13849	1088	72190
11791000	202	-13834	1055	72271
11801000	207	-13826	1083	72311
11811000	206	-13817	1080	72359
11821000	203	-13800	1066	72446
11831000	203	-13782	1066	72541
11841000	211	-13775	1114	72578
11851000	212	-13766	1117	72627
11861000	206	-13745	1091	72737
11871000	209	-13737	1108	72779
11881000	207	-13724	1101	72846
11891000	201	-13705	1070	72948
11901000	205	-13707	1093	72941
11911000	209	-13697	1114	72992
11921000	209	-13680	1115	73084
11931000	203	-13658	1087	73200
11941000	208	-13650	1118	73244
11951000	212	-13641	1138	73292
11961000	216	-13627	1164	73365
11971000	212	-13608	1146	73469
11981000	215	-13603	1164	73494
11991000	211	-13589	1143	73569
12001000	209	-13576	1133	73640
12011000	211	-13560	1148	73727
12021000	213	-13556	1161	73748
12031000	212	-13540	1158	73836
12041000	210	-13528	1149	73901
12051000	213	-13521	1165	73942
12061000	207	-13511	1135	73994
12071000	197	-13489	1085	74117
12081000	195	-13479	1071	74176
12091000	206	-13476	1133	74191
12101000	207	-13469	1141	74227
12111000	202	-13453	1118	74318
12121000	206	-13442	1141	74378
12131000	214	-13434	1187	74420
12141000	207	-13421	1149	74494
12151000	202	-13404	1124	74586
12161000	206	-13387	1149	74681
12171000	204	-13374	1143	74756
12181000	202	-13355	1132	74859
12191000	203	-13351	1140	74884
12201000	210	-13344	1178	74921
12211000	203	-13335	1144	74974
12221000	200	-13311	1126	75108
12231000	199	-13302	1127	75162
12241000	206	-13304	1162	75150
12251000	207	-13296	1169	75191
12261000	201	-13281	1140	75279
12271000	198	-13271	1122	75338
12281000	201	-13264	1144	75374
12291000	198	-13245	1126	75485
12301000	195	-13231	1114	75564
12311000	196	-13224	1119	75602
12321000	195	-13215	1116	75658
12331000	196	-13196	1123	75766
12341000	201	-13185	1155	75824
12351000	203	-13176	1170	75879
12361000	204	-13158	1177	75979
12371000	199	-13139	1152	76090
12381000	197	-13130	1141	76144
12391000	198	-13125	1151	76173
12401000	194	-13113	1130	76246
12411000	191	-13097	1112	76335
12421000	189	-13091	1105	76371
12431000	197	-13087	1149	76396
12441000	195	-13072	1141	76483
12451000	189	-13062	1110	76540
12461000	189	-13049	1112	76615
12471000	190	-13038	1117	76682
12481000	185	-13024	1088	76764
12491000	191	-13014	1128	76822
12501000	195	-13011	1151	76838
12511000	195	-13001	1153	76898
12521000	187	-12979	1109	77031
12531000	191	-12969	1136	77092
12541000	196	-12962	1166	77129
12551000	190	-12949	1134	77207
12561000	190	-12933	1135	77305
12571000	191	-12918	1142	77397
12581000	194	-12915	1165	77409
12591000	196	-12912	1178	77431
12601000	193	-12896	1163	77528
12611000	191	-12884	1150	77600
12621000	192	-12875	1158	77655
12631000	194	-12857	1172	77758
12641000	193	-12849	1168	77809
12651000	195	-12842	1184	77851
12661000	198	-12828	1204	77935
12671000	196	-12816	1194	78009
12681000	193	-12802	1180	78093
12691000	195	-12789	1191	78176
12701000	201	-12780	1232	78228
12711000	201	-12776	1230	78250
12721000	200	-12761	1231	78345
12731000	196	-12751	1204	78407
12741000	200	-12744	1230	78452
12751000	200	-12737	1232	78491
12761000	191	-12719	1183	78607
12771000	196	-12710	1212	78661
12781000	193	-12700	1194	78724
12791000	182	-12687	1133	78802
12801000	183	-12676	1136	78872
12811000	188	-12667	1171	78928
12821000	193	-12671	1200	78903
12831000	186	-12651	1160	79028
12841000	180	-12632	1130	79150
12851000	179	-12621	1125	79218
12861000	184	-12618	1153	79233
12871000	184	-12607	1157	79306
12881000	177	-12586	1118	79439
12891000	183	-12583	1157	79456
12901000	188	-12578	1190	79488
12911000	192	-12567	1214	79554
12921000	188	-12550	1192	79664
12931000	188	-12538	1197	79741
12941000	186	-12533	1187	79773
12951000	184	-12523	1174	79836
12961000	186	-12513	1189	79899
12971000	183	-12505	1168	79953
12981000	185	-12498	1186	79997
12991000	187	-12487	1201	80063
13001000	183	-12466	1175	80203
13011000	181	-12449	1167	80311
13021000	183	-12442	1180	80355
13031000	192	-12431	1240	80427
13041000	190	-12420	1230	80496
13051000	189	-12404	1227	80599
13061000	200	-12400	1298	80627
13071000	202	-12391	1314	80679
13081000	201	-12382	1313	80741
13091000	192	-12368	1258	80835
13101000	197	-12361	1291	80878
13111000	195	-12351	1278	80942
13121000	187	-12333	1227	81063
13131000	185	-12324	1216	81123
13141000	192	-12319	1268	81155
13151000	189	-12313	1245	81194
13161000	187	-12300	1237	81279
13171000	182	-12291	1201	81340
13181000	179	-12281	1186	81408
13191000	180	-12278	1194	81429
13201000	191	-12275	1266	81448
13211000	199	-12267	1322	81501
13221000	199	-12252	1326	81597
13231000	191	-12235	1276	81712
13241000	194	-12228	1296	81756
13251000	193	-12214	1296	81854
13261000	185	-12200	1244	81947
13271000	191	-12193	1287	81994
13281000	188	-12186	1263	82041
13291000	186	-12170	1256	82147
13301000	181	-12158	1225	82229
13311000	185	-12154	1255	82261
13321000	186	-12153	1262	82264
13331000	185	-12140	1256	82355
13341000	182	-12121	1241	82483
13351000	181	-12108	1235	82569
13361000	184	-12098	1254	82636
13371000	189	-12089	1291	82697
13381000	193	-12083	1318	82739
13391000	193	-12074	1323	82804
13401000	188	-12062	1293	82883
13411000	189	-12048	1305	82979
13421000	194	-12040	1341	83035
13431000	188	-12024	1302	83144
13441000	188	-12018	1301	83188
13451000	189	-12011	1310	83234
13461000	183	-11995	1269	83346
13471000	179	-11987	1242	83407
13481000	181	-11982	1258	83442
13491000	185	-11975	1292	83485
13501000	187	-11966	1303	83549
13511000	187	-11950	1309	83658
13521000	182	-11940	1275	83731
13531000	187	-11930	1314	83804
13541000	187	-11922	1314	83857
13551000	189	-11922	1327	83860
13561000	192	-11912	1356	83925
13571000	185	-11904	1305	83986
13581000	186	-11892	1313	84069
13591000	190	-11890	1340	84086
13601000	189	-11875	1337	84193
13611000	181	-11863	1286	84278
13621000	182	-11853	1295	84345
13631000	181	-11845	1288	84401
13641000	179	-11833	1278	84491
13651000	180	-11820	1287	84585
13661000	177	-11819	1266	84592
13671000	182	-11813	1302	84633
13681000	177	-11803	1270	84706
13691000	171	-11791	1232	84793
13701000	162	-11775	1171	84909
13711000	165	-11765	1194	84983
13721000	173	-11751	1252	85082
13731000	176	-11744	1273	85132
13741000	172	-11735	1250	85200
13751000	176	-11724	1283	85278
13761000	180	-11719	1312	85309
13771000	182	-11715	1329	85337
13781000	180	-11708	1311	85392
13791000	182	-11693	1331	85502
13801000	183	-11683	1343	85576
13811000	181	-11672	1329	85656
13821000	179	-11666	1317	85698
13831000	178	-11649	1312	85823
13841000	173	-11642	1273	85874
13851000	172	-11636	1270	85918
13861000	177	-11635	1310	85928
13871000	177	-11629	1309	85971
13881000	169	-11618	1254	86055
13891000	164	-11597	1219	86209
13901000	171	-11594	1270	86229
13911000	177	-11589	1317	86269
13921000	173	-11583	1286	86315
13931000	176	-11575	1310	86376
13941000	175	-11562	1305	86474
13951000	181	-11552	1354	86542
13961000	186	-11539	1398	86638
13971000	183	-11531	1378	86702
13981000	183	-11518	1379	86798
13991000	180	-11504	1357	86907
14001000	183	-11497	1387	86959
14011000	182	-11486	1376	87040
14021000	180	-11474	1365	87135
14031000	174	-11468	1323	87180
14041000	178	-11464	1351	87206
14051000	186	-11454	1420	87286
14061000	185	-11447	1412	87336
14071000	181	-11438	1382	87408
14081000	176	-11422	1351	87531
14091000	177	-11413	1355	87599
14101000	183	-11407	1404	87645
14111000	184	-11396	1418	87727
14121000	183	-11387	1409	87796
14131000	180	-11379	1388	87862
14141000	183	-11373	1416	87904
14151000	184	-11367	1420	87952
14161000	185	-11366	1435	87961
14171000	183	-11359	1417	88017
14181000	172	-11340	1340	88167
14191000	173	-11333	1350	88221
14201000	175	-11325	1365	88277
14211000	172	-11313	1346	88374
14221000	167	-11298	1308	88494
14231000	172	-11295	1345	88518
14241000	175	-11287	1374	88573
14251000	176	-11283	1380	88610
14261000	177	-11275	1393	88669
14271000	177	-11258	1395	88804
14281000	170	-11240	1346	88946
14291000	175	-11237	1384	88969
14301000	176	-11230	1395	89024
14311000	178	-11224	1416	89076
14321000	172	-11214	1370	89155
14331000	170	-11206	1352	89219
14341000	172	-11200	1368	89266
14351000	176	-11199	1400	89275
14361000	178	-11189	1425	89347
14371000	170	-11180	1362	89428
14381000	173	-11175	1382	89466
14391000	170	-11161	1361	89575
14401000	167	-11154	1341	89634
14411000	164	-11151	1321	89657
14421000	172	-11138	1383	89762
14431000	173	-11123	1401	89881
14441000	181	-11117	1465	89932
14451000	182	-11111	1471	89978
14461000	188	-11095	1526	90108
14471000	182	-11083	1479	90204
14481000	174	-11070	1422	90312
14491000	176	-11062	1440	90380
14501000	177	-11062	1443	90380
14511000	174	-11051	1426	90465
14521000	169	-11037	1387	90584
14531000	172	-11030	1411	90639
14541000	165	-11022	1362	90704
14551000	173	-11017	1424	90746
14561000	174	-11017	1437	90744
14571000	178	-11011	1472	90791
14581000	168	-11001	1385	90883
14591000	169	-10993	1397	90946
14601000	169	-10985	1403	91014
14611000	173	-10972	1439	91122
14621000	172	-10957	1433	91240
14631000	172	-10953	1435	91277
14641000	178	-10940	1488	91386
14651000	180	-10931	1508	91457
14661000	181	-10925	1517	91506
14671000	180	-10922	1507	91536
14681000	179	-10911	1502	91626
14691000	174	-10896	1462	91750
14701000	168	-10888	1419	91819
14711000	172	-10891	1450	91798
14721000	175	-10888	1476	91822
14731000	179	-10881	1511	91881
14741000	179	-10879	1510	91892
14751000	179	-10872	1516	91956
14761000	179	-10858	1519	92072
14771000	182	-10850	1546	92136
14781000	178	-10837	1513	92251
14791000	178	-10826	1517	92343
14801000	171	-10812	1463	92471
14811000	175	-10805	1495	92528
14821000	174	-10797	1489	92598
14831000	175	-10793	1502	92630
14841000	173	-10785	1484	92695
14851000	166	-10775	1432	92782
14861000	169	-10772	1454	92810
14871000	171	-10766	1479	92862
14881000	172	-10767	1481	92856
14891000	166	-10757	1435	92936
14901000	163	-10740	1414	93088
14911000	162	-10733	1408	93150
14921000	159	-10725	1385	93222
14931000	164	-10719	1423	93274
14941000	166	-10717	1443	93284
14951000	171	-10709	1490	93358
14961000	166	-10699	1452	93447
14971000	173	-10681	1514	93596
14981000	170	-10682	1487	93592
14991000	180	-10668	1579	93712
15001000	180	-10665	1580	93734
15011000	175	-10657	1542	93810
15021000	175	-10647	1546	93896
15031000	168	-10635	1487	94003
15041000	165	-10629	1464	94062
15051000	166	-10621	1470	94129
15061000	164	-10613	1453	94200
15071000	158	-10602	1409	94298
15081000	161	-10596	1434	94353
15091000	163	-10592	1453	94387
15101000	164	-10589	1464	94411
15111000	164	-10581	1466	94488
15121000	166	-10572	1483	94571
15131000	167	-10557	1497	94704
15141000	162	-10541	1459	94845
15151000	170	-10537	1528	94880
15161000	177	-10528	1596	94961
15171000	180	-10523	1623	95005
15181000	180	-10516	1630	95067
15191000	185	-10514	1671	95079
15201000	182	-10506	1648	95151
15211000	176	-10499	1600	95222
15221000	176	-10495	1601	95256
15231000	178	-10490	1616	95303
15241000	169	-10475	1541	95438
15251000	166	-10468	1511	95506
15261000	163	-10457	1494	95610
15271000	169	-10455	1544	95621
15281000	169	-10450	1545	95669
15291000	166	-10439	1523	95767
15301000	167	-10434	1532	95816
15311000	163	-10424	1499	95910
15321000	166	-10420	1526	95947
15331000	172	-10409	1591	96047
15341000	182	-10405	1685	96077
15351000	178	-10390	1648	96216
15361000	169	-10376	1574	96355
15371000	172	-10362	1601	96479
15381000	167	-10359	1558	96509
15391000	168	-10353	1565	96564
15401000	171	-10350	1600	96589
15411000	170	-10343	1587	96656
15421000	164	-10334	1538	96743
15431000	163	-10326	1528	96822
15441000	169	-10319	1585	96886
15451000	172	-10314	1615	96933
15461000	177	-10305	1663	97010
15471000	184	-10299	1737	97066
15481000	181	-10294	1704	97111
15491000	175	-10278	1660	97269
15501000	175	-10270	1663	97342
15511000	177	-10268	1679	97359
15521000	173	-10257	1642	97467
15531000	168	-10245	1596	97583
15541000	160	-10241	1526	97618
15551000	162	-10235	1545	97675
15561000	168	-10233	1600	97692
15571000	170	-10230	1621	97721
15581000	173	-10229	1653	97733
15591000	171	-10221	1633	97807
15601000	164	-10207	1574	97945
15611000	162	-10199	1553	98024
15621000	161	-10186	1550	98154
15631000	167	-10181	1609	98193
15641000	166	-10177	1605	98235
15651000	166	-10166	1609	98343
15661000	170	-10160	1646	98394
15671000	162	-10149	1577	98505
15681000	157	-10139	1526	98606
15691000	165	-10140	1602	98594
15701000	172	-10135	1674	98639
15711000	172	-10130	1675	98684
15721000	173	-10123	1685	98753
15731000	168	-10111	1641	98879
15741000	161	-10103	1582	98954
15751000	163	-10098	1595	99004
15761000	169	-10090	1658	99076
15771000	168	-10087	1648	99109
15781000	164	-10075	1611	99228
15791000	168	-10060	1663	99380
15801000	174	-10049	1721	99482
15811000	177	-10042	1756	99554
15821000	179	-10039	1772	99581
15831000	181	-10032	1796	99653
15841000	184	-10026	1828	99705
15851000	173	-10014	1728	99827
15861000	176	-10009	1756	99877
15871000	169	-9998	1694	99992
15881000	168	-9995	1684	100020
15891000	170	-9991	1707	100061
15901000	172	-9986	1728	100106
15911000	176	-9981	1769	100162
15921000	176	-9978	1770	100193
15931000	170	-9962	1716	100354
15941000	168	-9954	1699	100431
15951000	171	-9948	1727	100490
15961000	175	-9944	1772	100532
15971000	178	-9937	1806	100599
15981000	181	-9929	1831	100682
15991000	178	-9918	1806	100794
16001000	170	-9911	1725	100868
16011000	173	-9906	1758	100917
16021000	169	-9899	1725	100992
16031000	164	-9887	1679	101110
16041000	160	-9882	1635	101167
16051000	162	-9873	1661	101257
16061000	165	-9871	1697	101283
16071000	167	-9866	1718	101332
16081000	171	-9859	1754	101395
16091000	176	-9854	1817	101445
16101000	178	-9841	1836	101580
16111000	172	-9827	1778	101727
16121000	170	-9819	1767	101811
16131000	171	-9818	1769	101824
16141000	168	-9811	1749	101901
16151000	172	-9807	1791	101938
16161000	172	-9804	1784	101973
16171000	171	-9800	1777	102010
16181000	166	-9790	1727	102116
16191000	167	-9783	1749	102192
16201000	166	-9777	1739	102251
16211000	170	-9770	1778	102326
16221000	170	-9762	1784	102405
16231000	168	-9759	1763	102444
16241000	174	-9749	1827	102547
16251000	172	-9740	1812	102638
16261000	164	-9724	1736	102804
16271000	170	-9723	1792	102814
16281000	172	-9722	1819	102830
16291000	168	-9717	1781	102877
16301000	170	-9706	1803	103003
16311000	164	-9699	1747	103076
16321000	165	-9693	1756	103140
16331000	163	-9689	1735	103182
16341000	166	-9683	1765	103247
16351000	175	-9682	1862	103253
16361000	175	-9671	1872	103371
16371000	176	-9660	1889	103483
16381000	174	-9647	1869	103625
16391000	171	-9635	1842	103757
16401000	168	-9620	1811	103916
16411000	166	-9620	1789	103920
16421000	170	-9617	1840	103945
16431000	171	-9616	1853	103964
16441000	162	-9606	1754	104070
16451000	167	-9597	1813	104167
16461000	164	-9593	1779	104209
16471000	162	-9589	1766	104253
16481000	167	-9584	1813	104310
16491000	169	-9587	1839	104273
16501000	172	-9579	1874	104357
16511000	174	-9572	1898	104441
16521000	169	-9561	1844	104561
16531000	166	-9558	1821	104591
16541000	172	-9543	1884	104760
16551000	171	-9535	1885	104844
16561000	175	-9526	1926	104946
16571000	177	-9522	1954	104982
16581000	170	-9514	1873	105073
16591000	166	-9505	1835	105176
16601000	170	-9493	1881	105304
16611000	175	-9488	1945	105362
16621000	175	-9478	1952	105466
16631000	180	-9475	2005	105502
16641000	183	-9471	2038	105551
16651000	188	-9465	2099	105607
16661000	183	-9456	2050	105709
16671000	174	-9453	1942	105747
16681000	170	-9443	1908	105859
16691000	175	-9434	1965	105958
16701000	175	-9437	1964	105927
16711000	176	-9427	1977	106036
16721000	175	-9423	1965	106090
16731000	173	-9412	1953	106212
16741000	170	-9404	1926	106306
16751000	173	-9396	1963	106397
16761000	161	-9411	1821	106228
16771000	183	-9391	2076	106445
