f/Hz	Re{Y}/µS	Im{Y}/µS	Re{Z}/mOhm	Im{Z}/mOhm
1000	562120	-147002	1665	435
11000	69661	-189624	1707	4647
21000	21120	-108641	1724	8869
31000	9897	-75125	1724	13084
41000	5729	-57207	1733	17307
51000	3746	-46150	1747	21527
61000	2602	-38667	1732	25745
71000	1930	-33250	1740	29974
81000	1492	-29166	1749	34197
91000	1190	-25977	1760	38416
101000	966	-23421	1758	42624
111000	796	-21302	1752	46878
121000	685	-19558	1790	51066
131000	581	-18056	1780	55327
141000	509	-16780	1807	59539
151000	450	-15668	1834	63771
161000	396	-14695	1831	67999
171000	344	-13833	1796	72244
181000	308	-13068	1805	76481
191000	283	-12394	1844	80642
201000	256	-11781	1846	84842
211000	236	-11215	1874	89127
221000	216	-10711	1882	93321
231000	196	-10247	1868	97551
241000	180	-9815	1866	101851
251000	177	-9428	1996	106031
261000	156	-9069	1892	110229
271000	142	-8743	1852	114350
281000	139	-8418	1957	118762
291000	134	-8128	2032	123001
301000	120	-7858	1940	127230
311000	117	-7610	2025	131380
321000	103	-7370	1902	135664
331000	104	-7146	2045	139907
341000	94	-6929	1964	144288
351000	91	-6738	2002	148391
361000	87	-6543	2035	152805
371000	88	-6375	2164	156830
381000	85	-6201	2206	161242
391000	73	-6039	2001	165567
401000	74	-5893	2135	169658
411000	69	-5741	2094	174161
421000	68	-5616	2149	178046
431000	65	-5484	2177	182332
441000	63	-5355	2208	186699
451000	54	-5237	1962	190933
461000	63	-5111	2413	195613
471000	54	-5010	2135	199582
481000	56	-4912	2336	203557
491000	53	-4810	2272	207854
501000	53	-4709	2395	212326
511000	46	-4618	2156	216537
521000	46	-4530	2262	220745
531000	42	-4446	2104	224904
541000	45	-4359	2386	229392
551000	44	-4280	2380	233636
561000	42	-4196	2401	238309
571000	38	-4125	2247	242397
581000	38	-4048	2346	247023
591000	36	-3996	2242	250258
601000	34	-3919	2231	255156
611000	31	-3857	2087	259244
621000	35	-3799	2426	263177
631000	37	-3729	2691	268155
641000	28	-3672	2042	272321
651000	32	-3619	2471	276325
661000	32	-3552	2507	281538
671000	29	-3500	2357	285696
681000	27	-3458	2296	289154
691000	33	-3403	2863	293867
701000	22	-3357	1919	297867
711000	25	-3302	2288	302847
721000	34	-3255	3246	307187
731000	26	-3214	2530	311109
741000	23	-3176	2320	314891
751000	25	-3120	2550	320514
761000	19	-3078	1963	324897
771000	25	-3050	2711	327886
781000	27	-3002	2945	333073
791000	31	-2961	3563	337726
801000	21	-2924	2482	341992
811000	20	-2885	2347	346568
821000	24	-2859	2879	349789
831000	21	-2816	2705	355041
841000	17	-2787	2195	358771
851000	19	-2753	2504	363268
861000	20	-2720	2660	367692
871000	21	-2683	2869	372701
881000	16	-2659	2277	376076
891000	16	-2625	2331	380933
901000	17	-2597	2462	385068
911000	22	-2568	3390	389360
921000	19	-2532	2918	394890
931000	16	-2511	2530	398302
941000	21	-2486	3436	402204
951000	16	-2455	2651	407391
961000	22	-2419	3720	413417
971000	16	-2401	2741	416479
981000	15	-2381	2578	419901
991000	13	-2349	2268	425629
1001000	15	-2332	2759	428787
1011000	16	-2309	2969	433057
1021000	25	-2284	4851	437784
1031000	14	-2257	2690	443051
1041000	9	-2238	1754	446722
1051000	12	-2216	2423	451197
1061000	17	-2195	3444	455650
1071000	13	-2166	2854	461665
1081000	15	-2143	3279	466675
1091000	12	-2124	2554	470763
1101000	10	-2106	2290	474809
1111000	18	-2090	4080	478366
1121000	11	-2069	2649	483283
1131000	9	-2052	2043	487373
1141000	8	-2027	2017	493361
1151000	16	-2007	3895	498168
1161000	17	-1998	4294	500461
1171000	11	-1976	2870	506023
1181000	9	-1958	2303	510819
1191000	11	-1941	3016	515308
1201000	8	-1924	2265	519627
1211000	13	-1905	3578	524954
1221000	20	-1892	5580	528612
1231000	13	-1879	3765	532287
1241000	7	-1863	1875	536657
1251000	8	-1846	2377	541557
1261000	8	-1830	2356	546558
1271000	10	-1817	3051	550351
1281000	10	-1805	3035	554047
1291000	13	-1783	3937	560842
1301000	11	-1760	3542	568221
1311000	12	-1753	3904	570318
1321000	11	-1744	3496	573235
1331000	7	-1732	2253	577338
1341000	6	-1719	2187	581873
1351000	10	-1707	3335	585830
1361000	12	-1692	4311	590896
1371000	12	-1677	4280	596280
1381000	11	-1657	3842	603499
1391000	9	-1640	3426	609553
1401000	6	-1630	2380	613611
1411000	7	-1620	2652	617225
1421000	3	-1612	1270	620246
1431000	8	-1606	2936	622703
1441000	8	-1588	3209	629725
1451000	2	-1572	888	635955
1461000	3	-1565	1051	638879
1471000	4	-1554	1502	643650
1481000	5	-1536	2063	650988
1491000	8	-1521	3455	657551
1501000	12	-1513	5317	661045
1511000	14	-1507	6102	663493
1521000	11	-1501	5100	666371
1531000	9	-1491	4048	670885
1541000	5	-1476	2522	677590
1551000	6	-1464	2584	682828
1561000	8	-1454	3906	687548
1571000	5	-1443	2269	692793
1581000	7	-1434	3193	697220
1591000	4	-1423	2012	702877
1601000	14	-1414	7241	707311
1611000	17	-1406	8569	711305
1621000	13	-1395	6493	716598
1631000	9	-1386	4652	721519
1641000	6	-1372	3279	728789
1651000	8	-1363	4279	733518
1661000	6	-1358	3279	736501
1671000	8	-1348	4146	741614
1681000	7	-1338	4013	747638
1691000	1	-1330	815	751883
1701000	1	-1324	797	755191
1711000	2	-1317	1266	759048
1721000	7	-1310	3911	763630
1731000	12	-1301	6890	768847
1741000	13	-1288	7970	776429
1751000	8	-1279	4728	782102
1761000	5	-1273	3384	785578
1771000	5	-1267	3099	789041
1781000	2	-1259	1266	794183
1791000	-2	-1254	-976	797687
1801000	-3	-1243	-1679	804257
1811000	-1	-1234	-826	810277
1821000	3	-1228	1827	814482
1831000	5	-1223	3399	817537
1841000	6	-1216	4319	822483
1851000	9	-1210	6476	826349
1861000	9	-1197	6370	835129
1871000	6	-1187	4411	842183
1881000	6	-1176	4345	850091
1891000	6	-1168	4762	856049
1901000	5	-1163	3834	859637
1911000	6	-1158	4779	863808
1921000	4	-1150	3112	869319
1931000	2	-1145	1545	873595
1941000	2	-1137	1293	879248
1951000	6	-1133	4347	882972
1961000	6	-1126	4556	888017
1971000	6	-1120	4904	893150
1981000	8	-1117	6753	895449
1991000	7	-1112	5804	899635
2001000	9	-1109	6920	901273
2011000	9	-1107	7404	903521
2021000	6	-1097	4844	911776
2031000	3	-1086	2922	920966
2041000	7	-1074	6381	931037
2051000	8	-1069	6708	935230
2061000	10	-1061	8593	942576
2071000	9	-1055	8146	947600
2081000	9	-1052	8479	950089
2091000	2	-1045	1967	957014
2101000	6	-1040	5595	961489
2111000	4	-1037	4128	964306
2121000	6	-1032	6067	968694
2131000	10	-1028	8981	972246
2141000	6	-1024	5936	976839
2151000	7	-1020	6985	980546
2161000	9	-1013	9151	986681
2171000	10	-1007	9691	992822
2181000	7	-998	7295	1001943
2191000	3	-993	3083	1007508
2201000	-0	-986	-124	1014157
2211000	2	-979	1989	1021072
2221000	2	-973	2157	1028001
2231000	4	-968	4319	1033133
2241000	8	-963	8521	1038086
2251000	12	-957	12900	1044907
2261000	16	-949	18190	1053005
2271000	11	-948	12400	1054443
2281000	10	-942	11810	1060904
2291000	11	-938	12278	1066250
2301000	12	-934	13591	1070632
2311000	13	-926	15008	1079240
2321000	11	-923	13336	1082833
2331000	12	-919	13985	1088313
2341000	12	-916	14436	1091875
2351000	12	-915	14712	1093287
2361000	12	-910	15080	1098996
2371000	9	-905	11076	1104809
2381000	8	-901	10235	1109496
2391000	7	-898	8264	1113257
2401000	4	-891	5199	1122453
2411000	1	-886	1157	1128249
2421000	1	-883	1477	1131930
2431000	1	-877	1522	1140299
2441000	-1	-874	-732	1144144
2451000	3	-864	4060	1157509
2461000	4	-858	5650	1165198
2471000	3	-852	4771	1173123
2481000	4	-846	4917	1182267
2491000	4	-843	5095	1186451
2501000	5	-839	6776	1191723
2511000	3	-838	4661	1193347
2521000	5	-835	7309	1197592
2531000	5	-834	7749	1199214
2541000	3	-832	4167	1202144
2551000	5	-829	6956	1206497
2561000	3	-826	4469	1210895
2571000	3	-825	4693	1212611
2581000	5	-822	7846	1216934
2591000	3	-816	4188	1225292
2601000	1	-810	1588	1235298
2611000	5	-803	7102	1245577
2621000	0	-794	64	1260029
2631000	3	-790	4572	1266247
2641000	-1	-785	-1161	1273813
2651000	0	-783	433	1277173
2661000	-0	-781	-727	1280591
2671000	3	-777	4157	1287060
2681000	5	-773	8821	1293514
2691000	4	-771	7534	1296858
2701000	8	-766	13798	1304924
2711000	10	-761	17083	1313010
2721000	9	-758	15689	1319611
2731000	10	-754	17476	1326362
2741000	9	-750	16062	1333243
2751000	10	-748	18144	1337176
2761000	9	-745	15521	1342371
2771000	9	-744	15902	1344589
2781000	7	-741	12786	1349968
2791000	6	-740	11334	1350507
2801000	6	-736	11415	1359238
2811000	5	-734	10009	1362932
2821000	6	-732	11908	1366807
2831000	6	-728	10405	1374107
2841000	8	-726	15634	1378131
2851000	9	-722	17738	1385431
2861000	8	-718	16392	1392836
2871000	8	-712	14805	1403940
2881000	8	-707	15169	1413332
2891000	4	-703	8133	1422781
2901000	3	-697	6327	1434390
2911000	3	-696	6454	1436914
2921000	3	-695	6613	1439536
2931000	1	-688	2806	1453172
2941000	2	-687	3193	1455561
2951000	-2	-684	-4138	1461558
2961000	3	-682	5475	1466393
2971000	2	-680	3444	1470751
2981000	-2	-675	-4514	1480826
2991000	-0	-670	-813	1491626
3001000	2	-671	3484	1490500
3011000	9	-658	21668	1519671
3021000	4	-655	9157	1526620
3031000	7	-651	15626	1535801
3041000	6	-647	13782	1544930
3051000	9	-645	20530	1549893
3061000	9	-642	20645	1557106
3071000	9	-640	23035	1562108
3081000	10	-640	25587	1562886
3091000	9	-638	21333	1565903
3101000	10	-636	23791	1571108
3111000	10	-635	24067	1574211
3121000	9	-633	22194	1579541
3131000	6	-631	15948	1584606
3141000	9	-631	23093	1585503
3151000	8	-627	20856	1595200
3161000	8	-626	21063	1598257
3171000	6	-622	14242	1608014
3181000	5	-620	12161	1613290
3191000	3	-613	6985	1630391
3201000	2	-608	4228	1645571
3211000	2	-604	6524	1656298
3221000	1	-599	1449	1669262
3231000	1	-597	4107	1675193
3241000	-0	-596	-648	1678362
3251000	1	-590	1529	1694476
3261000	1	-591	1926	1692838
3271000	-1	-586	-3754	1706418
3281000	-0	-586	-953	1707618
3291000	-0	-584	-925	1711364
3301000	1	-579	4015	1725768
3311000	2	-579	7203	1726738
3321000	2	-576	7319	1735771
3331000	2	-573	7049	1744659
3341000	10	-565	31443	1768319
3351000	7	-563	22951	1774912
3361000	5	-559	16979	1789938
3371000	4	-558	11562	1793579
3381000	4	-554	14275	1806407
3391000	6	-552	20202	1810560
3401000	5	-550	17347	1817388
3411000	3	-548	8914	1823948
3421000	1	-547	2883	1827622
3431000	3	-544	8842	1837952
3441000	3	-545	9170	1835996
3451000	4	-544	12363	1837025
3461000	2	-543	6373	1840863
3471000	3	-541	9269	1848071
3481000	4	-540	15253	1852450
3491000	3	-539	9351	1856509
3501000	3	-537	9909	1860733
3511000	2	-537	7133	1861892
3521000	5	-535	16306	1869650
3531000	5	-533	19256	1877196
3541000	5	-531	19270	1881385
3551000	7	-527	25298	1898697
3561000	7	-522	25176	1916095
3571000	5	-519	18349	1926939
3581000	4	-517	14809	1934643
3591000	4	-512	14327	1952671
3601000	3	-512	11354	1953660
3611000	1	-507	3863	1971757
3621000	3	-506	10956	1976901
3631000	1	-503	3703	1988428
3641000	2	-501	7092	1996955
3651000	2	-501	7426	1994666
3661000	2	-497	6532	2014042
3671000	1	-496	2978	2015158
3681000	1	-493	2433	2027414
3691000	-0	-491	-1455	2035983
3701000	-1	-487	-5684	2052066
3711000	-1	-485	-2258	2061322
3721000	0	-481	643	2078318
3731000	1	-479	4025	2087800
3741000	1	-472	2595	2117107
3751000	3	-470	14645	2127421
3761000	5	-467	22229	2141421
3771000	4	-463	17484	2159298
3781000	3	-461	12871	2168973
3791000	5	-460	21445	2175090
3801000	4	-459	17556	2176335
3811000	4	-460	17924	2173758
3821000	3	-456	12848	2192167
3831000	4	-456	17449	2194028
3841000	4	-455	17350	2199766
3851000	4	-453	17170	2205840
3861000	4	-453	21525	2207579
3871000	5	-453	25957	2209247
3881000	2	-452	8551	2214405
3891000	4	-449	21716	2225465
3901000	4	-450	22137	2222596
3911000	3	-448	17220	2232753
3921000	3	-448	12820	2234042
3931000	4	-448	22160	2231541
3941000	4	-447	22094	2237690
3951000	4	-444	21579	2253095
3961000	4	-443	21235	2259468
3971000	5	-440	25368	2270604
3981000	4	-438	20559	2281634
3991000	3	-436	15677	2292438
4001000	4	-432	19653	2313687
4011000	4	-430	23995	2325394
4021000	3	-424	17713	2356573
4031000	4	-420	21806	2378770
4041000	4	-419	21524	2385636
4051000	3	-415	15074	2407792
4061000	2	-413	9199	2419910
4071000	0	-409	2561	2442692
4081000	0	-408	2554	2450097
4091000	1	-409	3041	2446611
4101000	-1	-407	-3381	2459021
4111000	2	-404	12101	2472877
4121000	3	-402	16732	2486363
4131000	2	-400	10254	2499399
4141000	3	-400	15707	2501537
4151000	7	-395	43096	2527994
4161000	8	-395	49295	2530335
4171000	8	-391	54589	2556108
4181000	11	-391	72468	2558714
4191000	9	-388	60538	2578603
4201000	14	-386	96675	2587304
4211000	11	-385	72270	2595576
4221000	11	-384	72318	2603962
4231000	11	-383	72063	2612390
4241000	11	-380	77930	2627136
4251000	10	-380	71567	2629503
4261000	10	-379	71532	2638258
4271000	11	-377	77918	2653384
4281000	11	-377	78307	2649466
4291000	9	-374	65143	2670752
4301000	10	-374	71295	2673198
4311000	9	-372	64293	2688367
4321000	8	-372	57572	2690522
4331000	6	-369	43901	2712279
4341000	6	-364	42108	2748770
4351000	7	-365	49245	2737602
4361000	7	-363	55392	2754088
4371000	6	-363	48500	2756384
4381000	9	-360	69086	2773631
4391000	9	-357	68559	2797461
4401000	10	-356	82363	2807335
4411000	9	-355	67922	2817032
4421000	10	-355	82672	2812976
4431000	11	-351	89176	2844667
4441000	12	-351	96293	2847276
4451000	11	-351	88793	2849706
4461000	13	-351	103505	2845303
4471000	14	-349	111149	2862993
4481000	12	-348	96279	2873129
4491000	14	-348	111288	2868457
4501000	12	-346	103467	2885994
4511000	11	-346	95741	2888710
4521000	11	-343	95194	2914446
4531000	9	-342	79332	2924591
4541000	10	-341	86898	2927783
4551000	11	-339	94323	2946582
4561000	11	-338	93869	2957571
4571000	5	-337	45907	2967067
4581000	7	-334	60993	2995470
4591000	5	-331	43133	3022473
4601000	6	-330	50979	3025941
4611000	4	-331	34607	3019984
4621000	2	-326	14848	3064001
4631000	4	-324	38883	3085778
4641000	5	-320	45090	3124401
4651000	5	-320	53766	3128152
4661000	3	-317	34364	3157706
4671000	3	-316	25231	3160695
4681000	6	-313	59829	3193718
4691000	6	-309	67044	3235083
4701000	10	-306	103963	3268875
4711000	11	-304	123189	3282634
4721000	12	-300	132733	3326400
4731000	10	-301	112322	3319966
4741000	10	-301	112019	3313540
4751000	9	-299	101050	3337060
4761000	10	-295	109884	3382304
4771000	8	-293	98726	3407321
4781000	8	-293	87994	3411352
4791000	8	-291	97431	3437149
4801000	10	-289	118506	3452623
4811000	7	-289	85460	3456149
4821000	7	-286	83409	3493296
4831000	6	-286	71591	3496915
4841000	6	-286	71482	3489878
4851000	4	-285	48195	3503889
4861000	3	-283	34865	3529846
4871000	5	-282	56681	3547958
4881000	5	-281	67313	3552860
4891000	3	-280	42593	3567231
4901000	2	-278	28570	3593840
4911000	3	-280	41293	3575901
4921000	4	-277	50514	3604594
4931000	5	-277	61620	3610169
4941000	4	-277	48799	3613749
4951000	5	-276	59738	3619080
4961000	4	-275	58276	3635950
4971000	5	-274	69941	3641935
4981000	8	-272	104912	3672948
4991000	8	-271	103805	3689776
5001000	8	-269	114851	3719876
5011000	8	-267	113919	3737846
5021000	9	-267	125909	3742961
5031000	11	-267	150886	3735366
5041000	10	-265	136880	3765565
5051000	10	-263	149158	3797254
5061000	10	-262	148481	3815867
5071000	12	-260	174774	3835226
5081000	12	-259	174173	3854337
5091000	12	-260	173699	3845593
5101000	12	-255	186309	3905634
5111000	11	-257	171911	3883174
5121000	10	-253	156568	3944792
5131000	12	-253	184382	3936687
5141000	11	-250	168913	3999594
5151000	12	-248	197178	4019937
5161000	12	-247	196553	4041737
5171000	11	-247	181103	4047294
5181000	11	-242	179642	4130653
5191000	9	-240	162478	4167958
5201000	9	-236	160310	4223442
5211000	7	-235	126316	4245532
5221000	10	-232	190636	4303469
5231000	12	-229	223992	4361763
5241000	9	-227	169551	4402941
5251000	8	-224	167138	4464023
5261000	8	-222	166084	4490103
5271000	8	-223	165796	4480203
5281000	10	-220	200463	4543977
5291000	8	-219	160563	4569634
5301000	9	-218	178633	4577757
5311000	8	-217	177176	4604932
5321000	8	-216	175718	4632654
5331000	7	-215	154553	4639526
5341000	7	-214	152283	4666860
5351000	8	-214	170268	4675241
5361000	5	-213	109418	4681673
5371000	7	-214	148464	4672863
5381000	8	-213	167394	4681298
5391000	6	-212	124235	4708035
5401000	6	-212	143061	4717607
5411000	5	-213	101865	4703353
5421000	7	-212	160773	4714072
5431000	7	-211	157435	4742590
5441000	5	-210	112567	4769350
5451000	7	-210	153765	4759390
5461000	8	-208	193715	4791744
5471000	9	-206	212758	4844157
5481000	6	-204	143600	4893995
5491000	9	-203	229889	4927453
5501000	11	-201	273250	4959550
5511000	9	-202	226587	4946299
5521000	11	-196	294375	5095192
5531000	12	-200	291645	4987147
5541000	9	-197	243470	5065782
5551000	10	-197	265812	5074691
5561000	11	-196	288144	5085259
5571000	10	-196	262778	5096832
5581000	9	-194	236513	5154176
5591000	10	-192	283553	5189942
5601000	9	-190	256831	5250841
5611000	10	-191	281081	5210926
5621000	10	-188	278694	5297402
5631000	8	-187	224174	5332404
5641000	7	-185	194386	5394589
5651000	8	-185	245956	5380765
5661000	6	-184	189858	5419001
5671000	6	-183	186713	5458338
5681000	5	-183	156954	5467267
5691000	6	-184	184123	5424295
5701000	6	-181	177778	5517091
5711000	6	-182	176332	5499667
5721000	4	-181	116389	5536201
5731000	6	-181	171700	5522977
5741000	5	-181	140816	5532653
5751000	4	-179	136873	5572570
5761000	5	-179	161875	5586796
5771000	6	-176	185688	5661369
5781000	6	-175	181302	5702990
5791000	7	-175	239770	5688598
5801000	8	-173	266229	5763133
5811000	8	-174	263736	5745008
5821000	9	-171	291151	5819703
5831000	11	-167	384694	5960406
5841000	12	-166	449775	6005376
5851000	11	-166	380955	5987766
5861000	13	-164	481265	6069648
5871000	15	-162	550896	6115837
5881000	14	-161	551719	6166228
5891000	16	-159	623296	6210319
5901000	16	-158	623944	6261073
5911000	18	-159	691058	6232247
5921000	17	-155	702302	6358899
5931000	16	-155	662794	6381165
5941000	13	-153	550417	6481845
5951000	15	-153	623206	6454809
5961000	16	-152	703626	6507168
5971000	15	-153	621152	6493881
5981000	12	-150	545868	6636049
5991000	12	-150	541103	6612371
6001000	12	-149	541293	6672109
6011000	11	-147	498111	6776939
6021000	10	-145	453074	6882379
6031000	7	-144	361673	6943711
6041000	7	-144	358572	6917023
6051000	7	-143	353328	6982141
6061000	8	-142	394714	7005387
6071000	5	-140	248870	7113461
6081000	7	-141	339370	7090190
6091000	6	-138	331353	7251321
6101000	5	-139	281289	7173283
6111000	4	-139	228767	7190635
6121000	3	-137	167785	7305734
6131000	5	-137	263053	7282824
6141000	3	-136	155636	7347077
6151000	1	-135	44926	7410657
6161000	2	-136	97360	7341116
6171000	2	-134	133101	7469103
6181000	2	-133	120588	7542962
6191000	3	-132	166714	7570662
6201000	1	-129	36206	7745476
6211000	3	-128	196026	7783859
6221000	1	-127	71295	7853576
6231000	3	-128	181967	7830420
6241000	4	-125	224808	7973045
6251000	4	-121	262822	8249315
6261000	4	-122	258482	8219463
6271000	4	-120	246810	8312016
6281000	2	-118	163321	8463182
6291000	4	-118	292187	8434012
6301000	2	-114	119168	8796122
6311000	4	-115	334068	8701951
6321000	3	-113	245462	8873141
6331000	3	-111	232600	8976859
6341000	3	-110	214482	9080855
6351000	4	-111	292779	8964817
6361000	3	-108	267086	9236981
6371000	4	-106	327224	9442980
6381000	1	-106	66031	9456115
6391000	4	-106	393321	9436865
6401000	2	-105	209998	9549254
6411000	2	-101	179740	9849359
6421000	-1	-101	-107139	9851515
6431000	2	-100	238503	10022295
6441000	2	-97	198776	10348659
6451000	3	-98	300537	10204035
6461000	3	-95	371541	10458207
6471000	1	-96	160592	10394044
6481000	4	-92	435104	10880452
6491000	4	-91	528254	10927527
6501000	5	-91	634659	10973636
6511000	4	-91	506698	11014880
6521000	5	-87	720769	11428284
6531000	7	-87	951502	11362128
6541000	9	-83	1359509	11901720
6551000	9	-85	1196329	11705046
6561000	9	-84	1318971	11758532
6571000	10	-85	1407830	11560394
6581000	11	-85	1532170	11608394
6591000	10	-83	1427115	11942927
6601000	11	-82	1559687	11990151
6611000	10	-82	1408920	12076216
6621000	9	-80	1417149	12280665
6631000	8	-82	1247532	12074228
6641000	10	-80	1528189	12246090
6651000	10	-81	1506941	12174325
6661000	9	-79	1385360	12556658
6671000	10	-80	1492434	12329710
6681000	11	-80	1750889	12215095
6691000	9	-79	1471087	12456959
6701000	11	-79	1735377	12341665
6711000	9	-80	1428076	12293696
6721000	9	-81	1407539	12223882
6731000	8	-79	1275801	12598600
6741000	10	-77	1586231	12788582
6751000	8	-78	1259116	12729082
6761000	9	-78	1537497	12630844
6771000	10	-76	1719640	13009614
6781000	10	-76	1682007	12934419
6791000	8	-75	1370136	13212600
6801000	10	-75	1669505	13101303
6811000	9	-75	1499324	13195864
6821000	9	-74	1654392	13250968
6831000	10	-70	1908452	13999621
6841000	11	-71	2038471	13691584
6851000	10	-68	2116352	14343706
6861000	8	-71	1657659	13934713
6871000	9	-66	1921965	14799058
6881000	9	-66	2120108	14858961
6891000	8	-64	1962644	15417359
6901000	10	-61	2717417	15880687
6911000	9	-61	2469736	16047987
6921000	9	-60	2507573	16413509
6931000	10	-61	2663153	15989127
6941000	9	-57	2585506	17197389
6951000	10	-58	2747197	16737952
6961000	7	-55	2311833	17815545
6971000	7	-52	2391893	18965576
6981000	7	-51	2721156	19088483
6991000	7	-52	2662603	18900608
7001000	5	-47	2066916	21047635
7011000	6	-48	2394294	20394729
7021000	4	-47	1564412	21036142
7031000	4	-45	1991034	22087559
7041000	4	-45	1917248	21846778
7051000	3	-43	1413851	23062040
7061000	5	-45	2266180	21890247
7071000	1	-43	781596	23066911
7081000	2	-43	1227647	23346721
7091000	3	-42	1700012	23562692
7101000	1	-41	521405	24291755
7111000	1	-42	450823	24044833
7121000	1	-39	859030	25525237
7131000	0	-39	113244	25735419
7141000	1	-38	653977	26064450
7151000	1	-37	502544	26995504
7161000	1	-36	1064344	27417332
7171000	2	-36	1723195	27786025
7181000	4	-34	3181298	28935767
7191000	3	-33	3158208	30185841
7201000	3	-33	2991396	29795209
7211000	5	-30	5089686	32862651
7221000	5	-30	4898003	32339382
7231000	4	-29	5033962	33838220
7241000	7	-28	8311488	33531657
7251000	7	-26	10383611	35889799
7261000	7	-24	11134365	37925541
7271000	10	-22	17302712	36744140
7281000	7	-20	15456286	43571699
7291000	12	-19	23000623	37873907
7301000	10	-18	22573821	43033314
7311000	11	-17	27765979	41605464
7321000	12	-18	25884924	38298930
7331000	11	-16	29668878	43398188
7341000	11	-13	37108913	43962933
7351000	11	-9	53899785	42360753
7361000	12	-11	44441920	42993775
7371000	13	-12	40212148	39640486
7381000	13	-12	41874190	37183938
7391000	11	-11	46263869	44540659
7401000	11	-8	62898430	44606826
7411000	10	-9	54987266	51285464
7421000	11	-9	57331996	46446962
7431000	12	-9	53798093	37740669
7441000	9	-5	85427946	48507978
7451000	9	-5	82572851	50829776
7461000	8	-4	97848499	45482670
7471000	7	-4	111697719	54535003
7481000	9	-2	107673351	23160790
7491000	7	-3	124789174	49421766
7501000	6	-2	143614877	59402374
7511000	5	1	183102707	-27423861
7521000	7	-1	130647036	21486349
7531000	6	-1	154634190	20823483
7541000	6	1	165012144	-13831269
7551000	5	1	196941072	-33385776
7561000	4	1	240102869	-75129605
7571000	5	3	144539624	-80886398
7581000	5	2	155796785	-72155738
7591000	3	2	235767982	-119432418
7601000	5	2	177754032	-53001988
7611000	5	3	149970305	-93384996
7621000	4	3	153208039	-134256398
7631000	6	3	138736650	-75710979
7641000	4	5	95208606	-117012370
7651000	4	7	66120200	-114330205
7661000	6	6	77030081	-88313762
7671000	4	6	79306519	-124161000
7681000	6	8	55942852	-78769552
7691000	5	7	70333708	-92695981
7701000	8	10	50472293	-64449563
7711000	6	10	46333813	-71089903
7721000	8	12	40558759	-58696428
7731000	7	12	36543984	-63323952
7741000	8	12	35662261	-58255951
7751000	8	13	34876944	-54029394
7761000	9	14	33828861	-50243298
7771000	10	14	32269159	-47137898
7781000	10	16	27756078	-46364648
7791000	9	15	28879765	-47083200
7801000	11	19	22394645	-39919752
7811000	10	18	24443781	-43357367
7821000	10	17	25479180	-44078002
7831000	11	18	25155699	-41668594
7841000	12	21	20299786	-35911014
7851000	12	22	18143293	-35165197
7861000	10	20	19914696	-40320763
7871000	10	20	20241957	-40943503
7881000	10	22	17086492	-37330705
7891000	12	22	19350537	-35105946
7901000	12	21	19924600	-35623165
7911000	11	22	18437609	-36913551
7921000	12	23	17736189	-33350398
7931000	13	24	17486527	-32020596
7941000	13	25	15769488	-31392591
7951000	14	26	15746633	-30215000
7961000	13	27	14243315	-29583228
7971000	12	25	15406786	-33114764
7981000	15	30	13597866	-26374331
7991000	15	31	12494578	-25873540
8001000	15	31	12787149	-26068981
8011000	15	29	14614875	-27042208
8021000	18	34	12016732	-22689163
8031000	20	36	11660674	-21300602
8041000	17	36	10587831	-22742300
8051000	18	38	10414849	-21348078
8061000	20	40	10093224	-20164615
8071000	18	42	8757810	-20011824
8081000	18	42	8895730	-20168980
8091000	17	46	7056088	-19385331
8101000	20	48	7531028	-17835441
8111000	21	44	8786261	-18262019
8121000	21	48	7622323	-17600800
8131000	19	47	7284391	-18343872
8141000	17	49	6358915	-18038010
8151000	18	50	6432444	-17707708
8161000	16	51	5553902	-17863255
8171000	18	51	6090821	-17496733
8181000	17	53	5682877	-17165857
8191000	18	55	5297715	-16464215
8201000	17	55	4944025	-16566083
8211000	15	56	4596844	-16666999
8221000	15	54	4625810	-17212859
8231000	16	56	4773804	-16517274
8241000	14	57	4029218	-16568975
8251000	15	59	4185291	-15940893
8261000	14	59	3857634	-16008191
8271000	12	60	3142789	-15966097
8281000	13	61	3238067	-15710144
8291000	13	59	3551753	-16291089
8301000	11	61	2987297	-15876771
8311000	11	62	2769383	-15586235
8321000	11	62	2782063	-15683342
8331000	12	62	2903177	-15456522
8341000	10	64	2326979	-15371089
8351000	16	65	3583642	-14446240
8361000	12	66	2654205	-14656125
8371000	13	67	2719702	-14450170
8381000	13	66	2739929	-14531821
8391000	11	67	2479968	-14535108
8401000	11	68	2281482	-14260648
8411000	11	68	2309824	-14350998
8421000	11	67	2335084	-14447045
8431000	11	70	2268666	-13928991
8441000	12	68	2477400	-14379655
8451000	11	71	2128213	-13782530
8461000	13	71	2465079	-13685117
8471000	13	73	2349976	-13203102
8481000	14	74	2413206	-13036862
8491000	13	74	2209613	-13061499
8501000	13	74	2231465	-13140514
8511000	13	77	2169409	-12692813
8521000	12	75	2108052	-12996609
8531000	12	76	1960683	-12776330
8541000	12	76	1983439	-12861658
8551000	13	78	2139247	-12496241
8561000	12	78	1940721	-12499159
8571000	11	79	1733257	-12493662
8581000	11	80	1614902	-12275334
8591000	11	80	1631763	-12348159
8601000	11	80	1717061	-12219627
8611000	11	82	1594513	-12020218
8621000	8	82	1144820	-12112573
8631000	11	81	1617001	-12146114
8641000	10	81	1440523	-12143666
8651000	8	83	1145048	-11873460
8661000	10	83	1411784	-11820210
8671000	9	86	1151979	-11536659
8681000	11	84	1512211	-11726941
8691000	6	87	827060	-11485464
8701000	8	87	1072700	-11458494
8711000	7	87	909099	-11436022
8721000	6	85	831500	-11651233
8731000	8	88	1063815	-11219485
8741000	8	88	1067610	-11275109
8751000	8	86	1012147	-11506133
8761000	7	85	954201	-11720214
8771000	5	91	557574	-10981779
8781000	6	88	755636	-11326460
8791000	5	89	682779	-11146075
8801000	7	88	840568	-11278451
8811000	5	89	677616	-11245194
8821000	7	90	827484	-10992486
8831000	5	91	541088	-10907423
8841000	3	94	354994	-10656090
8851000	5	92	635140	-10875724
8861000	6	95	708847	-10432632
8871000	6	95	681942	-10456390
8881000	5	94	606981	-10638405
8891000	9	99	945477	-10030328
8901000	7	97	702502	-10275552
8911000	7	99	716054	-10003822
8921000	11	102	1013921	-9728476
8931000	11	101	1022689	-9759142
8941000	11	104	1005129	-9504327
8951000	12	105	1059936	-9423297
8961000	11	106	986314	-9288457
8971000	14	108	1179930	-9140409
8981000	12	109	963095	-9094806
8991000	14	110	1160123	-8958805
9001000	15	112	1136434	-8747589
9011000	15	112	1144172	-8783746
9021000	16	111	1250480	-8855615
9031000	15	112	1191281	-8752899
9041000	14	114	1029344	-8612574
9051000	17	115	1293635	-8514647
9061000	15	114	1157743	-8604295
9071000	14	115	1064645	-8595132
9081000	15	115	1103656	-8526516
9091000	15	117	1057464	-8432674
9101000	18	116	1289446	-8434363
9111000	15	116	1067476	-8497013
9121000	15	117	1098529	-8427123
9131000	17	117	1232879	-8394904
9141000	16	117	1144234	-8394561
9151000	16	117	1148021	-8424821
9161000	17	117	1181193	-8349705
9171000	17	117	1190327	-8369177
9181000	15	118	1101783	-8364831
9191000	15	119	1048962	-8262481
9201000	14	118	1006983	-8374986
9211000	17	119	1168482	-8253410
9221000	15	121	1030520	-8131519
9231000	17	120	1129090	-8193890
9241000	16	121	1071216	-8099603
9251000	16	121	1085161	-8127848
9261000	15	121	1007326	-8118567
9271000	16	122	1028682	-8048827
9281000	17	121	1117306	-8106115
9291000	14	122	949211	-8072998
9301000	16	121	1045169	-8135991
9311000	17	120	1139824	-8200200
9321000	14	123	911593	-8043557
9331000	15	122	999829	-8104401
9341000	15	123	950433	-8014676
9351000	16	122	1040483	-8075534
9361000	16	123	1067776	-8014116
9371000	14	122	936996	-8083726
9381000	15	125	924183	-7904383
9391000	14	123	898589	-8008105
9401000	14	126	879869	-7831163
9411000	15	124	937041	-7965637
9421000	14	125	894177	-7876363
9431000	13	128	777055	-7758640
9441000	13	127	775061	-7784283
9451000	12	127	765713	-7809147
9461000	13	130	744822	-7634030
9471000	14	127	866854	-7804728
9481000	14	131	812373	-7534614
9491000	13	130	782515	-7636914
9501000	16	129	968298	-7641737
9511000	13	134	730787	-7394183
9521000	14	135	766278	-7342948
9531000	13	135	699183	-7335494
9541000	14	136	729502	-7288226
9551000	14	137	759002	-7241199
9561000	12	141	613739	-7040397
9571000	10	142	477757	-6996674
9581000	12	142	574060	-6984514
9591000	13	144	631151	-6879282
9601000	12	143	598524	-6959000
9611000	12	144	570531	-6885087
9621000	13	143	636873	-6934781
9631000	14	146	631475	-6800119
9641000	11	149	481670	-6676171
9651000	13	150	588963	-6597864
9661000	11	148	478520	-6700923
9671000	10	150	452409	-6638118
9681000	9	150	400182	-6630143
9691000	12	151	510279	-6565919
9701000	12	152	535270	-6524226
9711000	10	153	425304	-6488432
9721000	9	157	374352	-6347330
9731000	9	157	376134	-6364784
9741000	9	156	370683	-6377343
9751000	8	157	318448	-6364904
9761000	7	158	293141	-6301185
9771000	6	159	240420	-6287831
9781000	9	160	337800	-6230309
9791000	7	161	284972	-6217025
9801000	8	161	314265	-6187668
9811000	5	164	202919	-6078311
9821000	10	163	369075	-6119321
9831000	10	168	347789	-5942532
9841000	11	165	418320	-6042923
9851000	9	168	303236	-5937616
9861000	10	170	346970	-5863223
9871000	9	168	324678	-5922742
9881000	10	171	325537	-5830514
9891000	8	171	283258	-5819696
9901000	10	174	323747	-5744893
9911000	8	173	261842	-5777460
9921000	11	175	371340	-5688878
9931000	10	176	329033	-5677609
9941000	11	177	345907	-5644028
9951000	12	179	382201	-5572351
9961000	13	179	398785	-5543519
9971000	12	181	374395	-5496138
9981000	14	181	430106	-5487141
9991000	10	182	296204	-5482029
10001000	13	184	394382	-5399254
10011000	13	183	378323	-5448674
10021000	13	182	382765	-5457846
10031000	15	184	451694	-5405788
10041000	13	185	372798	-5376734
10051000	13	185	373999	-5385785
10061000	13	184	373903	-5399646
10071000	14	185	393240	-5372826
10081000	15	187	425276	-5307141
10091000	15	187	425808	-5315180
10101000	13	186	372949	-5345009
10111000	14	185	413044	-5373056
10121000	14	190	388926	-5238774
10131000	15	189	419933	-5262929
10141000	14	189	382163	-5254859
10151000	13	188	363834	-5301913
10161000	14	187	401002	-5330474
10171000	13	188	376895	-5287194
10181000	13	188	379658	-5297244
10191000	12	188	345425	-5290545
10201000	13	189	366952	-5261452
10211000	15	191	397030	-5196062
10221000	13	192	359031	-5182755
10231000	12	190	338540	-5227815
10241000	12	190	338066	-5237775
10251000	13	193	337163	-5162117
10261000	12	191	318828	-5208786
10271000	12	192	333325	-5183178
10281000	11	191	312368	-5228054
10291000	12	193	312089	-5152625
10301000	11	192	296445	-5200319
10311000	12	194	330219	-5138253
10321000	12	196	304418	-5092497
10331000	11	194	292510	-5133763
10341000	12	195	308856	-5108032
10351000	12	195	305932	-5115367
10361000	10	197	254512	-5057451
10371000	13	199	320327	-5017200
10381000	11	201	273800	-4962330
10391000	11	202	258728	-4925597
10401000	11	198	285609	-5022327
10411000	13	201	317513	-4960473
10421000	9	203	223423	-4921459
10431000	12	201	286698	-4965539
10441000	11	204	257103	-4882547
10451000	14	204	333586	-4889645
10461000	15	202	365463	-4915085
10471000	13	204	301987	-4890747
10481000	14	208	314970	-4790771
10491000	15	207	338972	-4809801
10501000	11	207	260466	-4815906
10511000	15	210	334173	-4748768
10521000	11	208	245252	-4787818
10531000	12	210	271765	-4736167
10541000	12	210	269742	-4744150
10551000	11	211	240664	-4737791
10561000	13	211	287433	-4729898
10571000	12	211	258985	-4721798
10581000	10	212	228584	-4708956
10591000	10	214	213590	-4669063
10601000	14	214	295105	-4649289
10611000	10	216	214186	-4614780
10621000	11	215	240981	-4639171
10631000	11	217	225673	-4604818
10641000	12	216	249092	-4624736
10651000	9	217	193531	-4605820
10661000	9	216	195648	-4612439
10671000	8	219	158249	-4563371
10681000	9	216	191642	-4624137
10691000	9	219	191471	-4559218
10701000	10	218	216677	-4580136
10711000	8	220	172427	-4530416
10721000	6	220	130478	-4548944
10731000	9	218	180432	-4585198
10741000	7	220	143604	-4537613
10751000	6	221	117672	-4529748
10761000	7	222	133685	-4508487
10771000	6	220	114414	-4534594
10781000	7	219	138585	-4553576
10791000	7	222	143942	-4495681
10801000	5	221	103534	-4514662
10811000	5	224	106626	-4456057
10821000	7	223	132348	-4475545
10831000	8	225	161348	-4432324
10841000	8	225	161402	-4437773
10851000	7	226	135202	-4430418
10861000	7	223	142555	-4475470
10871000	5	226	100697	-4424745
10881000	5	226	95214	-4430810
10891000	6	226	108952	-4413319
10901000	4	227	81935	-4401911
10911000	6	227	118220	-4399491
10921000	5	228	96617	-4391122
10931000	6	229	112971	-4372051
10941000	7	228	136709	-4390642
10951000	6	228	109168	-4380225
10961000	6	231	105797	-4320140
10971000	7	230	128447	-4341225
10981000	6	232	117536	-4310619
10991000	6	231	115180	-4318006
11001000	6	231	111592	-4323134
11011000	8	235	149013	-4258661
11021000	9	235	161810	-4242468
11031000	9	235	161907	-4249538
11041000	10	236	171613	-4230668
11051000	11	238	190862	-4186853
11061000	12	241	212737	-4146672
11071000	13	242	220980	-4128927
11081000	11	241	186633	-4144971
11091000	11	242	195562	-4126763
11101000	12	245	197976	-4077230
11111000	14	245	231025	-4071759
11121000	12	247	199092	-4031074
11131000	13	247	218321	-4043212
11141000	18	249	287783	-4002127
11151000	13	246	216811	-4050292
11161000	15	248	237308	-4013561
11171000	15	249	246833	-3997453
11181000	16	252	243319	-3947022
11191000	18	254	283312	-3920652
11201000	16	253	254898	-3938092
11211000	18	253	284230	-3932500
11221000	17	254	258866	-3924879
11231000	18	253	276195	-3937326
11241000	18	254	283561	-3922170
11251000	16	255	242559	-3907909
11261000	17	257	259711	-3870330
11271000	18	256	278460	-3885608
11281000	17	257	259785	-3880401
11291000	18	258	270659	-3863274
11301000	19	257	288586	-3871527
11311000	17	260	253551	-3835348
11321000	18	258	273774	-3849165
11331000	20	257	295411	-3863734
11341000	17	258	254006	-3851792
11351000	19	259	283491	-3845519
11361000	18	260	270718	-3820456
11371000	19	261	276887	-3804649
11381000	17	259	259510	-3848459
11391000	18	260	264666	-3830639
11401000	18	260	262612	-3832560
11411000	21	261	299405	-3805320
11421000	19	262	276608	-3802062
11431000	17	259	254684	-3844929
11441000	18	263	261413	-3782254
11451000	17	262	254477	-3805104
11461000	19	260	274600	-3819568
11471000	18	262	261386	-3794264
11481000	19	264	267911	-3774643
11491000	18	262	258079	-3796834
11501000	20	262	286234	-3789989
11511000	19	261	277745	-3814290
11521000	17	263	244392	-3779670
11531000	18	264	252506	-3764814
11541000	20	265	281284	-3758898
11551000	20	266	288890	-3743052
11561000	18	265	261145	-3757206
11571000	18	265	258227	-3760008
11581000	17	265	236148	-3754898
11591000	19	263	273574	-3776569
11601000	18	264	250391	-3772657
11611000	18	264	251498	-3776910
11621000	18	268	256249	-3715667
11631000	20	267	276403	-3728225
11641000	18	266	248611	-3741177
11651000	18	267	255027	-3722802
11661000	17	266	243151	-3742696
11671000	17	268	232485	-3718723
11681000	19	268	259726	-3713152
11691000	19	268	258111	-3718536
11701000	19	269	264285	-3703596
11711000	19	268	261896	-3706664
11721000	18	272	240695	-3657766
11731000	19	269	267459	-3697904
11741000	17	274	228511	-3638096
11751000	17	274	225996	-3640072
11761000	17	271	234235	-3668684
11771000	18	276	236226	-3608580
11781000	17	274	226222	-3630713
11791000	18	275	234027	-3616224
11801000	20	275	259922	-3611585
11811000	18	278	231616	-3583536
11821000	20	276	265575	-3600277
11831000	16	279	210890	-3575710
11841000	17	280	218023	-3561255
11851000	18	279	236332	-3572023
11861000	19	282	234905	-3534813
11871000	17	284	208153	-3505392
11881000	19	283	239355	-3523173
11891000	18	283	220899	-3518817
11901000	16	282	194380	-3530390
11911000	20	283	242779	-3514430
11921000	18	287	221386	-3467752
11931000	18	285	226009	-3494493
11941000	18	287	215524	-3473384
11951000	17	289	205260	-3452470
11961000	18	288	220509	-3464120
11971000	16	287	195820	-3477023
11981000	15	287	177093	-3473316
11991000	21	289	245684	-3447870
12001000	12	290	147298	-3441536
12011000	15	292	178302	-3418699
12021000	17	291	195516	-3429145
12031000	15	293	171490	-3401601
12041000	17	294	192457	-3394793
12051000	14	293	166837	-3407064
12061000	17	294	196116	-3387254
12071000	16	295	178473	-3382474
12081000	14	295	160094	-3377625
12091000	16	294	186604	-3394497
12101000	14	296	160481	-3366831
12111000	15	295	173136	-3375423
12121000	15	297	163645	-3355331
12131000	15	297	165581	-3358699
12141000	15	295	172319	-3385642
12151000	13	297	149771	-3357527
12161000	12	298	130293	-3351340
12171000	13	300	141466	-3322494
12181000	13	300	140155	-3326955
12191000	14	299	155496	-3337142
12201000	13	305	135088	-3272886
12211000	11	306	120987	-3267605
12221000	17	306	176695	-3260355
12231000	17	305	176648	-3264110
12241000	14	305	152087	-3273475
12251000	13	309	133699	-3230283
12261000	17	310	174272	-3217035
12271000	12	309	129396	-3233718
12281000	16	312	164454	-3198846
12291000	12	312	127599	-3202158
12301000	12	311	127422	-3205748
12311000	16	314	161014	-3173462
12321000	17	313	170518	-3182256
12331000	16	315	162079	-3163785
12341000	15	317	151050	-3144691
12351000	18	319	176010	-3127409
12361000	17	319	162641	-3124042
12371000	15	323	147267	-3086934
12381000	17	320	165889	-3112384
12391000	16	319	158576	-3128671
12401000	17	323	164624	-3084546
12411000	15	323	143519	-3092392
12421000	16	325	152407	-3067216
12431000	16	325	151055	-3069519
12441000	18	325	166726	-3064434
12451000	15	325	144925	-3073466
12461000	14	329	130309	-3038009
12471000	17	327	155939	-3053564
12481000	17	328	160364	-3043253
12491000	14	328	128248	-3046982
12501000	15	327	136328	-3051561
12511000	15	328	141882	-3040806
12521000	17	328	160115	-3037965
12531000	16	329	147709	-3034251
12541000	15	327	141496	-3051035
12551000	14	329	130400	-3033100
12561000	15	330	134975	-3023661
12571000	15	330	135013	-3025661
12581000	14	328	125144	-3040193
12591000	13	332	120410	-3008958
12601000	14	330	126281	-3028063
12611000	13	332	117456	-3009294
12621000	14	330	124916	-3029674
12631000	14	333	123328	-3001050
12641000	16	331	147315	-3016038
12651000	12	333	107285	-2999163
12661000	14	333	122608	-2994133
12671000	11	335	95539	-2982515
12681000	11	333	100788	-3002470
12691000	12	332	112037	-3012295
12701000	13	333	117928	-3002051
12711000	13	334	120815	-2991501
12721000	12	334	106232	-2987514
12731000	14	333	127972	-3001753
12741000	11	336	95722	-2972549
12751000	10	336	92457	-2974428
12761000	10	336	89099	-2975598
12771000	14	337	120256	-2963348
12781000	10	337	89415	-2966329
12791000	8	336	71293	-2975053
12801000	10	336	89111	-2971818
12811000	11	337	93367	-2960605
12821000	10	336	84930	-2971671
12831000	10	338	90837	-2959191
12841000	8	337	72145	-2968691
12851000	11	338	94196	-2952399
12861000	9	339	79533	-2947955
12871000	10	338	90211	-2956814
12881000	10	338	89191	-2959798
12891000	10	341	89074	-2932394
12901000	8	338	74019	-2957468
12911000	9	341	81593	-2933946
12921000	10	340	82490	-2935230
12931000	7	340	61607	-2941935
12941000	8	339	70267	-2950004
12951000	9	340	76470	-2940439
12961000	7	340	64136	-2937033
12971000	8	341	68227	-2927795
12981000	8	343	69248	-2916825
12991000	6	342	48517	-2923290
13001000	7	341	59169	-2931789
13011000	9	341	75838	-2928676
13021000	8	343	68119	-2911538
13031000	7	342	61164	-2922645
13041000	7	344	55388	-2905650
13051000	6	344	54363	-2909171
13061000	7	345	59003	-2899303
13071000	7	345	55228	-2899953
13081000	6	345	53979	-2901376
13091000	6	348	50130	-2871467
13101000	6	346	51749	-2889708
13111000	7	347	57454	-2880845
13121000	8	348	64074	-2871545
13131000	6	349	52518	-2867807
13141000	10	352	76820	-2839997
13151000	6	352	46184	-2840638
13161000	7	351	55670	-2849353
13171000	6	353	49584	-2834476
13181000	7	350	53115	-2854436
13191000	8	353	62038	-2833726
13201000	7	355	55556	-2818726
13211000	8	353	66006	-2827439
13221000	9	355	69561	-2818022
13231000	8	355	65353	-2816973
13241000	9	356	69076	-2806571
13251000	7	356	53575	-2811531
13261000	10	359	78955	-2785576
13271000	9	361	68657	-2769929
13281000	8	359	64489	-2784000
13291000	10	359	80550	-2781059
13301000	9	360	66573	-2777704
13311000	7	358	55568	-2788326
13321000	11	360	85968	-2778903
13331000	8	361	64268	-2771367
13341000	8	360	62194	-2773677
13351000	11	360	86354	-2775831
13361000	8	361	61815	-2766699
13371000	7	363	55103	-2752015
13381000	10	361	75177	-2765126
13391000	6	365	45289	-2738178
13401000	8	366	57129	-2734290
13411000	6	363	44529	-2756356
13421000	4	367	31828	-2725797
13431000	6	364	43062	-2748561
13441000	9	370	65965	-2698679
13451000	11	366	79034	-2732276
13461000	5	365	35062	-2739343
13471000	6	368	41412	-2718002
13481000	5	367	38402	-2720607
13491000	6	369	44673	-2712369
13501000	5	370	38333	-2698743
13511000	5	370	37452	-2700088
13521000	5	368	38463	-2716576
13531000	6	369	44832	-2706701
13541000	5	371	39675	-2692324
13551000	6	373	40662	-2681332
13561000	6	374	41497	-2672013
13571000	7	373	50397	-2678274
13581000	6	372	42999	-2689950
13591000	8	376	57094	-2660875
13601000	8	375	54183	-2663390
13611000	8	377	56729	-2653891
13621000	9	378	61078	-2644184
13631000	8	378	56620	-2644374
13641000	7	378	45633	-2641541
13651000	9	380	63690	-2627801
13661000	8	381	52380	-2624185
13671000	10	385	65515	-2596260
13681000	11	382	77051	-2617107
13691000	7	387	46666	-2581064
13701000	7	385	48799	-2597488
13711000	8	384	57261	-2603275
13721000	12	391	77667	-2556611
13731000	10	392	63424	-2552323
13741000	10	391	62102	-2554125
13751000	8	394	48321	-2537448
13761000	12	393	78489	-2543421
13771000	10	394	63515	-2539613
13781000	12	394	75375	-2534594
13791000	12	398	77322	-2512625
13801000	13	397	85619	-2517451
13811000	14	394	88602	-2533832
13821000	15	396	92825	-2524584
13831000	14	399	90377	-2502840
13841000	14	401	83905	-2491027
13851000	13	401	82412	-2493066
13861000	11	402	69160	-2488381
13871000	14	400	87981	-2500007
13881000	14	401	89339	-2492015
13891000	13	403	80775	-2479778
13901000	12	401	73634	-2489283
13911000	11	403	67504	-2478627
13921000	10	403	58383	-2477268
13931000	13	403	77874	-2477585
13941000	12	405	76037	-2467961
13951000	14	404	83925	-2473434
13961000	8	403	48879	-2478754
13971000	10	404	61210	-2476662
13981000	10	403	59575	-2478078
13991000	7	406	44846	-2461656
14001000	9	407	56835	-2458496
14011000	8	405	50666	-2469005
14021000	8	406	49469	-2460753
14031000	6	407	38995	-2457222
14041000	8	406	46647	-2462856
14051000	9	406	57431	-2459260
14061000	7	407	44597	-2455583
14071000	10	409	59928	-2444068
14081000	6	409	37973	-2446541
14091000	9	408	56438	-2447114
14101000	7	409	42170	-2442849
14111000	10	408	58418	-2452028
14121000	6	411	36997	-2431959
14131000	7	409	42055	-2444964
14141000	6	409	38537	-2445437
14151000	7	410	40691	-2438758
14161000	7	410	41028	-2440059
14171000	7	407	44663	-2454538
14181000	8	406	50323	-2460125
14191000	6	411	36371	-2433994
14201000	6	410	37019	-2435517
14211000	5	412	31936	-2424122
14221000	8	412	49207	-2424530
14231000	6	411	34660	-2429651
14241000	7	410	43367	-2435502
14251000	8	412	46880	-2428877
14261000	6	412	33804	-2424404
14271000	5	412	27725	-2424935
14281000	6	411	36287	-2430235
14291000	5	413	31172	-2418857
14301000	5	409	29241	-2441946
14311000	4	413	26359	-2421334
14321000	4	413	24660	-2422603
14331000	5	414	29169	-2416772
14341000	4	416	21531	-2405020
14351000	6	416	37243	-2404543
14361000	3	413	18058	-2418602
14371000	4	415	20968	-2411615
14381000	5	411	31744	-2429721
14391000	5	415	29163	-2410058
14401000	5	416	30871	-2403253
14411000	6	417	33334	-2396070
14421000	3	418	19709	-2391999
14431000	1	414	6134	-2417702
14441000	1	418	6652	-2390649
14451000	3	419	19131	-2387541
14461000	4	420	24714	-2378840
14471000	4	418	24918	-2392310
14481000	4	421	22960	-2373089
14491000	6	422	35453	-2369509
14501000	5	423	26322	-2366258
14511000	5	422	30840	-2370989
14521000	5	425	27305	-2351497
14531000	6	424	34016	-2356331
14541000	7	426	36619	-2349567
14551000	7	427	38745	-2343459
14561000	5	427	29100	-2341237
14571000	6	430	33875	-2326292
14581000	4	431	22428	-2322208
14591000	4	428	24057	-2335633
14601000	5	431	29551	-2321727
14611000	9	430	46841	-2322360
14621000	6	432	30211	-2316561
14631000	7	431	37051	-2321412
14641000	7	432	38677	-2314670
14651000	7	436	34922	-2295515
14661000	9	436	44910	-2293009
14671000	7	434	38997	-2301528
14681000	7	436	37669	-2293787
14691000	3	435	15524	-2296114
14701000	7	435	34518	-2296491
14711000	7	437	38042	-2290315
14721000	5	437	28339	-2287473
14731000	6	440	30947	-2271820
14741000	5	439	25760	-2279734
14751000	7	439	36139	-2277193
14761000	5	443	25823	-2256091
14771000	7	441	37878	-2264630
14781000	6	440	33569	-2273985
14791000	7	441	37844	-2266674
14801000	4	442	20962	-2261766
14811000	9	438	44333	-2282248
14821000	9	443	44824	-2257834
14831000	8	445	40982	-2246364
14841000	5	444	27774	-2251482
14851000	8	443	39526	-2258403
14861000	8	444	41033	-2252428
14871000	8	446	38331	-2241293
14881000	10	447	48540	-2238342
14891000	7	446	34115	-2243512
14901000	7	445	37123	-2246491
14911000	9	448	42873	-2231841
14921000	11	446	57487	-2239942
14931000	8	447	38064	-2234955
14941000	4	453	17689	-2209546
14951000	9	452	44709	-2213906
14961000	8	452	37953	-2212121
14971000	10	452	46898	-2209389
14981000	9	452	42836	-2209574
14991000	8	454	36989	-2199674
15001000	7	460	32098	-2172707
15011000	9	459	42288	-2178910
15021000	9	456	43217	-2190626
15031000	8	458	39088	-2181571
15041000	8	462	37884	-2166058
15051000	11	460	51372	-2173478
15061000	7	459	34167	-2176125
15071000	10	461	45810	-2166602
15081000	12	465	55846	-2147342
15091000	12	463	58257	-2159164
15101000	11	465	50326	-2149209
15111000	12	464	55374	-2153304
15121000	10	464	48249	-2152078
15131000	12	467	54978	-2139504
15141000	12	467	56133	-2141890
15151000	10	467	47251	-2140327
15161000	11	468	49921	-2133771
15171000	12	468	55265	-2137213
15181000	12	469	54195	-2131958
15191000	11	468	52021	-2133245
15201000	13	468	58799	-2136344
15211000	11	472	51461	-2116730
15221000	11	470	49663	-2126416
15231000	10	472	44172	-2116935
15241000	11	471	51299	-2119909
15251000	16	469	72155	-2129703
15261000	11	471	48080	-2121940
15271000	12	471	53119	-2119628
15281000	10	470	43520	-2124749
15291000	11	472	47551	-2117923
15301000	11	471	50813	-2121240
15311000	9	472	40296	-2118573
15321000	11	472	47679	-2115770
15331000	9	473	39011	-2113447
15341000	7	474	30188	-2111347
15351000	10	473	44932	-2111979
15361000	12	470	53472	-2125588
15371000	11	472	49021	-2116836
15381000	10	474	43301	-2107689
15391000	10	473	46504	-2110969
15401000	7	473	31871	-2115624
15411000	8	474	35821	-2109594
15421000	9	473	41295	-2113142
15431000	7	473	31577	-2111751
15441000	7	473	31976	-2114931
15451000	6	473	25001	-2112396
15461000	7	476	32066	-2098854
15471000	9	477	39225	-2096846
15481000	6	472	26907	-2116994
15491000	7	474	30585	-2110751
15501000	7	473	29694	-2112426
15511000	6	475	25410	-2103659
15521000	9	475	38944	-2104756
15531000	5	474	23988	-2107917
15541000	6	475	28527	-2103509
15551000	9	474	40219	-2109651
15561000	5	477	20218	-2094396
15571000	7	476	31392	-2101144
15581000	8	477	33164	-2094596
15591000	6	478	25138	-2092600
15601000	7	477	28624	-2097754
15611000	7	476	32490	-2101094
15621000	6	477	26865	-2097804
15631000	9	479	38210	-2086987
15641000	6	478	26671	-2091399
15651000	8	480	35131	-2081271
15661000	9	478	37948	-2090837
15671000	10	479	41733	-2084801
15681000	12	481	51370	-2076221
15691000	8	484	35249	-2064217
15701000	6	484	24753	-2067856
15711000	7	485	28621	-2062437
15721000	6	485	25849	-2063223
15731000	10	486	42595	-2057332
15741000	10	486	42793	-2057200
15751000	9	486	36627	-2055207
15761000	11	486	48022	-2054653
15771000	12	491	50893	-2034753
15781000	8	491	32504	-2035415
15791000	10	490	40673	-2039336
15801000	9	488	36893	-2047688
15811000	8	492	33253	-2032012
15821000	11	492	47150	-2031983
15831000	6	492	24883	-2031392
15841000	10	492	39619	-2031992
15851000	10	490	40657	-2041977
15861000	8	493	33262	-2026055
15871000	10	493	41334	-2028714
15881000	13	495	54666	-2020331
15891000	9	496	37716	-2015771
15901000	9	496	36472	-2016657
15911000	11	495	42853	-2019418
15921000	7	500	28824	-1998312
15931000	9	497	35134	-2010872
15941000	8	495	34014	-2020929
15951000	10	502	39022	-1992473
15961000	9	500	37251	-1999317
15971000	9	498	38296	-2008262
15981000	11	500	45808	-1998588
15991000	11	502	44724	-1992127
16001000	9	500	36882	-1998021
16011000	11	501	44495	-1995182
16021000	9	503	36408	-1986849
16031000	9	495	37509	-2017880
16041000	9	503	33654	-1988375
16051000	9	500	36511	-1997958
16061000	10	499	40216	-2001746
16071000	8	507	29575	-1970536
16081000	6	500	25672	-1998552
16091000	13	503	50514	-1985805
16101000	9	502	37382	-1991201
16111000	10	503	39678	-1986357
16121000	8	506	31246	-1975242
16131000	9	502	34512	-1991614
16141000	8	502	31233	-1992006
16151000	6	500	25936	-1998271
16161000	7	505	27850	-1978374
16171000	9	505	33671	-1981547
16181000	9	506	34129	-1975686
16191000	8	504	31954	-1984047
16201000	7	505	27216	-1980902
16211000	8	506	31196	-1974873
16221000	9	507	36689	-1970892
16231000	7	506	26173	-1975000
16241000	7	508	26810	-1968883
16251000	7	509	28261	-1963293
16261000	7	509	26452	-1963762
16271000	9	507	36254	-1970386
16281000	7	508	27668	-1966852
16291000	7	510	27032	-1958897
16301000	6	509	23116	-1965345
16311000	8	511	30901	-1955591
16321000	9	511	32919	-1957949
16331000	4	512	16069	-1951222
16341000	7	511	27016	-1957520
16351000	6	514	22699	-1943991
16361000	6	512	23031	-1952145
16371000	9	513	32619	-1949236
16381000	6	514	21716	-1943505
16391000	6	514	23064	-1946231
16401000	5	514	20646	-1947056
16411000	8	519	29277	-1926943
16421000	7	516	24883	-1939169
16431000	10	523	38334	-1911912
16441000	8	521	29920	-1917527
16451000	5	517	16914	-1932966
16461000	8	517	29752	-1932481
16471000	10	520	37738	-1922486
16481000	8	521	28197	-1920577
16491000	7	520	27542	-1920936
16501000	10	525	35078	-1903638
16511000	10	527	34545	-1897636
16521000	9	523	33939	-1912727
16531000	12	529	41071	-1889042
16541000	10	528	35444	-1893191
16551000	11	526	39557	-1901953
16561000	7	527	23618	-1896601
16571000	9	530	31855	-1887246
16581000	11	520	38980	-1922565
16591000	12	532	43993	-1877357
16601000	11	531	38141	-1883110
16611000	10	536	34803	-1863878
16621000	13	537	44567	-1859792
16631000	8	534	29253	-1871948
16641000	13	532	44275	-1879539
16651000	14	540	49593	-1850032
16661000	12	539	41697	-1853690
16671000	12	537	40536	-1859798
16681000	12	543	41237	-1841963
16691000	13	542	44246	-1844671
16701000	12	544	41092	-1838198
16711000	9	541	32025	-1847442
16721000	11	544	35794	-1837129
16731000	14	542	47335	-1842297
16741000	13	547	44438	-1828036
16751000	13	545	43542	-1832391
16761000	13	549	42804	-1820810
16771000	13	548	42388	-1824634
