f/Hz	Re{Y}/µS	Im{Y}/µS	Re{Z}/mOhm	Im{Z}/mOhm
1000	1199162	-210250	809	142
11000	269696	-483502	880	1577
21000	88376	-305494	874	3021
31000	42511	-216018	877	4457
41000	24727	-165697	881	5904
51000	16488	-134237	901	7339
61000	11459	-112958	889	8763
71000	8488	-97235	891	10207
81000	6547	-85408	892	11640
91000	5235	-76074	900	13083
101000	4286	-68595	907	14522
111000	3547	-62456	907	15960
121000	3009	-57350	912	17389
131000	2581	-52988	917	18828
141000	2221	-49263	913	20258
151000	1974	-45996	931	21701
161000	1736	-43143	931	23141
171000	1552	-40603	940	24593
181000	1372	-38402	929	26007
191000	1246	-36393	939	27446
201000	1134	-34579	948	28888
211000	1021	-32933	940	30336
221000	961	-31455	971	31762
231000	867	-30105	956	33189
241000	818	-28855	982	34629
251000	769	-27702	1001	36070
261000	694	-26632	977	37523
271000	651	-25662	989	38943
281000	616	-24743	1006	40391
291000	581	-23896	1017	41824
301000	549	-23115	1027	43238
311000	522	-22352	1044	44715
321000	481	-21668	1024	46127
331000	459	-21009	1041	47577
341000	444	-20398	1066	49002
351000	419	-19830	1064	50405
361000	388	-19263	1046	51892
371000	383	-18740	1089	53341
381000	359	-18260	1075	54744
391000	347	-17795	1095	56175
401000	341	-17351	1132	57610
411000	320	-16923	1116	59071
421000	301	-16520	1104	60511
431000	296	-16142	1137	61931
441000	283	-15776	1138	63367
451000	269	-15428	1129	64800
461000	268	-15083	1180	66279
471000	245	-14773	1121	67671
481000	245	-14455	1170	69159
491000	235	-14166	1173	70572
501000	225	-13869	1170	72084
511000	213	-13605	1151	73486
521000	212	-13353	1189	74870
531000	209	-13090	1221	76376
541000	205	-12849	1243	77810
551000	207	-12623	1301	79198
561000	197	-12396	1280	80650
571000	189	-12174	1277	82123
581000	177	-11955	1239	83625
591000	183	-11771	1318	84937
601000	170	-11575	1272	86375
611000	168	-11392	1291	87765
621000	169	-11202	1344	89253
631000	162	-11028	1329	90660
641000	154	-10850	1307	92149
651000	161	-10678	1413	93631
661000	145	-10513	1315	95102
671000	139	-10362	1293	96490
681000	144	-10212	1385	97906
691000	141	-10065	1391	99331
701000	139	-9910	1418	100888
711000	130	-9778	1355	102253
721000	129	-9642	1386	103697
731000	122	-9505	1345	105187
741000	127	-9369	1442	106711
751000	121	-9252	1410	108071
761000	126	-9139	1507	109404
771000	117	-9007	1446	111002
781000	117	-8899	1474	112352
791000	110	-8790	1429	113752
801000	107	-8671	1419	115306
811000	116	-8565	1574	116739
821000	108	-8467	1500	118087
831000	101	-8359	1441	119621
841000	110	-8264	1615	120987
851000	109	-8164	1642	122468
861000	106	-8068	1621	123924
871000	97	-7978	1528	125327
881000	104	-7878	1677	126909
891000	96	-7794	1585	128285
901000	100	-7708	1677	129710
911000	93	-7621	1598	131193
921000	97	-7542	1704	132564
931000	89	-7465	1595	133944
941000	85	-7378	1566	135527
951000	92	-7295	1720	137056
961000	91	-7230	1748	138298
971000	83	-7144	1627	139954
981000	80	-7068	1605	141466
991000	93	-7006	1893	142701
1001000	79	-6936	1649	144164
1011000	82	-6864	1750	145663
1021000	78	-6791	1681	147233
1031000	77	-6718	1716	148833
1041000	76	-6665	1704	150010
1051000	72	-6593	1655	151669
1061000	81	-6528	1889	153174
1071000	84	-6477	2000	154376
1081000	73	-6410	1765	155974
1091000	66	-6352	1628	157406
1101000	78	-6294	1958	158855
1111000	68	-6235	1749	160378
1121000	62	-6179	1622	161813
1131000	72	-6128	1905	163154
1141000	71	-6065	1941	164865
1151000	62	-6012	1724	166328
1161000	66	-5961	1859	167747
1171000	60	-5915	1722	169040
1181000	71	-5862	2060	170579
1191000	69	-5815	2040	171947
1201000	60	-5770	1811	173303
1211000	60	-5712	1845	175053
1221000	65	-5665	2020	176489
1231000	61	-5622	1916	177863
1241000	56	-5579	1807	179236
1251000	54	-5524	1768	181000
1261000	52	-5487	1718	182245
1271000	63	-5441	2123	183766
1281000	58	-5401	1977	185133
1291000	50	-5357	1735	186666
1301000	57	-5318	2012	188023
1311000	56	-5270	2028	189728
1321000	57	-5232	2099	191112
1331000	51	-5191	1895	192619
1341000	53	-5155	1978	193971
1351000	45	-5111	1738	195655
1361000	54	-5066	2104	197369
1371000	59	-5037	2336	198505
1381000	46	-4999	1832	200030
1391000	53	-4968	2139	201271
1401000	47	-4928	1954	202917
1411000	54	-4887	2278	204609
1421000	50	-4857	2123	205860
1431000	40	-4820	1739	207439
1441000	45	-4792	1946	208660
1451000	41	-4753	1809	210366
1461000	43	-4715	1922	212056
1471000	51	-4688	2329	213274
1481000	45	-4656	2086	214749
1491000	39	-4626	1801	216162
1501000	46	-4592	2158	217735
1511000	46	-4557	2193	219414
1521000	45	-4521	2221	221157
1531000	51	-4502	2501	222097
1541000	45	-4465	2247	223926
1551000	43	-4435	2172	225483
1561000	41	-4418	2087	226342
1571000	38	-4382	1964	228174
1581000	45	-4347	2387	230031
1591000	49	-4329	2595	230982
1601000	36	-4296	1969	232751
1611000	40	-4267	2171	234342
1621000	44	-4245	2449	235544
1631000	39	-4206	2224	237748
1641000	45	-4185	2581	238920
1651000	39	-4161	2253	240316
1661000	41	-4138	2419	241650
1671000	38	-4107	2244	243443
1681000	31	-4081	1856	245007
1691000	38	-4063	2324	246110
1701000	39	-4030	2402	248134
1711000	38	-4011	2371	249318
1721000	34	-3992	2150	250506
1731000	36	-3975	2308	251539
1741000	33	-3940	2099	253761
1751000	33	-3914	2174	255493
1761000	36	-3892	2407	256896
1771000	42	-3875	2811	258010
1781000	29	-3848	1961	259866
1791000	31	-3829	2121	261180
1801000	30	-3799	2066	263230
1811000	34	-3785	2345	264165
1821000	24	-3761	1671	265879
1831000	33	-3736	2339	267661
1841000	34	-3709	2469	269620
1851000	36	-3695	2602	270586
1861000	32	-3680	2328	271716
1871000	32	-3653	2402	273734
1881000	31	-3641	2320	274603
1891000	32	-3620	2408	276232
1901000	42	-3604	3206	277458
1911000	43	-3578	3397	279453
1921000	36	-3552	2829	281464
1931000	32	-3534	2578	282942
1941000	33	-3516	2672	284390
1951000	38	-3503	3102	285460
1961000	28	-3478	2319	287513
1971000	25	-3465	2057	288564
1981000	29	-3448	2423	290011
1991000	33	-3424	2775	292069
2001000	36	-3409	3140	293313
2011000	30	-3391	2612	294853
2021000	24	-3377	2102	296112
2031000	19	-3355	1730	298036
2041000	26	-3337	2323	299651
2051000	29	-3324	2614	300864
2061000	29	-3307	2693	302396
2071000	34	-3278	3171	305022
2081000	31	-3263	2895	306432
2091000	28	-3249	2686	307746
2101000	28	-3235	2634	309133
2111000	32	-3225	3043	310052
2121000	30	-3204	2905	312101
2131000	25	-3189	2461	313571
2141000	19	-3174	1916	315089
2151000	25	-3160	2479	316479
2161000	33	-3141	3305	318308
2171000	37	-3126	3744	319874
2181000	29	-3105	2960	322026
2191000	26	-3095	2689	323076
2201000	26	-3081	2704	324529
2211000	24	-3063	2517	326471
2221000	19	-3052	2077	327643
2231000	26	-3040	2863	328902
2241000	33	-3025	3571	330585
2251000	32	-3004	3508	332902
2261000	33	-2988	3662	334626
2271000	26	-2972	2966	336501
2281000	22	-2962	2560	337629
2291000	27	-2954	3101	338543
2301000	29	-2942	3359	339887
2311000	26	-2923	3096	342134
2321000	20	-2908	2328	343885
2331000	20	-2902	2375	344620
2341000	21	-2889	2503	346149
2351000	23	-2869	2829	348522
2361000	30	-2858	3619	349813
2371000	27	-2849	3330	350958
2381000	23	-2836	2877	352608
2391000	17	-2820	2143	354547
2401000	17	-2811	2124	355738
2411000	18	-2799	2265	357284
2421000	21	-2786	2722	358880
2431000	25	-2773	3228	360656
2441000	25	-2765	3289	361657
2451000	25	-2745	3253	364297
2461000	23	-2729	3059	366362
2471000	27	-2716	3643	368094
2481000	22	-2710	2935	368954
2491000	21	-2704	2915	369816
2501000	21	-2693	2863	371330
2511000	18	-2680	2518	373167
2521000	26	-2670	3626	374483
2531000	24	-2661	3411	375735
2541000	21	-2645	3030	378032
2551000	15	-2634	2105	379669
2561000	15	-2617	2263	382076
2571000	19	-2600	2849	384586
2581000	20	-2591	2925	385981
2591000	23	-2583	3406	387180
2601000	27	-2575	4077	388373
2611000	24	-2566	3663	389672
2621000	21	-2555	3269	391304
2631000	16	-2543	2545	393289
2641000	17	-2532	2594	394870
2651000	21	-2525	3305	396008
2661000	24	-2514	3758	397699
2671000	25	-2505	3999	399202
2681000	24	-2497	3783	400499
2691000	28	-2484	4459	402566
2701000	30	-2473	4874	404301
2711000	28	-2461	4661	406231
2721000	22	-2449	3686	408242
2731000	18	-2443	3075	409237
2741000	15	-2432	2580	411149
2751000	15	-2425	2558	412332
2761000	15	-2415	2503	414101
2771000	17	-2403	2949	416212
2781000	21	-2399	3663	416778
2791000	23	-2390	4092	418355
2801000	25	-2383	4367	419522
2811000	18	-2367	3229	422507
2821000	13	-2359	2281	423937
2831000	18	-2341	3344	427114
2841000	24	-2334	4335	428490
2851000	21	-2327	3880	429737
2861000	18	-2318	3374	431307
2871000	18	-2310	3337	432864
2881000	14	-2300	2625	434841
2891000	15	-2298	2915	435201
2901000	14	-2291	2758	436529
2911000	19	-2283	3598	437963
2921000	19	-2270	3659	440574
2931000	12	-2261	2433	442268
2941000	17	-2249	3385	444605
2951000	17	-2238	3448	446705
2961000	15	-2231	3091	448252
2971000	20	-2219	4094	450655
2981000	20	-2207	4090	453002
2991000	21	-2204	4286	453665
3001000	21	-2198	4361	454922
3011000	24	-2193	4974	455882
3021000	21	-2187	4429	457230
3031000	21	-2176	4443	459587
3041000	13	-2162	2838	462575
3051000	17	-2153	3746	464458
3061000	18	-2150	3890	465063
3071000	15	-2140	3335	467287
3081000	14	-2139	3111	467532
3091000	13	-2129	2765	469640
3101000	11	-2118	2440	472194
3111000	12	-2113	2654	473194
3121000	23	-2103	5276	475431
3131000	22	-2100	4945	476161
3141000	30	-2091	6766	478057
3151000	27	-2083	6219	479991
3161000	24	-2074	5669	481979
3171000	18	-2066	4237	483998
3181000	16	-2057	3665	486051
3191000	17	-2055	4005	486701
3201000	14	-2048	3306	488270
3211000	13	-2040	3179	490251
3221000	18	-2033	4234	491790
3231000	15	-2027	3755	493198
3241000	19	-2016	4631	495932
3251000	17	-2014	4168	496465
3261000	18	-2012	4396	497030
3271000	16	-2001	3981	499770
3281000	18	-1987	4618	503277
3291000	19	-1975	4971	506384
3301000	17	-1969	4489	507829
3311000	16	-1964	4233	509137
3321000	15	-1957	3905	510859
3331000	16	-1955	4209	511527
3341000	15	-1952	3996	512238
3351000	15	-1948	3913	513295
3361000	15	-1942	3919	514790
3371000	13	-1932	3615	517493
3381000	14	-1926	3786	519313
3391000	15	-1919	4042	521129
3401000	19	-1914	5306	522360
3411000	19	-1910	5324	523377
3421000	19	-1903	5251	525449
3431000	16	-1896	4361	527315
3441000	11	-1888	3068	529562
3451000	12	-1876	3379	532995
3461000	18	-1871	5066	534369
3471000	20	-1861	5732	537255
3481000	13	-1851	3924	540134
3491000	14	-1847	4066	541458
3501000	14	-1839	4065	543649
3511000	13	-1836	3760	544612
3521000	13	-1831	3936	546007
3531000	15	-1825	4445	547759
3541000	12	-1825	3740	547862
3551000	12	-1822	3758	548891
3561000	13	-1819	3859	549767
3571000	12	-1811	3756	552044
3581000	11	-1803	3390	554679
3591000	16	-1792	4891	558124
3601000	11	-1785	3387	560250
3611000	9	-1780	2944	561737
3621000	10	-1775	3134	563287
3631000	15	-1766	4822	566227
3641000	17	-1762	5489	567404
3651000	16	-1752	5075	570671
3661000	12	-1749	4067	571646
3671000	13	-1741	4317	574349
3681000	15	-1734	5037	576576
3691000	14	-1731	4557	577609
3701000	13	-1727	4480	578949
3711000	15	-1724	5094	580132
3721000	16	-1723	5273	580502
3731000	14	-1718	4737	582065
3741000	15	-1714	5199	583403
3751000	14	-1709	4722	585037
3761000	13	-1696	4675	589582
3771000	10	-1689	3602	591889
3781000	12	-1684	4100	593965
3791000	9	-1678	3325	595908
3801000	12	-1675	4257	596895
3811000	11	-1672	4097	598211
3821000	10	-1665	3646	600501
3831000	10	-1665	3488	600554
3841000	6	-1655	2296	604364
3851000	13	-1651	4659	605805
3861000	9	-1646	3498	607582
3871000	18	-1635	6780	611600
3881000	17	-1630	6354	613483
3891000	20	-1628	7534	614321
3901000	23	-1623	8777	615885
3911000	21	-1616	7911	618741
3921000	21	-1615	8062	619194
3931000	18	-1606	6898	622457
3941000	16	-1603	6356	623604
3951000	13	-1597	5157	626034
3961000	6	-1589	2558	629311
3971000	9	-1587	3735	630107
3981000	8	-1584	3174	631214
3991000	11	-1575	4407	634943
4001000	11	-1570	4505	636855
4011000	12	-1566	4990	638433
4021000	13	-1563	5509	639943
4031000	12	-1557	4759	642248
4041000	9	-1555	3823	643170
4051000	9	-1546	3951	646710
4061000	11	-1541	4817	648729
4071000	7	-1538	3061	650318
4081000	15	-1530	6599	653581
4091000	16	-1527	6750	654806
4101000	20	-1522	8472	656854
4111000	19	-1518	8265	658489
4121000	21	-1515	9270	659784
4131000	24	-1512	10275	661031
4141000	20	-1506	8902	663857
4151000	17	-1501	7429	666060
4161000	16	-1497	7170	667820
4171000	13	-1490	6019	671182
4181000	13	-1486	5810	672980
4191000	18	-1484	8187	673854
4201000	15	-1476	7108	677333
4211000	14	-1473	6392	678772
4221000	9	-1466	4266	682240
4231000	12	-1462	5666	684038
4241000	7	-1459	3220	685370
4251000	9	-1454	4244	687656
4261000	8	-1452	3978	688653
4271000	7	-1451	3264	689168
4281000	7	-1451	3091	689285
4291000	10	-1446	5005	691473
4301000	11	-1443	5140	692857
4311000	13	-1440	6152	694269
4321000	15	-1433	7510	697940
4331000	18	-1427	8969	700714
4341000	19	-1421	9554	703547
4351000	20	-1418	9767	704944
4361000	19	-1409	9551	709517
4371000	17	-1408	8800	710273
4381000	9	-1398	4676	715069
4391000	10	-1398	5305	715204
4401000	9	-1392	4447	718592
4411000	8	-1388	4087	720552
4421000	10	-1387	5161	721192
4431000	6	-1384	3339	722704
4441000	9	-1381	4539	724181
4451000	4	-1379	2281	725090
4461000	4	-1372	2371	728635
4471000	2	-1369	1100	730668
4481000	8	-1364	4085	733243
4491000	4	-1364	2276	732946
4501000	6	-1358	3257	736605
4511000	11	-1354	5813	738732
4521000	14	-1348	7472	741856
4531000	10	-1349	5729	741467
4541000	15	-1343	8334	744719
4551000	14	-1338	7973	747025
4561000	16	-1335	9111	748754
4571000	16	-1333	8790	749844
4581000	18	-1329	10407	752104
4591000	21	-1327	12069	753301
4601000	23	-1317	13201	759131
4611000	21	-1310	12393	763048
4621000	22	-1311	12650	762646
4631000	14	-1303	8409	767510
4641000	13	-1299	7993	769787
4651000	15	-1295	8667	772076
4661000	15	-1296	8745	771657
4671000	13	-1293	7750	773422
4681000	14	-1293	8459	773536
4691000	13	-1283	8120	779045
4701000	13	-1279	8192	781926
4711000	12	-1276	7090	783718
4721000	12	-1275	7252	784519
4731000	14	-1270	8516	787501
4741000	12	-1265	7425	790479
4751000	13	-1263	8139	791887
4761000	12	-1259	7655	794444
4771000	12	-1257	7733	795225
4781000	12	-1251	7942	799318
4791000	15	-1255	9351	796631
4801000	16	-1253	10055	797863
4811000	14	-1250	9042	799716
4821000	15	-1250	9745	799873
4831000	18	-1246	11552	802413
4841000	17	-1238	10978	807400
4851000	17	-1237	11170	808087
4861000	12	-1235	7753	809950
4871000	12	-1223	8223	817334
4881000	9	-1222	5850	818119
4891000	14	-1213	9444	824085
4901000	13	-1203	9272	831176
4911000	9	-1203	6223	831294
4921000	10	-1197	6901	835295
4931000	14	-1196	9618	836156
4941000	14	-1197	9854	835623
4951000	17	-1192	12047	838465
4961000	15	-1188	10871	841842
4971000	17	-1189	11685	840789
4981000	13	-1186	9280	842841
4991000	14	-1184	9997	844331
5001000	16	-1183	11409	845220
5011000	15	-1183	10838	845407
5021000	13	-1180	9553	847463
5031000	13	-1175	9679	850975
5041000	13	-1170	9150	854951
5051000	12	-1166	9167	857171
5061000	11	-1163	8454	860123
5071000	14	-1157	10425	864508
5081000	15	-1152	11193	867544
5091000	12	-1156	9337	864834
5101000	15	-1152	11451	867883
5111000	15	-1149	11547	870197
5121000	15	-1146	11764	872461
5131000	17	-1144	12634	873980
5141000	12	-1142	9182	875416
5151000	19	-1137	14916	879331
5161000	18	-1135	14334	880911
5171000	15	-1130	11414	884610
5181000	22	-1123	17166	890018
5191000	17	-1121	13505	891677
5201000	17	-1111	13418	900011
5211000	20	-1109	16040	901681
5221000	13	-1107	10836	903301
5231000	18	-1101	14501	908316
5241000	17	-1099	13785	910106
5251000	17	-1097	13895	911058
5261000	16	-1095	13296	912859
5271000	13	-1090	10846	917600
5281000	16	-1087	13214	919400
5291000	18	-1084	15017	921962
5301000	16	-1085	13779	921306
5311000	17	-1078	14428	927798
5321000	15	-1073	12792	931944
5331000	11	-1070	9623	934419
5341000	12	-1068	10480	936276
5351000	15	-1068	13012	936551
5361000	12	-1064	10537	939955
5371000	11	-1060	9809	943515
5381000	13	-1060	11792	942887
5391000	13	-1057	11865	945691
5401000	14	-1059	12814	944314
5411000	13	-1055	11949	947883
5421000	13	-1055	11286	947983
5431000	14	-1054	12363	948222
5441000	14	-1051	12260	950888
5451000	14	-1052	12344	950413
5461000	12	-1049	10764	953165
5471000	17	-1048	15223	953563
5481000	16	-1043	14342	958865
5491000	12	-1038	10856	963168
5501000	14	-1034	13516	967060
5511000	12	-1034	11026	967204
5521000	3	-1025	2766	975652
5531000	9	-1019	8648	981681
5541000	13	-1012	12907	987547
5551000	12	-1010	12121	989510
5561000	9	-1008	8556	992223
5571000	10	-1005	10375	995329
5581000	11	-1005	10441	994687
5591000	10	-1003	9535	996684
5601000	12	-999	12227	1000832
5611000	13	-1001	12573	998395
5621000	14	-998	14336	1001447
5631000	13	-998	13446	1001727
5641000	12	-996	12567	1003841
5651000	13	-995	12804	1004965
5661000	14	-994	13860	1005343
5671000	11	-991	11077	1009233
5681000	10	-989	10091	1011343
5691000	8	-984	7994	1016262
5701000	10	-984	10084	1015705
5711000	13	-984	12986	1016182
5721000	13	-982	13979	1018472
5731000	14	-974	14695	1026434
5741000	12	-969	12657	1031519
5751000	14	-968	14742	1032787
5761000	22	-967	23679	1033558
5771000	15	-964	16592	1037489
5781000	16	-963	17670	1037877
5791000	13	-960	14579	1041998
5801000	17	-956	18633	1045536
5811000	21	-955	22703	1046961
5821000	20	-953	21747	1049300
5831000	17	-953	18874	1049428
5841000	21	-946	22923	1057113
5851000	23	-943	26154	1059655
5861000	18	-941	20860	1061831
5871000	20	-938	22992	1065453
5881000	20	-931	22799	1073233
5891000	18	-927	20436	1078931
5901000	17	-926	19464	1079234
5911000	16	-922	18295	1083817
5921000	16	-918	19511	1088455
5931000	12	-917	13978	1090760
5941000	11	-912	13620	1096665
5951000	17	-914	20665	1093978
5961000	11	-910	12688	1098368
5971000	10	-908	11584	1100848
5981000	11	-908	12771	1101314
5991000	13	-907	16151	1101847
6001000	8	-904	10343	1106312
6011000	8	-904	9518	1106507
6021000	6	-901	7039	1110135
6031000	7	-898	9184	1114061
6041000	11	-898	14010	1113521
6051000	9	-895	11485	1117198
6061000	6	-889	7450	1124399
6071000	10	-885	13045	1129894
6081000	7	-883	9467	1132321
6091000	6	-881	8296	1135009
6101000	9	-879	11989	1137933
6111000	14	-878	18030	1138680
6121000	11	-876	14315	1141397
6131000	11	-873	14154	1145385
6141000	9	-872	11739	1146835
6151000	12	-871	15628	1147478
6161000	14	-870	17916	1149273
6171000	13	-868	16607	1152074
6181000	10	-866	12821	1154640
6191000	15	-866	20636	1154240
6201000	12	-865	15651	1155590
6211000	15	-862	20545	1160034
6221000	17	-860	23142	1161724
6231000	17	-857	22954	1165987
6241000	14	-854	18857	1171315
6251000	20	-847	27425	1179930
6261000	20	-843	28506	1185639
6271000	21	-839	29843	1191468
6281000	21	-836	29839	1195727
6291000	18	-834	25744	1198660
6301000	16	-828	23880	1207166
6311000	15	-828	22471	1207561
6321000	13	-821	19206	1217429
6331000	12	-819	17726	1220577
6341000	11	-817	16149	1223663
6351000	10	-815	14596	1226813
6361000	10	-814	14622	1228758
6371000	12	-812	17536	1230687
6381000	12	-811	17584	1232580
6391000	11	-809	16056	1235867
6401000	9	-812	13678	1231760
6411000	10	-810	14971	1235136
6421000	11	-806	17497	1240185
6431000	9	-805	14549	1241789
6441000	11	-804	17338	1243972
6451000	9	-801	14291	1248636
6461000	12	-802	19019	1246479
6471000	10	-797	15684	1254011
6481000	11	-797	17104	1254641
6491000	8	-793	12196	1260745
6501000	11	-790	17733	1266056
6511000	7	-792	10577	1262996
6521000	12	-784	18908	1274752
6531000	11	-784	17388	1275254
6541000	9	-778	15209	1284745
6551000	4	-777	7410	1287644
6561000	7	-776	12166	1288584
6571000	8	-776	13760	1289155
6581000	10	-772	16512	1294621
6591000	11	-772	18282	1295197
6601000	9	-767	14523	1303448
6611000	8	-769	13121	1300712
6621000	10	-764	17331	1307959
6631000	8	-766	12794	1304956
6641000	9	-763	15706	1310495
6651000	14	-760	23767	1314844
6661000	15	-757	26633	1320489
6671000	18	-755	31261	1324607
6681000	19	-751	34263	1330305
6691000	19	-750	34287	1332473
6701000	20	-748	35753	1336624
6711000	25	-747	44132	1337578
6721000	19	-746	34089	1339221
6731000	18	-742	32111	1346490
6741000	19	-744	34171	1343819
6751000	19	-740	35620	1351318
6761000	20	-740	35709	1350123
6771000	18	-739	32169	1352171
6781000	17	-737	30403	1356121
6791000	16	-734	30013	1361997
6801000	15	-734	28229	1362499
6811000	12	-732	22797	1366083
6821000	11	-728	20811	1373569
6831000	10	-728	19048	1374080
6841000	12	-724	22118	1380252
6851000	8	-723	14722	1382089
6861000	12	-724	22113	1381406
6871000	10	-722	20079	1385513
6881000	9	-719	18019	1389668
6891000	8	-717	15709	1393730
6901000	10	-711	20253	1405899
6911000	11	-713	22407	1402991
6921000	9	-712	18596	1405061
6931000	15	-706	29241	1415951
6941000	9	-705	17707	1417642
6951000	9	-699	18735	1429816
6961000	12	-699	24446	1430981
6971000	9	-694	19688	1441000
6981000	6	-693	11608	1442945
6991000	9	-691	19158	1446274
7001000	5	-695	10127	1438170
7011000	7	-689	15030	1451190
7021000	3	-688	6842	1453074
7031000	4	-688	8747	1453978
7041000	3	-686	6218	1458524
7051000	2	-684	3629	1462936
7061000	5	-685	10087	1460321
7071000	5	-683	9890	1463001
7081000	6	-676	12483	1478322
7091000	9	-675	20319	1481838
7101000	10	-674	22403	1482791
7111000	11	-670	24070	1492125
7121000	16	-666	36213	1500123
7131000	13	-669	28153	1493945
7141000	19	-664	42485	1504251
7151000	16	-664	35987	1504539
7161000	20	-660	46169	1514605
7171000	18	-660	41730	1512896
7181000	20	-655	45412	1524953
7191000	19	-657	43688	1521215
7201000	20	-654	45723	1526584
7211000	20	-655	45790	1525208
7221000	18	-653	43204	1530239
7231000	16	-650	38148	1537454
7241000	17	-650	40451	1538249
7251000	15	-652	36367	1532107
7261000	17	-649	40320	1539905
7271000	16	-649	37960	1540581
7281000	15	-647	35343	1545733
7291000	13	-644	30520	1553105
7301000	10	-644	23593	1553256
7311000	10	-639	24948	1563476
7321000	6	-639	15521	1565704
7331000	6	-635	14747	1573534
7341000	2	-635	4900	1575703
7351000	6	-635	14410	1575156
7361000	6	-632	16182	1581002
7371000	2	-628	5299	1592686
7381000	4	-628	10413	1591802
7391000	8	-623	21425	1603578
7401000	4	-623	11230	1605878
7411000	8	-619	20125	1615157
7421000	6	-618	14796	1617950
7431000	9	-616	24376	1622385
7441000	6	-619	15123	1614853
7451000	10	-611	25475	1637172
7461000	12	-610	32976	1638726
7471000	14	-608	37977	1642699
7481000	12	-607	32557	1645893
7491000	12	-608	32660	1644223
7501000	15	-607	40236	1645771
7511000	12	-607	32397	1646043
7521000	14	-601	38856	1663385
7531000	18	-599	49079	1667726
7541000	16	-600	43839	1665748
7551000	18	-595	50957	1677945
7561000	17	-591	47548	1689654
7571000	17	-596	48582	1677163
7581000	18	-587	52152	1703040
7591000	17	-588	49544	1698275
7601000	19	-584	56961	1710968
7611000	19	-582	56785	1714886
7621000	23	-581	67782	1719534
7631000	21	-577	64191	1731680
7641000	22	-578	67138	1727157
7651000	19	-572	57508	1745057
7661000	22	-572	66292	1746626
7671000	18	-573	54679	1744053
7681000	19	-570	57093	1751116
7691000	16	-567	50556	1760864
7701000	17	-569	53881	1756379
7711000	19	-567	59459	1760676
7721000	17	-566	53085	1764337
7731000	16	-566	50003	1765181
7741000	18	-564	55600	1769740
7751000	18	-567	56097	1761944
7761000	19	-562	60999	1778461
7771000	18	-566	55972	1764210
7781000	16	-560	51398	1783308
7791000	22	-558	69283	1788653
7801000	21	-560	66507	1783529
7811000	21	-556	68777	1797243
7821000	22	-555	71671	1798659
7831000	24	-557	78155	1790854
7841000	23	-553	74267	1804259
7851000	25	-552	80471	1808935
7861000	23	-550	76941	1816469
7871000	26	-549	86314	1818151
7881000	26	-549	86391	1816176
7891000	27	-547	89219	1823930
7901000	25	-545	85614	1831468
7911000	22	-543	75332	1838764
7921000	22	-542	74977	1843060
7931000	25	-541	84762	1844895
7941000	21	-540	71568	1848922
7951000	19	-537	64179	1859884
7961000	20	-535	70409	1864814
7971000	14	-533	49186	1874600
7981000	16	-531	55421	1879895
7991000	14	-529	51244	1887755
8001000	13	-527	47146	1895701
8011000	14	-529	50947	1890390
8021000	12	-526	42736	1901419
8031000	11	-522	41622	1913369
8041000	10	-527	36128	1896757
8051000	10	-519	36674	1926606
8061000	13	-525	45880	1904111
8071000	12	-518	43292	1930279
8081000	16	-513	59935	1947769
8091000	15	-515	56514	1941584
8101000	13	-511	51347	1957271
8111000	17	-507	64936	1971160
8121000	15	-509	58217	1961004
8131000	19	-505	75680	1979064
8141000	16	-498	65822	2006909
8151000	16	-496	65191	2012309
8161000	17	-500	69915	1998576
8171000	21	-494	83932	2020536
8181000	19	-492	79171	2029747
8191000	14	-488	57615	2046049
8201000	19	-489	78175	2041164
8211000	17	-488	69517	2046288
8221000	16	-488	65250	2047785
8231000	15	-485	64162	2061808
8241000	16	-482	67281	2072129
8251000	15	-481	66708	2077878
8261000	17	-482	71366	2071708
8271000	14	-479	61654	2085111
8281000	16	-478	69481	2091740
8291000	15	-479	65588	2084751
8301000	13	-476	55570	2098377
8311000	17	-478	73571	2088853
8321000	13	-474	59162	2106861
8331000	14	-474	63203	2108952
8341000	14	-472	62435	2114909
8351000	15	-474	67050	2108342
8361000	13	-475	58631	2105321
8371000	11	-474	49192	2110709
8381000	14	-473	61699	2113593
8391000	16	-468	72875	2133940
8401000	14	-469	64122	2130626
8411000	16	-467	72212	2137764
8421000	18	-468	81201	2135893
8431000	17	-464	79792	2150992
8441000	20	-461	92506	2163152
8451000	20	-462	92405	2160672
8461000	18	-458	86312	2180605
8471000	20	-458	95445	2178406
8481000	21	-460	100279	2171310
8491000	20	-455	94225	2191461
8501000	20	-455	98574	2193835
8511000	18	-457	84985	2185512
8521000	25	-450	121062	2213470
8531000	19	-449	96198	2223747
8541000	23	-452	111246	2207393
8551000	23	-451	110650	2214198
8561000	22	-444	113674	2245757
8571000	20	-443	103187	2252316
8581000	21	-443	107720	2254562
8591000	23	-439	116540	2271965
8601000	22	-436	115405	2289428
8611000	24	-436	125640	2287457
8621000	15	-432	82448	2313136
8631000	17	-432	92690	2310768
8641000	19	-432	103124	2308612
8651000	21	-428	117296	2333060
8661000	23	-422	126408	2362622
8671000	16	-425	88901	2351476
8681000	18	-420	103250	2376662
8691000	19	-414	112409	2407941
8701000	11	-412	64762	2424368
8711000	19	-410	110069	2436653
8721000	24	-412	139704	2417394
8731000	19	-408	114599	2447682
8741000	17	-407	101849	2455389
8751000	15	-407	90012	2451064
8761000	16	-407	95521	2454221
8771000	16	-405	94454	2462664
8781000	12	-405	75897	2463930
8791000	13	-403	80276	2479647
8801000	14	-402	85681	2482692
8811000	16	-404	98888	2468524
8821000	15	-402	91389	2483051
8831000	18	-401	108903	2487197
8841000	15	-401	90242	2488334
8851000	15	-402	90062	2484695
8861000	18	-400	113499	2495414
8871000	15	-400	94355	2496828
8881000	17	-400	106456	2494845
8891000	18	-398	111274	2510436
8901000	18	-395	115880	2526193
8911000	17	-395	109035	2528413
8921000	18	-394	114814	2531582
8931000	18	-393	114087	2540934
8941000	17	-389	111838	2563021
8951000	18	-389	117602	2566230
8961000	19	-385	128768	2589773
8971000	20	-386	135819	2580295
8981000	20	-385	135281	2590154
8991000	20	-384	134600	2599767
9001000	21	-383	140665	2602907
9011000	20	-380	139236	2626516
9021000	19	-383	126653	2608183
9031000	21	-380	145303	2626108
9041000	19	-379	130682	2635204
9051000	20	-378	136922	2638749
9061000	18	-376	128407	2655780
9071000	17	-375	120830	2659054
9081000	14	-372	104273	2682160
9091000	17	-374	119548	2664996
9101000	17	-375	119279	2661226
9111000	17	-372	124839	2679378
9121000	14	-372	102620	2681285
9131000	16	-373	116703	2678512
9141000	13	-368	98950	2716264
9151000	17	-371	122160	2692610
9161000	13	-367	97359	2723477
9171000	15	-367	112109	2721012
9181000	15	-365	110740	2731640
9191000	15	-366	110368	2727900
9201000	13	-362	99221	2760800
9211000	15	-362	114178	2758090
9221000	17	-360	127803	2769998
9231000	17	-361	127790	2765543
9241000	16	-357	124995	2792328
9251000	20	-352	162045	2829982
9261000	17	-354	138729	2816865
9271000	19	-352	153487	2829462
9281000	19	-353	153293	2824939
9291000	23	-351	184166	2837909
9301000	22	-346	181579	2882436
9311000	22	-346	181170	2878602
9321000	22	-343	188230	2899483
9331000	27	-340	230005	2921358
9341000	25	-341	212097	2916446
9351000	25	-338	220291	2938196
9361000	25	-340	211620	2925273
9371000	27	-339	236516	2930666
9381000	28	-338	244503	2935121
9391000	25	-336	217377	2956389
9401000	25	-337	217112	2951760
9411000	23	-333	206276	2990646
9421000	25	-335	223891	2968757
9431000	24	-333	213902	2990893
9441000	27	-332	240173	2997096
9451000	22	-331	202855	3009871
9461000	23	-332	211635	2996227
9471000	21	-329	191598	3027030
9481000	23	-327	209100	3041119
9491000	21	-328	190388	3036141
9501000	16	-327	151838	3047739
9511000	17	-325	159519	3071040
9521000	15	-324	139361	3083600
9531000	14	-322	137630	3098809
9541000	14	-319	133929	3133421
9551000	14	-321	135556	3108782
9561000	12	-319	122769	3132319
9571000	9	-319	91734	3134912
9581000	15	-316	148647	3155001
9591000	12	-316	117697	3156949
9601000	7	-314	72515	3186574
9611000	15	-313	153546	3189965
9621000	9	-309	96170	3232805
9631000	13	-309	137216	3231970
9641000	13	-313	129560	3194451
9651000	15	-308	155862	3243355
9661000	9	-306	100366	3264134
9671000	14	-305	152823	3274403
9681000	12	-309	123807	3234596
9691000	12	-301	136426	3316947
9701000	15	-298	166358	3348143
9711000	14	-298	153577	3353602
9721000	10	-294	113122	3402507
9731000	14	-297	163246	3355697
9741000	16	-295	184079	3374799
9751000	20	-293	229174	3395091
9761000	16	-292	181146	3409760
9771000	7	-288	78728	3465298
9781000	12	-286	148213	3491178
9791000	15	-290	176904	3439059
9801000	10	-285	120760	3502033
9811000	14	-285	169694	3501891
9821000	11	-282	139212	3543142
9831000	8	-279	108605	3584930
9841000	13	-282	165301	3532819
9851000	14	-279	185532	3579925
9861000	13	-278	171235	3586278
9871000	9	-272	121956	3667550
9881000	8	-272	106821	3672428
9891000	13	-275	177313	3632602
9901000	12	-274	161981	3639191
9911000	14	-265	192102	3761018
9921000	10	-266	134358	3748288
9931000	9	-265	130474	3770442
9941000	15	-264	216503	3771675
9951000	11	-260	166222	3834364
9961000	16	-259	239375	3847078
9971000	15	-261	225877	3824001
9981000	17	-257	253713	3879588
9991000	17	-257	251700	3874750
10001000	16	-254	248131	3928929
10011000	18	-254	278184	3921924
10021000	16	-255	246159	3912212
10031000	15	-254	228272	3918666
10041000	14	-254	210297	3925920
10051000	16	-253	255535	3938304
10061000	15	-251	235260	3976333
10071000	17	-253	268327	3939508
10081000	14	-253	219142	3944788
10091000	16	-251	247815	3974537
10101000	16	-250	262336	3984617
10111000	16	-250	261597	3977763
10121000	14	-251	227906	3967812
10131000	16	-249	256276	3994731
10141000	15	-251	240911	3969027
10151000	15	-249	239265	3994369
10161000	14	-249	219865	4002856
10171000	15	-250	237843	3981969
10181000	14	-250	220944	3989157
10191000	16	-247	265969	4034603
10201000	12	-246	196328	4054535
10211000	16	-246	261761	4052271
10221000	18	-246	294953	4047299
10231000	15	-245	257241	4070765
10241000	17	-246	274740	4046932
10251000	19	-241	322854	4127417
10261000	16	-241	268630	4135067
10271000	18	-241	302441	4130106
10281000	17	-239	299017	4159174
10291000	20	-238	350196	4170623
10301000	15	-235	272670	4232815
10311000	16	-235	289355	4242662
10321000	19	-234	342498	4255028
10331000	18	-235	323740	4226209
10341000	20	-230	375925	4313191
10351000	21	-231	393365	4288155
10361000	20	-226	390328	4397364
10371000	13	-228	253444	4362935
10381000	23	-228	429231	4341126
10391000	20	-227	389400	4373103
10401000	21	-226	407787	4384654
10411000	23	-224	445608	4414831
10421000	19	-222	381990	4466542
10431000	21	-219	441737	4521247
10441000	17	-218	353169	4554735
10451000	17	-219	350214	4545252
10461000	17	-219	348008	4536529
10471000	16	-218	345131	4570753
10481000	15	-215	318146	4625058
10491000	12	-212	266418	4700486
10501000	12	-213	265189	4690398
10511000	12	-211	262515	4726001
10521000	5	-208	110020	4794503
10531000	12	-208	273541	4783334
10541000	7	-206	168092	4856856
10551000	8	-207	193838	4824995
10561000	9	-204	209420	4889952
10571000	14	-208	314691	4793618
10581000	12	-203	281611	4901981
10591000	11	-202	279639	4940346
10601000	5	-198	135090	5041998
10611000	4	-198	103789	5054239
10621000	10	-195	254626	5118527
10631000	10	-190	268063	5249049
10641000	8	-195	221879	5120308
10651000	12	-190	322372	5231511
10661000	13	-187	370386	5336167
10671000	14	-186	397311	5354072
10681000	12	-187	336323	5335927
10691000	12	-187	335337	5322910
10701000	14	-182	412274	5469616
10711000	15	-183	439156	5429687
10721000	17	-178	528634	5574007
10731000	17	-178	525487	5558706
10741000	17	-176	556090	5642586
10751000	16	-175	519421	5660009
10761000	18	-175	585254	5644211
10771000	17	-173	550556	5736625
10781000	18	-171	616339	5798891
10791000	20	-170	687290	5785485
10801000	20	-171	680524	5774685
10811000	17	-168	605846	5905494
10821000	18	-169	638650	5854075
10831000	20	-169	706209	5837767
10841000	17	-167	594748	5933125
10851000	16	-169	558585	5879074
10861000	16	-166	590149	5975665
10871000	18	-166	662510	5963760
10881000	21	-168	725414	5878719
10891000	16	-165	578546	6017254
10901000	20	-164	725943	5996678
10911000	18	-165	646989	5981943
10921000	13	-163	485730	6114905
10931000	17	-164	636795	6028587
10941000	16	-160	634748	6171206
10951000	16	-162	592234	6112738
10961000	16	-162	586389	6102303
10971000	9	-155	359870	6447055
10981000	16	-158	623440	6277291
10991000	11	-157	447872	6344877
11001000	8	-154	342076	6490549
11011000	11	-156	431934	6394041
11021000	8	-155	338059	6454083
11031000	11	-153	467371	6490637
11041000	10	-155	421160	6428045
11051000	14	-152	587695	6514963
11061000	9	-151	397279	6577802
11071000	7	-149	336535	6691555
11081000	10	-149	427718	6675666
11091000	12	-146	559825	6811611
11101000	10	-149	461576	6690393
11111000	11	-146	495391	6815099
11121000	8	-148	353080	6738884
11131000	10	-141	519193	7038655
11141000	9	-143	461448	6974318
11151000	8	-142	405021	6999047
11161000	9	-139	449472	7140566
11171000	7	-140	338815	7113825
11181000	12	-137	655025	7227575
11191000	13	-137	703221	7256824
11201000	13	-137	697453	7231753
11211000	13	-135	682052	7329812
11221000	13	-134	726562	7376091
11231000	12	-136	664774	7296056
11241000	12	-134	653713	7386472
11251000	12	-131	703765	7543768
11261000	12	-130	697680	7645004
11271000	11	-131	627507	7561307
11281000	15	-129	869117	7663994
11291000	15	-129	868034	7638854
11301000	13	-129	792086	7682421
11311000	9	-130	534919	7650969
11321000	14	-125	904841	7897378
11331000	14	-129	832458	7673599
11341000	12	-126	755622	7854229
11351000	14	-127	825739	7773690
11361000	17	-123	1093248	7999158
11371000	15	-124	948117	7980092
11381000	13	-124	808471	7957656
11391000	14	-119	1003813	8302751
11401000	14	-120	920286	8199926
11411000	16	-117	1143529	8383268
11421000	17	-113	1318285	8653296
11431000	20	-117	1428885	8303570
11441000	19	-116	1349959	8366733
11451000	21	-113	1600775	8538298
11461000	20	-109	1643424	8830974
11471000	20	-110	1618079	8805879
11481000	22	-108	1804301	8932030
11491000	22	-107	1891486	8976150
11501000	24	-105	2084577	9088901
11511000	24	-103	2111512	9236839
11521000	21	-105	1795854	9176371
11531000	26	-102	2387423	9195449
11541000	25	-99	2357185	9468692
11551000	27	-99	2538247	9396730
11561000	25	-99	2451193	9513178
11571000	27	-96	2687316	9620331
11581000	25	-97	2468125	9640025
11591000	25	-98	2440893	9599949
11601000	26	-97	2542049	9648392
11611000	29	-94	3000723	9675480
11621000	26	-96	2626539	9650581
11631000	28	-96	2805433	9548208
11641000	27	-93	2926871	9948806
11651000	28	-91	3065861	9998578
11661000	24	-87	2891070	10660964
11671000	27	-88	3188748	10388028
11681000	28	-89	3222375	10209446
11691000	26	-90	2963648	10258901
11701000	26	-88	3024697	10443652
11711000	23	-91	2598694	10394178
11721000	25	-89	2970361	10388657
11731000	24	-85	3097032	10871194
11741000	21	-85	2741759	11075262
11751000	20	-85	2623065	11199830
11761000	24	-81	3421148	11365939
11771000	23	-86	2927254	10897299
11781000	21	-81	2975594	11580923
11791000	18	-83	2470606	11484556
11801000	20	-80	3012260	11786853
11811000	21	-79	3173609	11874571
11821000	24	-77	3655053	11831377
11831000	23	-77	3525875	12009561
11841000	23	-76	3694550	12053049
11851000	22	-75	3558167	12253668
11861000	18	-70	3498471	13386335
11871000	17	-66	3706789	14130791
11881000	13	-68	2769683	14267319
11891000	16	-66	3427933	14325178
11901000	20	-65	4252231	14018605
11911000	12	-64	2749252	15070253
11921000	17	-68	3481912	13901467
11931000	14	-64	3147209	14875562
11941000	15	-65	3328252	14537118
11951000	21	-66	4347088	13897454
11961000	12	-62	2951615	15437368
11971000	13	-60	3525971	15810334
11981000	18	-62	4329481	14999281
11991000	14	-60	3710725	15925448
12001000	13	-58	3778238	16420429
12011000	17	-58	4510276	15868620
12021000	13	-56	3773733	16890769
12031000	16	-57	4575996	16220691
12041000	15	-53	4912516	17391548
12051000	14	-55	4390974	17157362
12061000	13	-56	3875541	16880232
12071000	15	-56	4444497	16590947
12081000	11	-54	3677158	17670941
12091000	12	-53	3970117	17885975
12101000	14	-55	4406579	16967034
12111000	16	-55	4981557	16650422
12121000	13	-53	4225284	17845355
12131000	17	-52	5532126	17346235
12141000	12	-51	4223843	18516688
12151000	16	-51	5675620	17966943
12161000	14	-48	5649854	19175764
12171000	17	-52	5714757	17329307
12181000	16	-52	5414324	17724655
12191000	14	-51	5080893	18066441
12201000	12	-50	4485173	18927198
12211000	15	-45	6625918	19991786
12221000	12	-47	4997767	20015080
12231000	15	-51	5236690	18062819
12241000	15	-45	6865417	20008696
12251000	15	-45	6745877	19860840
12261000	10	-48	4265820	20016547
12271000	17	-45	7328645	19332893
12281000	13	-41	6864094	22157229
12291000	8	-43	4465943	22603584
12301000	20	-39	10386555	20495055
12311000	17	-38	9925631	22168798
12321000	14	-36	9297149	24074330
12331000	15	-35	10301490	24109806
12341000	19	-32	13584311	23325062
12351000	14	-26	15947160	30148675
12361000	21	-27	17944007	23445371
12371000	14	-27	15125307	29713089
12381000	20	-25	19079983	24496793
12391000	20	-24	20294788	24230012
12401000	19	-18	27273839	26695033
12411000	17	-19	25643861	29930776
12421000	16	-21	22909933	30588075
12431000	15	-16	31811506	32552561
12441000	15	-16	31290272	32653055
12451000	16	-17	29116122	30343759
12461000	17	-12	37950481	27081761
12471000	17	-13	37599837	27513116
12481000	20	-15	32509273	24188363
12491000	17	-13	36161358	28641014
12501000	17	-8	48638962	24085629
12511000	19	-10	40773679	21644719
12521000	18	-12	38393708	25026969
12531000	18	-14	35662308	27590506
12541000	12	-8	56572930	41134934
12551000	19	-10	40856498	20758178
12561000	15	-8	52026114	25890863
12571000	12	-4	72675992	25918025
12581000	17	-9	46348808	25579295
12591000	19	-9	43894173	21042799
12601000	10	-4	80800273	34630653
12611000	14	-5	63335500	23570605
12621000	13	-3	70901285	17917419
12631000	12	-3	82018027	18137316
12641000	16	-5	57277541	19143926
12651000	14	-1	69323405	5806512
12661000	15	-4	63711528	15367250
12671000	10	-3	92792248	27515452
12681000	13	-4	70035759	19339241
12691000	11	-1	87606584	8022831
12701000	14	-3	69788647	14819315
12711000	12	-0	86450967	1838653
12721000	11	2	89712225	-12443379
12731000	11	-1	87392715	7692449
12741000	12	-0	82531145	318701
12751000	11	1	94100601	-4724880
12761000	13	1	78497381	-4547704
12771000	12	3	80042327	-18279589
12781000	12	3	81409595	-17846286
12791000	12	2	81688177	-15953149
12801000	10	5	81320045	-42251594
12811000	10	3	93749722	-25388829
12821000	12	5	73173733	-31473174
12831000	10	5	77462829	-40991856
12841000	11	6	69371505	-40467808
12851000	13	7	62193345	-32358500
12861000	10	6	73606634	-42160386
12871000	9	6	75399936	-53616249
12881000	16	9	47908787	-26812748
12891000	12	7	61418457	-39337363
12901000	15	14	35949008	-32177271
12911000	14	11	44872219	-35740039
12921000	9	12	41693719	-55177126
12931000	14	14	36641632	-36614678
12941000	15	13	38858028	-33850168
12951000	12	17	26828761	-38853082
12961000	11	16	29899096	-42458826
12971000	14	21	21833441	-32913940
12981000	17	19	25883819	-29856107
12991000	15	20	24661823	-31731498
13001000	18	23	20662261	-27036030
13011000	21	29	16646810	-22971094
13021000	18	24	19658188	-26484310
13031000	17	23	21007264	-27789716
13041000	18	27	16910825	-25333952
13051000	26	28	17825444	-19260979
13061000	21	29	16544229	-22803621
13071000	19	31	14098556	-23481288
13081000	22	31	15410887	-21194140
13091000	20	30	15314080	-23137095
13101000	19	32	13615184	-23086016
13111000	21	36	12217554	-20673668
13121000	21	32	14306404	-21803507
13131000	18	37	10774723	-21740879
13141000	21	35	12578561	-21105999
13151000	20	33	13300518	-22064658
13161000	22	37	12019913	-19806866
13171000	22	39	10986131	-19681448
13181000	22	38	11525069	-19479003
13191000	20	37	11328738	-20829687
13201000	23	44	9149587	-17847837
13211000	23	44	9247517	-17914721
13221000	25	44	9531880	-17247561
13231000	22	46	8431218	-17817852
13241000	25	47	8661094	-16573295
13251000	25	51	7841833	-15874431
13261000	23	48	8163210	-16992319
13271000	29	49	8861338	-15020744
13281000	23	49	8069570	-16683584
13291000	26	54	7325684	-14941746
13301000	26	56	6799568	-14765596
13311000	26	59	6205891	-14243818
13321000	25	54	7058421	-15406198
13331000	26	56	6833067	-14659676
13341000	26	59	6162337	-14139802
13351000	27	58	6513812	-14146878
13361000	30	63	6094675	-12860511
13371000	28	63	5898178	-13358488
13381000	30	63	6112770	-12985613
13391000	25	64	5285474	-13675242
13401000	24	63	5265150	-13736426
13411000	28	61	6286687	-13515162
13421000	31	65	5933685	-12614263
13431000	27	63	5821192	-13441080
13441000	25	65	5063913	-13378558
13451000	26	64	5423013	-13367226
13461000	24	67	4788042	-13246270
13471000	27	65	5431084	-13160129
13481000	26	67	4992377	-13027437
13491000	24	68	4675186	-13139761
13501000	23	69	4342646	-12947973
13511000	24	67	4718646	-13286634
13521000	24	70	4326091	-12775608
13531000	26	67	5010019	-13027823
13541000	25	71	4332237	-12550881
13551000	27	71	4571876	-12290326
13561000	23	69	4365286	-12961143
13571000	21	72	3720381	-12794498
13581000	22	77	3422957	-12038589
13591000	21	73	3647824	-12631580
13601000	22	76	3593936	-12150719
13611000	22	75	3614110	-12202655
13621000	25	76	3880239	-11963302
13631000	21	76	3360024	-12318062
13641000	23	80	3301500	-11613732
13651000	19	80	2816319	-11902967
13661000	22	81	3089877	-11486969
13671000	22	81	3118288	-11508168
13681000	25	81	3548295	-11305363
13691000	23	83	3084259	-11188885
13701000	21	84	2873942	-11238000
13711000	21	83	2903164	-11273057
13721000	22	82	3079724	-11323707
13731000	22	89	2611721	-10541972
13741000	22	89	2624624	-10593751
13751000	19	90	2233640	-10613866
13761000	21	87	2571178	-10881930
13771000	18	90	2186715	-10708061
13781000	21	91	2413309	-10389084
13791000	18	95	1903981	-10187942
13801000	19	97	1910913	-9889090
13811000	20	93	2184372	-10283930
13821000	20	96	2057145	-9966157
13831000	19	100	1791992	-9632867
13841000	15	100	1447098	-9745311
13851000	17	99	1721666	-9842480
13861000	19	98	1888269	-9895820
13871000	19	97	1916707	-9911567
13881000	21	98	2087945	-9811733
13891000	11	104	1005268	-9466712
13901000	16	103	1445332	-9473385
13911000	10	104	952603	-9530549
13921000	15	106	1336318	-9215052
13931000	14	104	1292708	-9397690
13941000	15	106	1314455	-9291500
13951000	18	105	1607146	-9239399
13961000	14	104	1255040	-9484334
13971000	19	104	1713277	-9303037
13981000	9	109	758329	-9113771
13991000	19	107	1613614	-9081181
14001000	10	110	786089	-9044915
14011000	11	107	973214	-9286659
14021000	12	109	1033151	-9046164
14031000	12	109	1015126	-9069184
14041000	9	114	718481	-8722143
14051000	16	110	1314424	-8913532
14061000	9	113	665189	-8765949
14071000	7	114	527544	-8743942
14081000	11	111	887595	-8891918
14091000	9	114	659390	-8727589
14101000	7	112	574108	-8860988
14111000	8	115	631162	-8638569
14121000	8	115	634487	-8667627
14131000	10	114	753562	-8733237
14141000	8	116	555531	-8563335
14151000	8	121	552413	-8216338
14161000	12	115	916049	-8596965
14171000	12	122	825406	-8104855
14181000	10	117	712553	-8457647
14191000	10	122	672804	-8115647
14201000	10	122	678762	-8130224
14211000	7	126	410958	-7930867
14221000	10	127	638937	-7821530
14231000	12	131	718466	-7558013
14241000	11	131	631969	-7557029
14251000	9	130	500132	-7638271
14261000	16	137	824533	-7189111
14271000	11	130	649872	-7629925
14281000	11	133	624765	-7444676
14291000	7	133	420100	-7492533
14301000	7	133	418334	-7508051
14311000	12	143	601340	-6951009
14321000	7	143	338854	-6960065
14331000	12	144	551120	-6886626
14341000	13	143	612435	-6929910
14351000	15	145	696235	-6808519
14361000	16	148	734685	-6677560
14371000	15	149	656041	-6667345
14381000	13	145	604632	-6831747
14391000	18	148	794891	-6671494
14401000	12	152	523701	-6538155
14411000	13	153	535736	-6485847
14421000	16	153	665428	-6465450
14431000	15	155	603869	-6390463
14441000	14	151	614889	-6558195
14451000	13	157	539425	-6334770
14461000	14	154	590813	-6433254
14471000	16	155	660680	-6401435
14481000	14	155	592612	-6401802
14491000	12	158	478838	-6310427
14501000	12	155	516505	-6410083
14511000	16	159	623771	-6242681
14521000	15	158	601960	-6259029
14531000	14	159	532450	-6235433
14541000	12	160	467871	-6233619
14551000	11	162	426980	-6156589
14561000	15	159	603135	-6237798
14571000	10	159	388210	-6245589
14581000	15	160	591752	-6175887
14591000	12	161	469131	-6158251
14601000	13	159	493818	-6259277
14611000	10	162	378072	-6158559
14621000	17	164	619429	-6050956
14631000	15	164	548154	-6043303
14641000	15	164	548021	-6055731
14651000	11	164	393841	-6087743
14661000	11	168	391131	-5908956
14671000	13	165	474923	-6011470
14681000	12	165	449330	-6020802
14691000	10	164	362142	-6071294
14701000	12	164	439429	-6047496
14711000	13	166	456839	-6001753
14721000	12	167	409326	-5943838
14731000	9	165	343303	-6057937
14741000	8	167	296075	-5984095
14751000	12	166	431824	-5982908
14761000	10	167	364377	-5980135
14771000	11	169	383478	-5876807
14781000	10	171	343669	-5816484
14791000	11	169	388791	-5892479
14801000	10	171	347110	-5837927
14811000	11	174	358818	-5735198
14821000	13	170	445371	-5834387
14831000	8	171	268120	-5838710
14841000	11	174	364466	-5708003
14851000	10	177	309461	-5646474
14861000	13	173	435990	-5763869
14871000	10	177	324716	-5623903
14881000	10	173	334819	-5756031
14891000	9	179	275205	-5576817
14901000	11	177	350107	-5612946
14911000	10	178	300571	-5607407
14921000	13	181	396927	-5496728
14931000	12	183	354286	-5444419
14941000	13	182	382249	-5466142
14951000	14	183	403350	-5426307
14961000	10	183	298305	-5450200
14971000	10	181	309634	-5520661
14981000	14	186	404833	-5350970
14991000	15	189	426877	-5268655
15001000	15	191	399312	-5215293
15011000	15	190	424909	-5241920
15021000	14	190	375453	-5235363
15031000	11	189	314937	-5279897
15041000	12	190	328149	-5238566
15051000	11	192	292352	-5186134
15061000	13	191	351431	-5216243
15071000	15	191	403088	-5195510
15081000	15	191	398690	-5204095
15091000	14	193	360274	-5152354
15101000	13	193	345466	-5162165
15111000	12	198	299959	-5020317
15121000	14	191	386323	-5194028
15131000	13	196	325387	-5088843
15141000	13	197	324201	-5053238
15151000	11	194	282697	-5142551
15161000	15	199	383562	-4992016
15171000	16	200	385970	-4961928
15181000	12	201	299285	-4947413
15191000	13	200	328337	-4969065
15201000	14	202	337146	-4932288
15211000	11	201	283350	-4968531
15221000	17	201	409969	-4932098
15231000	12	207	278822	-4817340
15241000	12	206	278745	-4828707
15251000	17	205	402847	-4835179
15261000	14	208	325292	-4778206
15271000	16	209	359420	-4761683
15281000	20	210	448271	-4715506
15291000	18	214	395612	-4631552
15301000	19	216	395177	-4599933
15311000	19	213	409824	-4651426
15321000	14	219	285857	-4549023
15331000	19	218	394431	-4553855
15341000	14	216	305853	-4607066
15351000	16	220	324739	-4513678
15361000	19	221	378519	-4500689
15371000	17	221	350795	-4500082
15381000	21	221	423778	-4487795
15391000	18	223	363622	-4447787
15401000	18	225	356281	-4420508
15411000	18	225	363080	-4420637
15421000	18	224	361866	-4425036
15431000	18	226	355446	-4404176
15441000	19	226	369276	-4387072
15451000	10	232	193276	-4298801
15461000	20	226	379316	-4388135
15471000	17	229	315812	-4342818
15481000	17	227	329343	-4388462
15491000	18	229	348157	-4334435
15501000	20	228	381980	-4349993
15511000	18	228	344920	-4349357
15521000	17	229	326107	-4349669
15531000	17	228	316993	-4355212
15541000	13	231	239398	-4306596
15551000	17	229	331360	-4342582
15561000	16	231	296371	-4305235
15571000	17	230	319033	-4319787
15581000	15	231	287906	-4318520
15591000	15	230	287429	-4325913
15601000	15	232	277056	-4296378
15611000	14	230	254984	-4331344
15621000	14	231	269054	-4308469
15631000	14	235	261291	-4245441
15641000	14	231	261855	-4314066
15651000	17	231	323054	-4310586
15661000	11	233	202437	-4275287
15671000	16	235	283074	-4242075
15681000	15	235	266717	-4245764
15691000	14	235	247775	-4246540
15701000	13	236	228846	-4216452
15711000	12	235	221363	-4248657
15721000	12	236	220906	-4225240
15731000	12	234	225190	-4266271
15741000	12	236	208593	-4234258
15751000	14	236	247265	-4221678
15761000	12	234	225007	-4253683
15771000	13	237	228725	-4199700
15781000	10	236	182209	-4220513
15791000	11	238	201300	-4192498
15801000	10	238	172660	-4186325
15811000	11	238	189560	-4200227
15821000	12	237	217722	-4216398
15831000	12	236	220388	-4219832
15841000	10	243	164299	-4112538
15851000	11	240	190299	-4160396
15861000	8	239	140952	-4180854
15871000	7	239	117492	-4177080
15881000	10	241	171616	-4134015
15891000	15	244	248975	-4075553
15901000	10	242	170211	-4120795
15911000	11	241	196414	-4133323
15921000	10	244	176188	-4097497
15931000	13	242	217069	-4120208
15941000	10	247	158246	-4047439
15951000	11	244	177603	-4088473
15961000	9	247	139983	-4046877
15971000	9	248	142459	-4023157
15981000	12	248	193399	-4019556
15991000	10	249	160751	-4015397
16001000	9	250	150077	-3988709
16011000	12	249	193987	-4009879
16021000	9	254	138470	-3938082
16031000	13	255	203842	-3912891
16041000	11	252	164718	-3956327
16051000	7	257	109210	-3882432
16061000	10	256	145521	-3905170
16071000	13	256	198672	-3900711
16081000	14	257	206618	-3877304
16091000	10	259	154848	-3861920
16101000	13	259	192204	-3853701
16111000	13	260	184748	-3832770
16121000	9	264	127313	-3782741
16131000	11	263	158101	-3796138
16141000	13	265	189443	-3760458
16151000	10	263	145770	-3803250
16161000	11	264	154190	-3788270
16171000	12	265	164107	-3768551
16181000	11	263	161423	-3798201
16191000	9	269	129214	-3717628
16201000	10	264	136908	-3777328
16211000	8	263	110472	-3796106
16221000	7	267	98714	-3743389
16231000	10	269	131404	-3709150
16241000	13	269	181579	-3705016
16251000	12	267	173068	-3730581
16261000	12	267	161857	-3732208
16271000	11	269	153997	-3709718
16281000	10	271	136693	-3681063
16291000	12	270	163885	-3695411
16301000	10	271	140669	-3689094
16311000	8	271	110655	-3682843
16321000	9	274	121938	-3644301
16331000	12	275	157200	-3627653
16341000	10	272	140971	-3671720
16351000	12	275	157677	-3635296
16361000	7	274	99482	-3645373
16371000	11	277	140853	-3610996
16381000	9	281	115916	-3556785
16391000	12	281	156166	-3550596
16401000	8	282	105700	-3537346
16411000	11	279	142113	-3574809
16421000	11	283	136905	-3528619
16431000	11	285	131123	-3509143
16441000	13	285	159490	-3501766
16451000	13	285	158785	-3504358
16461000	11	287	137776	-3475950
16471000	12	289	139485	-3456234
16481000	12	294	133111	-3396208
16491000	12	290	139686	-3445748
16501000	12	290	140574	-3447132
16511000	15	294	176241	-3397881
16521000	14	298	152565	-3353896
16531000	14	299	158226	-3335923
16541000	15	295	173635	-3375606
16551000	13	298	143481	-3347453
16561000	19	301	211118	-3312773
16571000	13	297	150140	-3358385
16581000	16	300	178093	-3328684
16591000	19	302	211248	-3299367
16601000	16	305	174437	-3274761
16611000	17	306	182265	-3262405
16621000	17	304	185029	-3278938
16631000	15	303	164200	-3295153
16641000	16	306	168098	-3259675
16651000	16	313	163236	-3188244
16661000	17	307	182306	-3249649
16671000	14	306	143560	-3257496
16681000	18	300	200669	-3318532
16691000	17	310	173846	-3217202
16701000	15	311	155698	-3210859
16711000	19	309	198078	-3219392
16721000	15	315	153894	-3172066
16731000	16	312	160438	-3196022
16741000	18	311	188865	-3207060
16751000	18	311	189300	-3206987
16761000	17	313	168176	-3186414
16771000	15	315	149274	-3166910
