f/Hz	Re{Y}/µS	Im{Y}/µS	Re{Z}/mOhm	Im{Z}/mOhm
1000	3245721	-334047	305	31
11000	1529298	-1470348	340	327
21000	678769	-1242534	339	620
31000	368389	-958709	349	909
41000	226361	-765398	355	1201
51000	152819	-631700	362	1496
61000	106049	-536287	355	1795
71000	78658	-465996	352	2086
81000	61717	-411120	357	2379
91000	49591	-368422	359	2666
101000	40477	-331949	362	2968
111000	33928	-303737	363	3252
121000	29186	-278992	371	3546
131000	24597	-258191	366	3838
141000	21476	-239946	370	4134
151000	19091	-224435	376	4424
161000	16652	-210620	373	4718
171000	15070	-198517	380	5008
181000	13486	-187460	382	5307
191000	12189	-178187	382	5586
201000	11147	-169209	388	5884
211000	10004	-161490	382	6169
221000	9130	-154033	383	6469
231000	8431	-147488	386	6758
241000	7866	-141303	393	7055
251000	7381	-135706	400	7347
261000	6814	-130628	398	7635
271000	6422	-125722	405	7933
281000	6018	-121412	407	8216
291000	5608	-117305	407	8505
301000	5228	-113398	406	8800
311000	4949	-109780	410	9091
321000	4657	-106261	412	9393
331000	4501	-103098	423	9681
341000	4136	-100126	412	9970
351000	3979	-97317	419	10259
361000	3816	-94597	426	10554
371000	3612	-92080	425	10843
381000	3563	-89678	442	11133
391000	3295	-87455	430	11418
401000	3194	-85231	439	11716
411000	3074	-83176	444	12006
421000	2937	-81195	445	12300
431000	2811	-79357	446	12585
441000	2713	-77545	451	12880
451000	2611	-75840	453	13170
461000	2506	-74208	454	13460
471000	2459	-72656	465	13748
481000	2309	-71129	456	14044
491000	2233	-69701	459	14332
501000	2165	-68311	464	14624
511000	2125	-66990	473	14913
521000	2058	-65669	477	15213
531000	2022	-64448	486	15501
541000	1909	-63291	476	15786
551000	1856	-62159	480	16073
561000	1798	-61025	482	16372
571000	1811	-59985	503	16656
581000	1720	-58931	495	16954
591000	1654	-57969	492	17237
601000	1639	-56975	505	17537
611000	1578	-56109	501	17808
621000	1550	-55181	509	18108
631000	1518	-54305	514	18400
641000	1465	-53441	512	18698
651000	1430	-52632	516	18986
661000	1391	-51845	517	19275
671000	1346	-51082	515	19563
681000	1334	-50343	526	19850
691000	1321	-49617	536	20140
701000	1300	-48910	543	20431
711000	1242	-48224	534	20723
721000	1246	-47586	550	21000
731000	1177	-46933	534	21294
741000	1166	-46285	544	21592
751000	1148	-45689	550	21873
761000	1134	-45095	557	22161
771000	1091	-44516	550	22450
781000	1084	-43960	561	22734
791000	1053	-43394	559	23031
801000	1030	-42856	561	23321
811000	997	-42319	557	23617
821000	988	-41790	566	23916
831000	979	-41280	574	24211
841000	949	-40790	570	24503
851000	952	-40328	585	24783
861000	925	-39862	582	25073
871000	902	-39437	580	25344
881000	883	-38961	581	25653
891000	848	-38544	571	25932
901000	867	-38102	597	26232
911000	860	-37671	606	26532
921000	836	-37299	601	26797
931000	807	-36878	593	27103
941000	787	-36529	590	27363
951000	801	-36111	614	27679
961000	790	-35738	618	27968
971000	759	-35380	606	28251
981000	764	-35024	623	28538
991000	747	-34651	622	28846
1001000	746	-34325	633	29120
1011000	720	-33988	623	29409
1021000	709	-33634	627	29719
1031000	714	-33330	643	29989
1041000	680	-33005	624	30286
1051000	683	-32684	639	30583
1061000	684	-32384	652	30866
1071000	668	-32098	648	31141
1081000	644	-31787	638	31446
1091000	651	-31502	656	31730
1101000	641	-31219	657	32018
1111000	630	-30940	658	32308
1121000	621	-30660	660	32603
1131000	600	-30397	649	32886
1141000	613	-30130	674	33176
1151000	603	-29867	676	33468
1161000	598	-29597	683	33773
1171000	586	-29364	680	34042
1181000	583	-29110	687	34338
1191000	555	-28875	666	34620
1201000	555	-28635	676	34909
1211000	541	-28386	671	35215
1221000	552	-28152	696	35508
1231000	525	-27964	671	35748
1241000	542	-27720	705	36061
1251000	539	-27492	713	36360
1261000	529	-27277	711	36648
1271000	510	-27056	696	36947
1281000	508	-26840	705	37245
1291000	500	-26648	704	37513
1301000	506	-26441	724	37806
1311000	499	-26235	725	38103
1321000	491	-26030	724	38403
1331000	484	-25848	725	38674
1341000	471	-25662	715	38956
1351000	472	-25455	729	39271
1361000	472	-25277	738	39549
1371000	468	-25098	742	39830
1381000	460	-24910	742	40130
1391000	450	-24731	736	40422
1401000	459	-24564	761	40697
1411000	448	-24378	754	41007
1421000	444	-24211	758	41289
1431000	431	-24031	746	41600
1441000	429	-23880	751	41862
1451000	425	-23712	756	42158
1461000	420	-23546	757	42457
1471000	419	-23385	767	42748
1481000	405	-23237	750	43021
1491000	405	-23074	760	43325
1501000	408	-22932	776	43594
1511000	406	-22783	782	43878
1521000	399	-22612	781	44211
1531000	392	-22475	777	44481
1541000	382	-22326	766	44778
1551000	380	-22179	773	45075
1561000	386	-22034	794	45370
1571000	375	-21891	783	45667
1581000	377	-21759	795	45945
1591000	381	-21630	814	46218
1601000	387	-21491	838	46517
1611000	362	-21355	794	46813
1621000	366	-21228	813	47093
1631000	360	-21098	808	47385
1641000	353	-20970	803	47673
1651000	350	-20840	806	47972
1661000	349	-20723	813	48241
1671000	352	-20588	831	48557
1681000	341	-20474	813	48828
1691000	330	-20339	797	49154
1701000	345	-20227	844	49426
1711000	338	-20112	836	49707
1721000	339	-19990	848	50012
1731000	322	-19880	815	50290
1741000	333	-19756	853	50604
1751000	328	-19652	849	50872
1761000	327	-19527	859	51197
1771000	308	-19441	814	51425
1781000	306	-19320	819	51748
1791000	329	-19216	889	52025
1801000	312	-19106	854	52325
1811000	308	-19001	852	52615
1821000	315	-18889	884	52925
1831000	308	-18802	871	53170
1841000	306	-18688	877	53496
1851000	294	-18585	852	53794
1861000	299	-18467	877	54136
1871000	287	-18379	851	54398
1881000	296	-18298	882	54637
1891000	297	-18190	899	54959
1901000	293	-18093	896	55254
1911000	295	-17990	910	55572
1921000	285	-17903	889	55843
1931000	275	-17814	865	56122
1941000	278	-17724	884	56406
1951000	287	-17636	923	56686
1961000	275	-17540	892	56997
1971000	275	-17452	903	57285
1981000	273	-17362	906	57584
1991000	265	-17262	889	57916
2001000	273	-17191	923	58155
2011000	274	-17102	937	58458
2021000	268	-17018	925	58746
2031000	266	-16935	928	59033
2041000	262	-16844	924	59355
2051000	263	-16771	935	59611
2061000	262	-16682	941	59929
2071000	265	-16608	962	60198
2081000	261	-16520	957	60516
2091000	253	-16452	934	60768
2101000	259	-16366	966	61089
2111000	252	-16277	949	61421
2121000	250	-16201	953	61709
2131000	259	-16138	993	61949
2141000	247	-16054	956	62273
2151000	254	-15981	996	62560
2161000	246	-15904	972	62864
2171000	244	-15835	975	63138
2181000	242	-15758	975	63447
2191000	236	-15683	959	63748
2201000	230	-15627	941	63978
2211000	230	-15542	954	64328
2221000	228	-15471	952	64621
2231000	233	-15401	981	64918
2241000	242	-15337	1028	65186
2251000	237	-15264	1019	65497
2261000	228	-15192	988	65811
2271000	229	-15137	998	66046
2281000	217	-15059	956	66394
2291000	218	-14995	969	66676
2301000	227	-14943	1017	66906
2311000	223	-14863	1009	67266
2321000	219	-14795	1002	67573
2331000	223	-14737	1027	67840
2341000	218	-14669	1012	68154
2351000	214	-14608	1003	68439
2361000	218	-14546	1031	68731
2371000	220	-14489	1047	69003
2381000	216	-14433	1037	69269
2391000	213	-14367	1030	69591
2401000	210	-14311	1025	69860
2411000	215	-14246	1061	70177
2421000	215	-14184	1068	70487
2431000	214	-14126	1073	70775
2441000	209	-14068	1056	71069
2451000	222	-14000	1134	71413
2461000	207	-13953	1064	71651
2471000	203	-13895	1052	71951
2481000	210	-13837	1097	72252
2491000	200	-13784	1053	72531
2501000	200	-13731	1061	72811
2511000	199	-13681	1064	73077
2521000	203	-13621	1096	73398
2531000	191	-13573	1037	73661
2541000	187	-13507	1027	74022
2551000	197	-13458	1087	74291
2561000	191	-13414	1063	74535
2571000	189	-13353	1060	74873
2581000	195	-13302	1104	75163
2591000	188	-13244	1071	75489
2601000	190	-13193	1089	75781
2611000	184	-13147	1067	76046
2621000	190	-13097	1110	76338
2631000	184	-13050	1083	76615
2641000	185	-13006	1095	76870
2651000	185	-12945	1105	77236
2661000	183	-12899	1098	77512
2671000	185	-12852	1119	77796
2681000	183	-12805	1114	78079
2691000	179	-12748	1099	78426
2701000	176	-12703	1090	78708
2711000	175	-12653	1095	79019
2721000	175	-12609	1103	79293
2731000	176	-12560	1115	79602
2741000	172	-12515	1097	79890
2751000	172	-12467	1104	80197
2761000	179	-12426	1160	80463
2771000	173	-12369	1130	80833
2781000	168	-12328	1102	81102
2791000	173	-12296	1143	81313
2801000	172	-12241	1146	81679
2811000	167	-12188	1124	82030
2821000	167	-12148	1133	82300
2831000	173	-12106	1181	82586
2841000	177	-12063	1217	82881
2851000	172	-12017	1191	83198
2861000	172	-11988	1199	83396
2871000	168	-11939	1179	83740
2881000	173	-11901	1222	84008
2891000	165	-11850	1177	84368
2901000	163	-11816	1170	84617
2911000	166	-11766	1196	84974
2921000	160	-11724	1165	85281
2931000	167	-11687	1220	85551
2941000	159	-11641	1172	85890
2951000	166	-11615	1228	86076
2961000	163	-11571	1216	86404
2971000	167	-11532	1255	86694
2981000	155	-11489	1177	87027
2991000	158	-11453	1204	87298
3001000	154	-11407	1181	87649
3011000	158	-11375	1220	87895
3021000	154	-11341	1193	88161
3031000	149	-11296	1168	88510
3041000	150	-11264	1184	88761
3051000	145	-11224	1148	89083
3061000	146	-11188	1169	89365
3071000	152	-11158	1224	89607
3081000	149	-11106	1207	90022
3091000	158	-11078	1285	90250
3101000	151	-11034	1242	90611
3111000	157	-10998	1298	90911
3121000	151	-10964	1255	91189
3131000	150	-10924	1260	91523
3141000	147	-10896	1242	91756
3151000	145	-10856	1226	92097
3161000	139	-10826	1183	92351
3171000	138	-10794	1183	92627
3181000	137	-10750	1189	93005
3191000	140	-10721	1218	93263
3201000	135	-10683	1181	93595
3211000	141	-10658	1237	93812
3221000	140	-10627	1235	94085
3231000	135	-10580	1204	94501
3241000	140	-10550	1258	94774
3251000	135	-10511	1222	95119
3261000	140	-10489	1276	95318
3271000	145	-10462	1327	95563
3281000	146	-10417	1349	95981
3291000	145	-10383	1341	96296
3301000	145	-10350	1356	96603
3311000	144	-10317	1348	96910
3321000	139	-10288	1311	97184
3331000	137	-10258	1301	97463
3341000	131	-10226	1251	97771
3351000	132	-10198	1268	98040
3361000	130	-10159	1262	98419
3371000	138	-10141	1337	98589
3381000	138	-10110	1346	98896
3391000	135	-10073	1330	99256
3401000	129	-10042	1281	99565
3411000	135	-10019	1343	99789
3421000	123	-9982	1231	100165
3431000	127	-9958	1282	100401
3441000	129	-9930	1312	100689
3451000	130	-9895	1325	101047
3461000	131	-9858	1349	101428
3471000	136	-9836	1405	101645
3481000	121	-9798	1256	102048
3491000	128	-9777	1336	102264
3501000	128	-9749	1349	102554
3511000	126	-9725	1336	102810
3521000	126	-9697	1335	103104
3531000	125	-9665	1343	103446
3541000	116	-9630	1255	103823
3551000	120	-9606	1302	104089
3561000	120	-9576	1304	104416
3571000	123	-9567	1347	104510
3581000	120	-9525	1321	104968
3591000	117	-9496	1301	105288
3601000	125	-9474	1397	105537
3611000	112	-9442	1252	105893
3621000	121	-9410	1363	106248
3631000	125	-9394	1414	106430
3641000	116	-9366	1327	106750
3651000	120	-9339	1373	107066
3661000	117	-9321	1343	107269
3671000	109	-9284	1262	107697
3681000	113	-9264	1322	107927
3691000	115	-9239	1346	108223
3701000	120	-9217	1416	108472
3711000	117	-9183	1390	108879
3721000	108	-9155	1292	109215
3731000	120	-9140	1438	109390
3741000	103	-9111	1243	109749
3751000	111	-9085	1345	110055
3761000	116	-9057	1409	110397
3771000	131	-9039	1607	110603
3781000	120	-8999	1484	111103
3791000	113	-8979	1404	111356
3801000	113	-8965	1404	111528
3811000	104	-8927	1301	111999
3821000	101	-8921	1273	112077
3831000	101	-8888	1282	112495
3841000	106	-8874	1345	112667
3851000	105	-8843	1338	113063
3861000	108	-8809	1391	113505
3871000	106	-8793	1377	113707
3881000	109	-8767	1421	114050
3891000	106	-8741	1387	114380
3901000	105	-8713	1386	114759
3911000	105	-8698	1382	114947
3921000	109	-8672	1452	115295
3931000	109	-8656	1453	115507
3941000	100	-8634	1346	115802
3951000	105	-8612	1418	116099
3961000	96	-8586	1308	116458
3971000	103	-8568	1405	116699
3981000	106	-8542	1459	117049
3991000	110	-8523	1512	117312
4001000	101	-8493	1396	117731
4011000	93	-8468	1293	118081
4021000	98	-8451	1372	118307
4031000	100	-8435	1411	118530
4041000	104	-8401	1473	119021
4051000	105	-8382	1499	119281
4061000	108	-8356	1540	119656
4071000	111	-8345	1593	119811
4081000	102	-8314	1478	120254
4091000	102	-8302	1486	120428
4101000	101	-8282	1477	120719
4111000	99	-8267	1448	120948
4121000	97	-8238	1430	121370
4131000	97	-8215	1439	121709
4141000	99	-8193	1469	122034
4151000	99	-8175	1482	122310
4161000	100	-8159	1499	122549
4171000	100	-8137	1508	122882
4181000	102	-8107	1559	123323
4191000	107	-8092	1627	123562
4201000	101	-8075	1544	123815
4211000	95	-8051	1464	124198
4221000	103	-8040	1595	124352
4231000	104	-8029	1609	124533
4241000	99	-8002	1538	124942
4251000	87	-7978	1367	125336
4261000	93	-7954	1471	125708
4271000	92	-7933	1455	126037
4281000	94	-7924	1490	126185
4291000	88	-7901	1416	126546
4301000	85	-7879	1376	126903
4311000	89	-7865	1438	127128
4321000	102	-7838	1666	127560
4331000	101	-7826	1653	127762
4341000	97	-7802	1592	128155
4351000	95	-7778	1574	128542
4361000	90	-7762	1495	128813
4371000	89	-7750	1488	129019
4381000	88	-7739	1465	129205
4391000	86	-7710	1454	129684
4401000	89	-7697	1502	129895
4411000	92	-7677	1561	130234
4421000	94	-7663	1604	130470
4431000	91	-7640	1555	130867
4441000	91	-7615	1575	131296
4451000	93	-7599	1605	131579
4461000	94	-7581	1637	131888
4471000	99	-7567	1726	132134
4481000	93	-7543	1626	132556
4491000	89	-7526	1563	132857
4501000	89	-7512	1581	133108
4511000	86	-7492	1531	133452
4521000	90	-7478	1607	133701
4531000	89	-7458	1598	134067
4541000	86	-7438	1552	134420
4551000	81	-7420	1466	134756
4561000	79	-7406	1448	135013
4571000	86	-7399	1563	135142
4581000	82	-7375	1505	135584
4591000	83	-7359	1541	135874
4601000	91	-7343	1683	136156
4611000	91	-7322	1699	136563
4621000	93	-7310	1744	136784
4631000	96	-7292	1812	137107
4641000	90	-7276	1700	137410
4651000	83	-7254	1583	137842
4661000	83	-7242	1577	138071
4671000	85	-7231	1626	138267
4681000	84	-7214	1611	138593
4691000	80	-7189	1551	139090
4701000	87	-7177	1684	139307
4711000	83	-7164	1619	139565
4721000	87	-7148	1694	139871
4731000	86	-7132	1685	140193
4741000	87	-7112	1728	140577
4751000	87	-7089	1738	141043
4761000	83	-7076	1648	141304
4771000	83	-7061	1660	141599
4781000	83	-7054	1665	141748
4791000	80	-7038	1619	142060
4801000	75	-7017	1529	142496
4811000	76	-7003	1543	142777
4821000	72	-6983	1479	143185
4831000	79	-6972	1623	143415
4841000	85	-6964	1748	143564
4851000	78	-6946	1609	143953
4861000	74	-6925	1541	144378
4871000	74	-6914	1551	144615
4881000	75	-6898	1580	144945
4891000	83	-6885	1757	145227
4901000	84	-6867	1788	145603
4911000	81	-6849	1719	145989
4921000	78	-6835	1663	146292
4931000	78	-6820	1668	146617
4941000	71	-6808	1534	146874
4951000	73	-6794	1583	147174
4961000	76	-6788	1650	147306
4971000	78	-6769	1711	147710
4981000	75	-6752	1639	148085
4991000	73	-6734	1619	148489
5001000	78	-6718	1725	148830
5011000	79	-6706	1755	149109
5021000	82	-6699	1822	149252
5031000	78	-6673	1763	149840
5041000	79	-6659	1781	150157
5051000	79	-6649	1782	150385
5061000	80	-6641	1820	150559
5071000	83	-6630	1895	150817
5081000	81	-6618	1840	151091
5091000	76	-6610	1732	151278
5101000	74	-6576	1713	152045
5111000	73	-6570	1697	152197
5121000	73	-6556	1692	152521
5131000	73	-6543	1716	152819
5141000	77	-6534	1812	153026
5151000	73	-6521	1706	153329
5161000	67	-6503	1584	153748
5171000	66	-6492	1560	154019
5181000	76	-6476	1806	154405
5191000	85	-6462	2029	154732
5201000	81	-6445	1951	155127
5211000	78	-6438	1894	155313
5221000	81	-6422	1961	155684
5231000	76	-6406	1840	156087
5241000	75	-6395	1821	156344
5251000	68	-6380	1673	156722
5261000	69	-6370	1710	156972
5271000	71	-6356	1762	157302
5281000	79	-6345	1950	157570
5291000	73	-6329	1812	157991
5301000	66	-6319	1654	158229
5311000	70	-6302	1765	158660
5321000	76	-6292	1925	158905
5331000	81	-6279	2057	159235
5341000	82	-6267	2081	159537
5351000	83	-6258	2122	159756
5361000	77	-6237	1967	160317
5371000	73	-6228	1889	160536
5381000	73	-6212	1903	160948
5391000	72	-6201	1884	161250
5401000	76	-6193	1973	161447
5411000	76	-6182	1976	161732
5421000	67	-6164	1759	162225
5431000	69	-6152	1817	162525
5441000	64	-6141	1702	162834
5451000	66	-6131	1756	163086
5461000	64	-6118	1697	163428
5471000	63	-6107	1697	163721
5481000	70	-6096	1882	164007
5491000	77	-6086	2076	164273
5501000	74	-6068	2009	164775
5511000	70	-6055	1905	165140
5521000	69	-6046	1889	165381
5531000	67	-6032	1832	165773
5541000	63	-6022	1743	166028
5551000	63	-6017	1734	166180
5561000	64	-6009	1763	166399
5571000	64	-5998	1770	166692
5581000	60	-5977	1672	167283
5591000	66	-5962	1853	167701
5601000	70	-5952	1987	167991
5611000	66	-5942	1859	168268
5621000	63	-5923	1803	168805
5631000	71	-5917	2020	168985
5641000	80	-5908	2300	169224
5651000	76	-5899	2181	169480
5661000	72	-5880	2071	170034
5671000	72	-5874	2075	170218
5681000	68	-5860	1978	170618
5691000	66	-5849	1928	170960
5701000	70	-5843	2062	171126
5711000	73	-5833	2154	171411
5721000	71	-5823	2091	171714
5731000	64	-5802	1899	172326
5741000	62	-5795	1857	172534
5751000	63	-5785	1879	172848
5761000	63	-5781	1889	172971
5771000	64	-5772	1907	173242
5781000	62	-5758	1860	173648
5791000	66	-5748	1996	173948
5801000	75	-5735	2267	174335
5811000	72	-5721	2201	174778
5821000	68	-5707	2094	175210
5831000	66	-5697	2025	175520
5841000	67	-5681	2067	175989
5851000	61	-5675	1900	176180
5861000	60	-5666	1866	176468
5871000	66	-5661	2065	176626
5881000	63	-5654	1958	176836
5891000	58	-5640	1835	177286
5901000	59	-5625	1867	177757
5911000	62	-5613	1953	178125
5921000	62	-5605	1966	178396
5931000	63	-5592	2012	178813
5941000	59	-5582	1884	179138
5951000	67	-5573	2147	179399
5961000	67	-5564	2167	179687
5971000	70	-5557	2279	179922
5981000	68	-5546	2214	180290
5991000	60	-5533	1968	180710
6001000	60	-5525	1973	180973
6011000	60	-5514	1976	181320
6021000	57	-5508	1885	181522
6031000	59	-5499	1947	181825
6041000	63	-5488	2105	182184
6051000	64	-5480	2130	182441
6061000	65	-5469	2159	182823
6071000	59	-5456	1977	183266
6081000	55	-5442	1862	183751
6091000	54	-5437	1829	183912
6101000	56	-5428	1908	184211
6111000	60	-5412	2059	184736
6121000	64	-5399	2187	185202
6131000	62	-5395	2147	185346
6141000	64	-5388	2219	185588
6151000	66	-5380	2271	185846
6161000	63	-5365	2174	186358
6171000	57	-5357	2002	186655
6181000	57	-5351	1991	186845
6191000	53	-5339	1849	187278
6201000	50	-5329	1769	187624
6211000	55	-5320	1941	187957
6221000	55	-5314	1965	188153
6231000	62	-5301	2222	188611
6241000	63	-5295	2236	188846
6251000	57	-5277	2048	189491
6261000	58	-5273	2073	189631
6271000	59	-5261	2116	190058
6281000	61	-5255	2222	190255
6291000	61	-5240	2210	190798
6301000	62	-5229	2260	191197
6311000	63	-5222	2300	191477
6321000	63	-5218	2319	191627
6331000	63	-5215	2321	191743
6341000	61	-5205	2238	192096
6351000	58	-5197	2138	192405
6361000	55	-5189	2037	192699
6371000	54	-5175	2011	193212
6381000	55	-5162	2052	193706
6391000	57	-5154	2161	194019
6401000	58	-5148	2200	194235
6411000	59	-5139	2227	194558
6421000	60	-5135	2278	194719
6431000	57	-5127	2168	195026
6441000	54	-5117	2061	195397
6451000	52	-5093	2023	196310
6461000	56	-5088	2170	196506
6471000	61	-5078	2365	196906
6481000	61	-5072	2387	197124
6491000	64	-5064	2510	197432
6501000	62	-5058	2421	197696
6511000	63	-5049	2487	198040
6521000	60	-5043	2359	198261
6531000	63	-5037	2501	198508
6541000	60	-5030	2352	198798
6551000	57	-5020	2244	199190
6561000	54	-5004	2147	199817
6571000	54	-4994	2149	200198
6581000	55	-4986	2195	200552
6591000	51	-4977	2055	200907
6601000	49	-4970	1976	201198
6611000	52	-4966	2102	201363
6621000	55	-4959	2243	201631
6631000	62	-4948	2549	202077
6641000	66	-4940	2711	202396
6651000	61	-4928	2502	202873
6661000	55	-4915	2276	203450
6671000	55	-4906	2289	203815
6681000	57	-4906	2351	203804
6691000	55	-4900	2294	204061
6701000	55	-4896	2309	204239
6711000	55	-4887	2304	204601
6721000	53	-4883	2221	204780
6731000	57	-4874	2418	205158
6741000	57	-4867	2397	205441
6751000	59	-4856	2493	205889
6761000	59	-4851	2490	206097
6771000	48	-4831	2053	206974
6781000	50	-4828	2151	207081
6791000	50	-4824	2153	207292
6801000	52	-4814	2255	207720
6811000	53	-4804	2293	208139
6821000	58	-4793	2530	208604
6831000	61	-4786	2665	208912
6841000	62	-4780	2699	209192
6851000	60	-4773	2642	209470
6861000	60	-4768	2627	209720
6871000	52	-4752	2318	210390
6881000	49	-4747	2173	210627
6891000	48	-4741	2113	210925
6901000	49	-4734	2170	211227
6911000	51	-4725	2276	211620
6921000	43	-4716	1946	212029
6931000	49	-4709	2213	212342
6941000	49	-4701	2224	212707
6951000	51	-4695	2310	212986
6961000	54	-4686	2476	213393
6971000	55	-4684	2526	213471
6981000	57	-4674	2609	213896
6991000	58	-4663	2652	214436
7001000	59	-4653	2704	214876
7011000	58	-4646	2681	215225
7021000	56	-4638	2607	215586
7031000	52	-4626	2442	216129
7041000	52	-4619	2416	216489
7051000	51	-4613	2393	216739
7061000	50	-4610	2366	216916
7071000	53	-4603	2519	217223
7081000	56	-4597	2650	217493
7091000	67	-4590	3195	217837
7101000	57	-4574	2733	218602
7111000	55	-4573	2628	218625
7121000	51	-4562	2466	219196
7131000	47	-4557	2285	219410
7141000	48	-4556	2323	219481
7151000	52	-4550	2535	219774
7161000	50	-4546	2398	219951
7171000	51	-4546	2464	219967
7181000	51	-4531	2484	220650
7191000	56	-4516	2733	221415
7201000	58	-4510	2861	221678
7211000	65	-4501	3213	222111
7221000	64	-4500	3174	222174
7231000	65	-4494	3198	222474
7241000	59	-4484	2941	222985
7251000	56	-4473	2777	223550
7261000	50	-4466	2503	223890
7271000	53	-4465	2649	223956
7281000	52	-4455	2638	224457
7291000	49	-4448	2486	224815
7301000	48	-4437	2463	225373
7311000	50	-4434	2544	225505
7321000	53	-4427	2708	225876
7331000	56	-4421	2872	226176
7341000	57	-4415	2901	226456
7351000	61	-4409	3153	226786
7361000	54	-4401	2804	227168
7371000	53	-4386	2734	227984
7381000	51	-4376	2662	228502
7391000	56	-4367	2944	228970
7401000	59	-4363	3082	229175
7411000	59	-4362	3103	229234
7421000	57	-4356	3024	229520
7431000	57	-4351	2990	229791
7441000	54	-4343	2868	230212
7451000	51	-4337	2713	230532
7461000	54	-4331	2886	230873
7471000	56	-4330	2961	230889
7481000	59	-4323	3135	231288
7491000	56	-4315	2987	231738
7501000	54	-4303	2933	232351
7511000	55	-4299	2976	232549
7521000	50	-4290	2715	233045
7531000	47	-4289	2560	233104
7541000	48	-4281	2613	233545
7551000	44	-4272	2387	234034
7561000	43	-4265	2364	234462
7571000	40	-4257	2228	234869
7581000	46	-4251	2539	235195
7591000	55	-4245	3052	235529
7601000	57	-4234	3154	236159
7611000	57	-4233	3158	236209
7621000	55	-4224	3085	236678
7631000	54	-4224	3024	236710
7641000	49	-4211	2746	237427
7651000	44	-4204	2500	237846
7661000	43	-4203	2409	237903
7671000	44	-4200	2472	238048
7681000	43	-4188	2446	238759
7691000	44	-4185	2517	238906
7701000	45	-4175	2557	239507
7711000	43	-4168	2480	239895
7721000	43	-4162	2498	240256
7731000	47	-4157	2698	240513
7741000	51	-4154	2948	240719
7751000	53	-4150	3083	240932
7761000	52	-4141	3028	241422
7771000	56	-4133	3274	241904
7781000	54	-4126	3196	242323
7791000	54	-4119	3192	242753
7801000	51	-4108	3009	243413
7811000	52	-4103	3066	243705
7821000	50	-4100	2984	243885
7831000	46	-4092	2765	244352
7841000	45	-4086	2686	244717
7851000	43	-4088	2554	244610
7861000	43	-4082	2562	244959
7871000	48	-4077	2883	245270
7881000	44	-4073	2645	245515
7891000	48	-4066	2877	245923
7901000	53	-4060	3236	246282
7911000	50	-4053	3030	246709
7921000	49	-4045	3001	247198
7931000	48	-4035	2941	247786
7941000	41	-4031	2494	248075
7951000	40	-4024	2448	248483
7961000	41	-4020	2540	248757
7971000	42	-4013	2627	249138
7981000	44	-4011	2705	249302
7991000	45	-3995	2846	250249
8001000	48	-3990	3016	250592
8011000	46	-3982	2870	251077
8021000	48	-3975	3044	251523
8031000	49	-3963	3103	252268
8041000	48	-3967	3038	252067
8051000	57	-3958	3632	252578
8061000	50	-3958	3171	252581
8071000	51	-3956	3280	252726
8081000	48	-3948	3070	253243
8091000	47	-3947	3026	253307
8101000	45	-3936	2924	254045
8111000	43	-3931	2785	254364
8121000	45	-3926	2947	254693
8131000	46	-3923	3012	254866
8141000	44	-3911	2855	255680
8151000	41	-3903	2665	256194
8161000	43	-3897	2863	256553
8171000	42	-3892	2803	256922
8181000	43	-3886	2839	257333
8191000	49	-3880	3251	257682
8201000	51	-3880	3367	257689
8211000	54	-3871	3592	258271
8221000	58	-3866	3873	258639
8231000	58	-3860	3904	258980
8241000	51	-3848	3446	259857
8251000	49	-3845	3339	260042
8261000	48	-3838	3238	260493
8271000	47	-3828	3206	261173
8281000	47	-3827	3186	261231
8291000	50	-3826	3411	261313
8301000	47	-3823	3242	261548
8311000	50	-3814	3461	262158
8321000	49	-3809	3378	262502
8331000	48	-3804	3301	262841
8341000	46	-3806	3189	262712
8351000	46	-3793	3188	263575
8361000	46	-3790	3174	263840
8371000	45	-3785	3152	264137
8381000	47	-3786	3289	264118
8391000	45	-3782	3154	264340
8401000	50	-3777	3481	264714
8411000	50	-3770	3503	265222
8421000	46	-3759	3244	266005
8431000	51	-3751	3654	266553
8441000	48	-3744	3407	267036
8451000	50	-3740	3543	267316
8461000	49	-3734	3509	267748
8471000	48	-3734	3460	267738
8481000	43	-3722	3126	268616
8491000	42	-3716	3071	269092
8501000	43	-3717	3103	269004
8511000	40	-3713	2908	269291
8521000	41	-3711	3000	269442
8531000	43	-3709	3129	269604
8541000	44	-3702	3219	270088
8551000	44	-3704	3179	269924
8561000	44	-3697	3187	270473
8571000	47	-3689	3460	271042
8581000	45	-3675	3349	272040
8591000	41	-3667	3036	272704
8601000	39	-3665	2902	272794
8611000	40	-3660	2968	273176
8621000	41	-3651	3055	273879
8631000	45	-3644	3377	274418
8641000	45	-3644	3354	274411
8651000	48	-3635	3622	275090
8661000	49	-3630	3737	275400
8671000	55	-3629	4185	275504
8681000	53	-3626	4000	275749
8691000	51	-3620	3911	276222
8701000	50	-3611	3839	276861
8711000	47	-3609	3579	277068
8721000	49	-3606	3806	277296
8731000	50	-3603	3818	277513
8741000	50	-3600	3888	277754
8751000	53	-3600	4116	277716
8761000	50	-3587	3881	278733
8771000	52	-3581	4080	279157
8781000	49	-3577	3816	279550
8791000	47	-3569	3703	280122
8801000	44	-3567	3436	280319
8811000	44	-3563	3429	280597
8821000	44	-3557	3512	281105
8831000	40	-3552	3146	281459
8841000	39	-3548	3062	281827
8851000	35	-3540	2819	282419
8861000	35	-3535	2824	282891
8871000	37	-3529	2952	283372
8881000	42	-3523	3394	283849
8891000	43	-3517	3443	284264
8901000	45	-3514	3658	284510
8911000	47	-3510	3803	284826
8921000	52	-3510	4249	284809
8931000	53	-3499	4298	285703
8941000	52	-3497	4232	285905
8951000	49	-3495	4035	286047
8961000	39	-3480	3197	287287
8971000	42	-3478	3440	287507
8981000	42	-3477	3470	287592
8991000	39	-3469	3264	288259
9001000	41	-3469	3403	288205
9011000	40	-3465	3363	288524
9021000	42	-3463	3542	288718
9031000	43	-3457	3593	289229
9041000	43	-3453	3580	289530
9051000	46	-3449	3838	289913
9061000	47	-3446	3931	290119
9071000	48	-3438	4034	290808
9081000	47	-3432	3969	291337
9091000	39	-3430	3332	291549
9101000	43	-3428	3636	291651
9111000	49	-3420	4194	292334
9121000	53	-3411	4586	293109
9131000	57	-3409	4908	293301
9141000	56	-3405	4861	293626
9151000	57	-3398	4947	294178
9161000	55	-3387	4806	295142
9171000	50	-3386	4388	295296
9181000	47	-3380	4125	295819
9191000	46	-3375	4011	296256
9201000	45	-3373	3936	296447
9211000	45	-3373	3945	296425
9221000	46	-3367	4059	296936
9231000	41	-3361	3635	297453
9241000	38	-3357	3335	297888
9251000	43	-3350	3796	298418
9261000	44	-3346	3954	298840
9271000	41	-3343	3649	299047
9281000	44	-3338	3960	299536
9291000	44	-3336	3972	299677
9301000	45	-3336	4020	299745
9311000	45	-3332	4031	300080
9321000	46	-3331	4106	300128
9331000	44	-3326	3936	300574
9341000	50	-3320	4501	301157
9351000	44	-3317	4042	301410
9361000	42	-3309	3805	302122
9371000	41	-3299	3765	303075
9381000	41	-3288	3753	304107
9391000	41	-3285	3790	304386
9401000	43	-3281	3972	304740
9411000	41	-3278	3846	304991
9421000	40	-3274	3729	305389
9431000	48	-3269	4450	305857
9441000	42	-3271	3925	305661
9451000	39	-3263	3702	306403
9461000	37	-3261	3450	306593
9471000	38	-3258	3620	306919
9481000	36	-3253	3408	307408
9491000	36	-3251	3360	307585
9501000	33	-3245	3144	308109
9511000	35	-3241	3325	308475
9521000	38	-3241	3602	308507
9531000	41	-3234	3916	309123
9541000	44	-3228	4260	309720
9551000	46	-3224	4422	310078
9561000	47	-3220	4563	310468
9571000	46	-3217	4414	310772
9581000	46	-3210	4421	311431
9591000	42	-3210	4087	311477
9601000	45	-3201	4376	312356
9611000	43	-3196	4196	312821
9621000	44	-3194	4298	313071
9631000	45	-3183	4415	314107
9641000	44	-3179	4320	314495
9651000	47	-3173	4665	315123
9661000	44	-3169	4411	315468
9671000	41	-3165	4098	315920
9681000	38	-3163	3795	316101
9691000	37	-3159	3726	316516
9701000	37	-3155	3696	316904
9711000	33	-3157	3345	316724
9721000	37	-3153	3704	317140
9731000	36	-3149	3646	317535
9741000	38	-3147	3858	317697
9751000	38	-3146	3888	317780
9761000	45	-3139	4556	318541
9771000	42	-3139	4309	318465
9781000	42	-3136	4234	318861
9791000	45	-3133	4581	319094
9801000	41	-3120	4194	320449
9811000	41	-3116	4246	320899
9821000	38	-3116	3898	320925
9831000	36	-3108	3674	321658
9841000	33	-3104	3422	322146
9851000	34	-3098	3534	322790
9861000	35	-3097	3645	322864
9871000	36	-3091	3752	323501
9881000	37	-3089	3891	323714
9891000	43	-3075	4597	325117
9901000	41	-3078	4340	324826
9911000	41	-3071	4363	325555
9921000	45	-3065	4764	326166
9931000	42	-3059	4437	326803
9941000	40	-3053	4338	327466
9951000	43	-3052	4583	327578
9961000	42	-3052	4497	327595
9971000	43	-3046	4669	328256
9981000	42	-3047	4486	328128
9991000	44	-3046	4738	328251
10001000	44	-3043	4753	328586
10011000	44	-3044	4783	328478
10021000	36	-3033	3899	329621
10031000	45	-3036	4908	329316
10041000	46	-3033	4964	329670
10051000	44	-3028	4850	330144
10061000	42	-3021	4646	330916
10071000	40	-3014	4442	331674
10081000	40	-3009	4471	332227
10091000	40	-3004	4487	332807
10101000	40	-3000	4421	333261
10111000	40	-2997	4457	333577
10121000	42	-2996	4733	333734
10131000	41	-2992	4632	334185
10141000	41	-2987	4639	334763
10151000	43	-2978	4808	335688
10161000	41	-2974	4620	336228
10171000	44	-2969	4955	336712
10181000	43	-2962	4917	337560
10191000	47	-2960	5365	337788
10201000	47	-2958	5341	337952
10211000	46	-2956	5272	338163
10221000	48	-2955	5495	338353
10231000	46	-2954	5295	338434
10241000	46	-2951	5332	338810
10251000	48	-2951	5454	338794
10261000	45	-2946	5213	339366
10271000	47	-2947	5374	339194
10281000	45	-2943	5190	339742
10291000	39	-2935	4523	340680
10301000	35	-2930	4071	341211
10311000	35	-2925	4086	341793
10321000	34	-2915	3957	343001
10331000	34	-2912	3953	343381
10341000	38	-2908	4500	343763
10351000	36	-2907	4217	343937
10361000	38	-2904	4531	344323
10371000	40	-2900	4714	344762
10381000	40	-2899	4776	344897
10391000	38	-2898	4561	345000
10401000	40	-2893	4816	345624
10411000	40	-2889	4791	346068
10421000	38	-2888	4557	346256
10431000	40	-2879	4858	347266
10441000	39	-2880	4640	347113
10451000	46	-2871	5535	348189
10461000	45	-2865	5446	348899
10471000	45	-2861	5548	349413
10481000	45	-2854	5542	350308
10491000	42	-2852	5130	350581
10501000	45	-2854	5565	350296
10511000	49	-2850	5993	350789
10521000	47	-2851	5838	350620
10531000	47	-2848	5745	351079
10541000	45	-2843	5612	351597
10551000	45	-2843	5523	351604
10561000	43	-2837	5319	352432
10571000	39	-2832	4861	353017
10581000	38	-2828	4712	353502
10591000	35	-2825	4410	353895
10601000	35	-2822	4356	354364
10611000	37	-2822	4689	354243
10621000	38	-2816	4791	355031
10631000	35	-2812	4400	355544
10641000	37	-2809	4703	355906
10651000	37	-2798	4745	357346
10661000	37	-2795	4707	357724
10671000	35	-2790	4440	358357
10681000	36	-2788	4659	358633
10691000	33	-2781	4304	359570
10701000	36	-2777	4609	360009
10711000	36	-2774	4695	360391
10721000	36	-2771	4650	360856
10731000	39	-2768	5129	361157
10741000	43	-2766	5559	361476
10751000	44	-2759	5720	362314
10761000	45	-2755	5885	362871
10771000	47	-2754	6208	362997
10781000	47	-2751	6207	363446
10791000	47	-2750	6276	363567
10801000	47	-2746	6227	364064
10811000	45	-2747	6005	363884
10821000	50	-2746	6661	364034
10831000	44	-2740	5807	364930
10841000	45	-2734	6063	365663
10851000	38	-2730	5142	366281
10861000	34	-2727	4589	366610
10871000	37	-2720	4957	367583
10881000	34	-2721	4577	367512
10891000	35	-2716	4683	368128
10901000	37	-2709	5056	369013
10911000	38	-2707	5242	369276
10921000	38	-2708	5191	369220
10931000	39	-2702	5324	370087
10941000	37	-2701	5079	370187
10951000	39	-2699	5340	370469
10961000	37	-2698	5106	370562
10971000	35	-2691	4800	371552
10981000	34	-2687	4705	372129
10991000	32	-2686	4391	372255
11001000	32	-2683	4407	372699
11011000	31	-2677	4297	373554
11021000	32	-2678	4444	373370
11031000	35	-2673	4892	373978
11041000	37	-2670	5212	374485
11051000	41	-2662	5743	375585
11061000	43	-2662	6043	375587
11071000	44	-2660	6207	375898
11081000	47	-2653	6626	376845
11091000	49	-2650	6997	377298
11101000	49	-2648	6927	377544
11111000	50	-2644	7085	378140
11121000	48	-2641	6901	378511
11131000	48	-2636	6894	379284
11141000	48	-2632	6894	379746
11151000	41	-2632	5964	379833
11161000	42	-2627	6026	380549
11171000	40	-2624	5764	380969
11181000	36	-2623	5304	381236
11191000	36	-2619	5298	381703
11201000	35	-2617	5138	382008
11211000	36	-2613	5343	382656
11221000	38	-2607	5650	383490
11231000	38	-2605	5552	383743
11241000	36	-2605	5354	383842
11251000	37	-2601	5504	384435
11261000	34	-2597	5040	385036
11271000	35	-2592	5223	385662
11281000	38	-2586	5664	386666
11291000	34	-2585	5025	386741
11301000	37	-2587	5586	386476
11311000	37	-2583	5485	387005
11321000	40	-2581	6066	387305
11331000	41	-2577	6158	388000
11341000	42	-2574	6356	388357
11351000	41	-2571	6238	388921
11361000	52	-2561	7939	390352
11371000	46	-2564	7068	389831
11381000	48	-2560	7255	390497
11391000	50	-2555	7678	391294
11401000	49	-2553	7549	391579
11411000	49	-2550	7560	392054
11421000	51	-2547	7779	392394
11431000	43	-2544	6569	392935
11441000	40	-2537	6165	394094
11451000	40	-2536	6247	394229
11461000	36	-2536	5638	394273
11471000	32	-2529	4936	395406
11481000	33	-2528	5106	395449
11491000	30	-2528	4767	395582
11501000	28	-2524	4436	396077
11511000	28	-2521	4459	396551
11521000	28	-2518	4475	397097
11531000	31	-2519	4961	396946
11541000	33	-2515	5199	397577
11551000	32	-2513	5008	397903
11561000	34	-2507	5383	398807
11571000	36	-2501	5740	399711
11581000	36	-2500	5716	399900
11591000	33	-2495	5332	400747
11601000	34	-2489	5551	401770
11611000	33	-2487	5416	402068
11621000	33	-2487	5274	402023
11631000	32	-2482	5229	402906
11641000	32	-2484	5105	402502
11651000	30	-2480	4937	403169
11661000	30	-2477	4906	403664
11671000	32	-2477	5140	403695
11681000	35	-2472	5704	404449
11691000	35	-2469	5733	404965
11701000	39	-2468	6352	405019
11711000	42	-2459	6888	406478
11721000	43	-2459	7125	406509
11731000	43	-2453	7092	407462
11741000	45	-2449	7581	408217
11751000	48	-2445	8012	408779
11761000	47	-2445	7791	408894
11771000	44	-2439	7397	409835
11781000	43	-2435	7192	410537
11791000	38	-2435	6487	410627
11801000	40	-2432	6682	411020
11811000	36	-2426	6054	412078
11821000	36	-2425	6090	412280
11831000	35	-2423	5932	412557
11841000	34	-2425	5706	412321
11851000	35	-2423	5905	412699
11861000	31	-2422	5216	412803
11871000	34	-2417	5744	413654
11881000	30	-2413	5141	414347
11891000	29	-2409	4938	415071
11901000	30	-2408	5105	415218
11911000	29	-2406	4931	415573
11921000	28	-2398	4816	416932
11931000	29	-2396	5062	417347
11941000	28	-2394	4924	417685
11951000	31	-2389	5427	418564
11961000	31	-2388	5440	418771
11971000	33	-2382	5859	419753
11981000	34	-2379	5930	420325
11991000	35	-2378	6153	420350
12001000	35	-2380	6261	420108
12011000	36	-2375	6407	420906
12021000	36	-2372	6383	421521
12031000	39	-2367	6909	422345
12041000	39	-2362	6949	423283
12051000	42	-2359	7626	423745
12061000	46	-2361	8295	423449
12071000	42	-2356	7604	424237
12081000	44	-2353	7931	424852
12091000	46	-2345	8321	426325
12101000	45	-2345	8193	426266
12111000	42	-2341	7606	426999
12121000	42	-2340	7709	427169
12131000	40	-2335	7270	428146
12141000	38	-2334	6920	428279
12151000	33	-2329	6019	429219
12161000	29	-2328	5384	429558
12171000	29	-2326	5386	429769
12181000	30	-2328	5538	429567
12191000	28	-2323	5191	430507
12201000	29	-2322	5417	430560
12211000	28	-2320	5133	430948
12221000	29	-2315	5329	431838
12231000	32	-2313	6012	432342
12241000	28	-2309	5311	433103
12251000	28	-2305	5253	433790
12261000	27	-2301	5095	434571
12271000	29	-2297	5580	435233
12281000	26	-2298	4969	435181
12291000	28	-2292	5366	436271
12301000	29	-2289	5583	436731
12311000	28	-2287	5350	437184
12321000	31	-2282	5987	438154
12331000	30	-2283	5836	438015
12341000	31	-2284	5970	437804
12351000	31	-2280	5908	438476
12361000	32	-2280	6075	438504
12371000	32	-2279	6107	438729
12381000	32	-2274	6278	439606
12391000	35	-2273	6768	439874
12401000	34	-2273	6633	439864
12411000	38	-2268	7319	440759
12421000	41	-2263	7979	441727
12431000	41	-2260	7972	442388
12441000	40	-2260	7835	442413
12451000	46	-2253	9074	443703
12461000	46	-2252	9014	443953
12471000	49	-2248	9594	444651
12481000	49	-2241	9822	445987
12491000	47	-2240	9337	446195
12501000	49	-2238	9832	446512
12511000	47	-2235	9352	447153
12521000	45	-2235	8991	447344
12531000	44	-2229	8847	448486
12541000	43	-2227	8572	448954
12551000	38	-2222	7691	449932
12561000	39	-2219	8015	450418
12571000	41	-2219	8274	450444
12581000	38	-2220	7685	450373
12591000	39	-2217	7920	450855
12601000	32	-2212	6443	451910
12611000	36	-2213	7436	451829
12621000	38	-2213	7751	451829
12631000	36	-2206	7480	453190
12641000	34	-2205	7019	453392
12651000	38	-2204	7792	453544
12661000	31	-2202	6389	454077
12671000	34	-2193	7149	455873
12681000	32	-2194	6746	455645
12691000	35	-2190	7217	456410
12701000	37	-2185	7689	457634
12711000	36	-2182	7455	458110
12721000	37	-2178	7704	459104
12731000	35	-2179	7327	458872
12741000	37	-2174	7915	459936
12751000	37	-2174	7748	459920
12761000	36	-2174	7670	459876
12771000	40	-2169	8419	460987
12781000	40	-2170	8413	460716
12791000	39	-2168	8371	461015
12801000	47	-2157	10138	463449
12811000	44	-2161	9355	462657
12821000	48	-2156	10269	463493
12831000	46	-2152	9932	464441
12841000	50	-2149	10799	465015
12851000	51	-2147	10993	465535
12861000	51	-2135	11106	468090
12871000	47	-2139	10165	467214
12881000	48	-2135	10630	468097
12891000	45	-2130	10001	469319
12901000	45	-2132	9896	468824
12911000	44	-2128	9703	469771
12921000	40	-2124	8798	470687
12931000	40	-2120	8799	471465
12941000	35	-2120	7841	471593
12951000	36	-2117	8036	472185
12961000	35	-2109	7798	474012
12971000	32	-2110	7104	473927
12981000	37	-2108	8289	474307
12991000	37	-2106	8274	474629
13001000	39	-2102	8734	475503
13011000	38	-2102	8561	475522
13021000	36	-2101	8073	475753
13031000	39	-2101	8872	475910
13041000	42	-2097	9644	476595
13051000	40	-2094	9214	477266
13061000	40	-2097	9063	476774
13071000	40	-2092	9245	477911
13081000	41	-2093	9372	477687
13091000	40	-2088	9110	478735
13101000	41	-2088	9378	478814
13111000	41	-2089	9491	478597
13121000	38	-2083	8836	479866
13131000	38	-2080	8833	480665
13141000	35	-2080	8132	480621
13151000	36	-2078	8394	481163
13161000	37	-2081	8510	480402
13171000	34	-2075	7805	481714
13181000	35	-2075	8095	481805
13191000	36	-2070	8418	482887
13201000	36	-2065	8545	483997
13211000	46	-2055	10955	486285
13221000	36	-2063	8474	484659
13231000	38	-2059	9009	485574
13241000	40	-2055	9476	486525
13251000	45	-2047	10625	488407
13261000	43	-2044	10363	488959
13271000	48	-2044	11451	489055
13281000	47	-2040	11311	489976
13291000	48	-2037	11584	490618
13301000	48	-2036	11642	490954
13311000	51	-2034	12216	491402
13321000	46	-2033	11116	491589
13331000	42	-2029	10118	492650
13341000	43	-2026	10524	493258
13351000	44	-2024	10830	493913
13361000	43	-2027	10412	493074
13371000	39	-2023	9494	494114
13381000	40	-2020	9740	494799
13391000	36	-2018	8861	495315
13401000	35	-2016	8636	495858
13411000	34	-2014	8378	496450
13421000	33	-2014	8161	496448
13431000	36	-2012	8881	496856
13441000	33	-2009	8235	497681
13451000	32	-2008	7934	497766
13461000	31	-2003	7724	499254
13471000	36	-2000	8966	499753
13481000	31	-1997	7825	500506
13491000	35	-1997	8695	500717
13501000	30	-1990	7544	502401
13511000	31	-1993	7702	501584
13521000	23	-1985	5963	503757
13531000	30	-1982	7711	504400
13541000	27	-1977	6942	505815
13551000	31	-1976	7953	505967
13561000	29	-1973	7325	506833
13571000	32	-1967	8148	508222
13581000	30	-1967	7849	508234
13591000	29	-1965	7497	508871
13601000	35	-1963	9091	509189
13611000	27	-1962	7062	509478
13621000	34	-1957	8756	510706
13631000	33	-1954	8643	511724
13641000	35	-1950	9158	512787
13651000	34	-1952	9053	512188
13661000	38	-1947	10129	513357
13671000	42	-1943	11207	514548
13681000	43	-1940	11524	515333
13691000	43	-1940	11373	515320
13701000	43	-1935	11521	516634
13711000	45	-1933	12070	517065
13721000	43	-1934	11623	516778
13731000	47	-1933	12633	516992
13741000	47	-1928	12740	518371
13751000	46	-1932	12236	517388
13761000	44	-1928	11776	518300
13771000	46	-1926	12385	518833
13781000	45	-1923	12227	519826
13791000	44	-1925	11914	519193
13801000	40	-1919	10764	520985
13811000	38	-1920	10266	520673
13821000	42	-1918	11435	521229
13831000	36	-1914	9716	522270
13841000	34	-1909	9271	523535
13851000	34	-1908	9374	523912
13861000	30	-1901	8245	525818
13871000	35	-1900	9797	526106
13881000	33	-1895	9237	527433
13891000	30	-1896	8365	527383
13901000	32	-1895	8833	527473
13911000	33	-1889	9307	529287
13921000	36	-1889	10004	529188
13931000	35	-1885	9882	530256
13941000	34	-1885	9706	530334
13951000	36	-1885	9999	530446
13961000	36	-1882	10204	531237
13971000	36	-1883	10294	531007
13981000	33	-1881	9336	531562
13991000	36	-1877	10322	532443
14001000	36	-1870	10300	534534
14011000	35	-1877	9816	532490
14021000	36	-1877	10195	532692
14031000	35	-1873	10030	533775
14041000	38	-1873	10757	533637
14051000	37	-1871	10443	534303
14061000	37	-1872	10584	534070
14071000	35	-1869	10128	534773
14081000	36	-1864	10348	536253
14091000	36	-1865	10489	536018
14101000	38	-1860	11049	537302
14111000	40	-1856	11635	538515
14121000	42	-1852	12179	539701
14131000	47	-1842	13859	542569
14141000	38	-1848	11068	540793
14151000	43	-1842	12623	542536
14161000	49	-1839	14623	543322
14171000	46	-1834	13638	545059
14181000	46	-1832	13649	545536
14191000	46	-1831	13833	545934
14201000	46	-1829	13728	546421
14211000	47	-1832	13896	545466
14221000	45	-1824	13614	548056
14231000	46	-1821	13947	548908
14241000	48	-1822	14390	548397
14251000	46	-1817	13771	549865
14261000	48	-1819	14411	549334
14271000	49	-1820	14675	549066
14281000	46	-1815	14072	550548
14291000	44	-1817	13435	550139
14301000	43	-1814	13015	550906
14311000	45	-1816	13519	550408
14321000	47	-1814	14185	551026
14331000	44	-1809	13586	552463
14341000	42	-1806	12840	553497
14351000	42	-1804	12865	554019
14361000	43	-1807	13056	553068
14371000	39	-1801	12015	554860
14381000	40	-1801	12429	554986
14391000	36	-1793	11311	557541
14401000	42	-1793	12976	557564
14411000	41	-1786	12736	559493
14421000	34	-1785	10814	560059
14431000	36	-1778	11282	562166
14441000	35	-1780	11110	561484
14451000	34	-1776	10859	562706
14461000	35	-1780	10995	561667
14471000	36	-1771	11351	564529
14481000	34	-1772	10809	564132
14491000	36	-1770	11469	564774
14501000	33	-1767	10472	565846
14511000	33	-1768	10554	565568
14521000	30	-1764	9702	566757
14531000	35	-1764	11289	566763
14541000	35	-1762	11164	567210
14551000	37	-1754	12002	569823
14561000	37	-1756	11855	569128
14571000	39	-1754	12617	569756
14581000	38	-1748	12293	571799
14591000	37	-1747	12259	572295
14601000	34	-1743	11286	573482
14611000	40	-1739	13161	574787
14621000	37	-1732	12359	577137
14631000	40	-1732	13261	577012
14641000	37	-1727	12544	578660
14651000	41	-1726	13793	579082
14661000	37	-1726	12550	578979
14671000	40	-1723	13608	580126
14681000	40	-1721	13649	580685
14691000	34	-1718	11504	581998
14701000	38	-1715	13026	582882
14711000	40	-1717	13569	582262
14721000	39	-1712	13432	583635
14731000	41	-1714	14054	583057
14741000	40	-1714	13618	583136
14751000	42	-1708	14505	585123
14761000	41	-1706	14141	585981
14771000	44	-1703	15000	586696
14781000	45	-1703	15377	586952
14791000	44	-1705	15039	586202
14801000	46	-1696	15886	589054
14811000	51	-1698	17832	588251
14821000	47	-1694	16228	589868
14831000	48	-1693	16578	590071
14841000	47	-1696	16398	589317
14851000	48	-1690	16652	591212
14861000	52	-1691	18200	590735
14871000	47	-1691	16365	591016
14881000	48	-1690	16781	591221
14891000	46	-1687	16239	592168
14901000	48	-1687	16709	592392
14911000	48	-1687	16776	592169
14921000	44	-1682	15589	594206
14931000	45	-1681	16087	594475
14941000	40	-1678	14289	595570
14951000	44	-1679	15670	595108
14961000	41	-1678	14669	595522
14971000	37	-1674	13080	597135
14981000	32	-1670	11498	598723
14991000	30	-1667	10963	599623
15001000	23	-1668	8305	599484
15011000	29	-1665	10471	600271
15021000	28	-1661	10316	601732
15031000	28	-1664	10001	600961
15041000	30	-1660	11043	602249
15051000	26	-1658	9569	602967
15061000	27	-1659	9897	602690
15071000	24	-1655	8747	603998
15081000	28	-1650	10140	605821
15091000	31	-1645	11582	607722
15101000	29	-1644	10729	608136
15111000	30	-1643	11199	608427
15121000	32	-1641	11887	609191
15131000	34	-1639	12616	609979
15141000	35	-1632	13228	612534
15151000	32	-1631	12188	612985
15161000	35	-1627	13336	614318
15171000	38	-1627	14389	614241
15181000	36	-1625	13713	615258
15191000	35	-1622	13133	616301
15201000	36	-1620	13906	617090
15211000	37	-1620	14019	616779
15221000	39	-1618	14917	617620
15231000	35	-1616	13313	618420
15241000	38	-1616	14360	618336
15251000	37	-1615	14232	618962
15261000	32	-1610	12479	620710
15271000	32	-1610	12169	620817
15281000	35	-1609	13571	621257
15291000	31	-1607	11881	622084
15301000	30	-1605	11788	622709
15311000	26	-1605	9927	622934
15321000	30	-1604	11808	623101
15331000	28	-1603	10727	623525
15341000	26	-1601	9998	624536
15351000	26	-1601	10324	624272
15361000	25	-1601	9901	624337
15371000	29	-1596	11351	626346
15381000	26	-1595	10253	626773
15391000	26	-1597	10060	625886
15401000	27	-1590	10544	628743
15411000	24	-1589	9355	629155
15421000	30	-1583	11860	631412
15431000	31	-1586	12377	630204
15441000	29	-1587	11694	629729
15451000	35	-1579	13912	632971
15461000	33	-1579	13321	632981
15471000	35	-1581	13991	632364
15481000	35	-1575	14007	634594
15491000	32	-1574	12893	635053
15501000	40	-1569	16053	636908
15511000	40	-1566	16357	638171
15521000	37	-1565	15271	638699
15531000	40	-1565	16362	638693
15541000	39	-1563	16132	639267
15551000	40	-1564	16245	638947
15561000	42	-1558	17303	641463
15571000	41	-1560	16994	640590
15581000	40	-1560	16494	640698
15591000	45	-1553	18528	643395
15601000	42	-1549	17319	644965
15611000	44	-1549	18466	644892
15621000	45	-1546	18621	646174
15631000	46	-1544	19443	647092
15641000	46	-1538	19463	649447
15651000	48	-1536	20528	650417
15661000	47	-1536	19982	650466
15671000	46	-1532	19582	652196
15681000	43	-1531	18430	652728
15691000	45	-1528	19430	653784
15701000	41	-1526	17597	654646
15711000	40	-1525	17344	655295
15721000	45	-1526	19145	654846
15731000	39	-1523	16880	656169
15741000	36	-1518	15824	658385
15751000	34	-1517	14563	658801
15761000	33	-1519	14410	657913
15771000	36	-1519	15572	657895
15781000	33	-1518	14319	658381
15791000	35	-1516	15084	659294
15801000	32	-1519	13734	658110
15811000	33	-1514	14489	660176
15821000	30	-1513	13268	660671
15831000	34	-1512	14727	661254
15841000	32	-1509	13873	662442
15851000	34	-1509	15120	662408
15861000	30	-1507	13262	663361
15871000	30	-1504	13389	664725
15881000	26	-1506	11398	663768
15891000	31	-1501	13741	665855
15901000	32	-1496	14500	667997
15911000	29	-1495	13180	668466
15921000	32	-1495	14310	668381
15931000	32	-1490	14401	671007
15941000	33	-1489	14954	671393
15951000	31	-1490	13864	670784
15961000	31	-1483	14127	673978
15971000	31	-1482	14087	674673
15981000	36	-1485	16320	673198
15991000	33	-1477	14955	676621
16001000	29	-1474	13236	678160
16011000	26	-1473	12025	678671
16021000	30	-1471	13673	679463
16031000	24	-1469	10955	680720
16041000	26	-1469	12099	680640
16051000	26	-1466	12319	682131
16061000	27	-1466	12521	681858
16071000	21	-1463	9918	683190
16081000	31	-1465	14289	682224
16091000	30	-1463	14071	683059
16101000	26	-1462	12148	684009
16111000	22	-1460	10227	685003
16121000	27	-1457	12941	685981
16131000	31	-1456	14486	686650
16141000	28	-1455	13076	687186
16151000	31	-1449	14872	689795
16161000	31	-1447	14614	690596
16171000	32	-1446	15113	691012
16181000	32	-1447	15239	690740
16191000	35	-1439	16965	694522
16201000	38	-1437	18560	695197
16211000	39	-1433	19204	697464
16221000	40	-1429	19479	699088
16231000	41	-1428	20077	699540
16241000	41	-1425	20270	701134
16251000	42	-1420	20961	703486
16261000	39	-1423	19370	702119
16271000	45	-1422	22118	702421
16281000	43	-1422	21433	702530
16291000	43	-1417	21263	705312
16301000	42	-1419	20802	704208
16311000	43	-1418	21392	704658
16321000	45	-1415	22443	705837
16331000	42	-1415	20949	706338
16341000	44	-1416	21759	705503
16351000	42	-1413	20911	706960
16361000	46	-1414	23068	706482
16371000	44	-1412	21990	707666
16381000	41	-1411	20483	708237
16391000	42	-1410	21130	708686
16401000	43	-1409	21724	709148
16411000	41	-1410	20531	708490
16421000	40	-1405	20379	711377
16431000	41	-1409	20526	709055
16441000	41	-1402	21047	712846
16451000	40	-1402	20264	712928
16461000	41	-1401	20634	713242
16471000	40	-1399	20382	714125
16481000	37	-1398	19007	714775
16491000	35	-1391	18046	718201
16501000	30	-1390	15635	719216
16511000	31	-1389	16202	719693
16521000	34	-1385	17875	721805
16531000	33	-1384	17159	721931
16541000	26	-1378	13942	725504
16551000	32	-1373	16725	727871
16561000	26	-1377	13779	725997
16571000	29	-1373	15287	728127
16581000	37	-1374	19524	727401
16591000	32	-1368	17236	730591
16601000	30	-1369	16227	729936
16611000	31	-1366	16484	731789
16621000	32	-1367	17309	730903
16631000	31	-1367	16442	730969
16641000	31	-1364	16715	732805
16651000	33	-1361	17867	734174
16661000	29	-1358	15848	736056
16671000	31	-1360	16678	735136
16681000	33	-1357	17808	736528
16691000	30	-1364	16147	732887
16701000	35	-1351	19224	739699
16711000	36	-1350	19704	740177
16721000	39	-1344	21813	743246
16731000	38	-1344	21058	743439
16741000	41	-1340	22644	745676
16751000	33	-1347	18429	741968
16761000	42	-1335	23638	748124
16771000	43	-1336	23799	747862
