f/Hz	Re{Y}/µS	Im{Y}/µS	Re{Z}/mOhm	Im{Z}/mOhm
1000	3663291	-525078	267	38
11000	1934633	-1582240	310	253
21000	892187	-1437222	312	502
31000	473618	-1134214	313	751
41000	290720	-928410	307	981
51000	201540	-769947	318	1216
61000	138393	-654556	309	1462
71000	108362	-570195	322	1693
81000	82722	-503838	317	1933
91000	67561	-449782	327	2174
101000	55099	-408472	324	2404
111000	45672	-372972	323	2642
121000	39175	-341828	331	2888
131000	32970	-316675	325	3124
141000	29752	-294346	340	3363
151000	25780	-275547	337	3598
161000	23022	-258526	342	3838
171000	20396	-243910	340	4071
181000	18319	-230304	343	4315
191000	16287	-218657	339	4548
201000	15032	-207813	346	4787
211000	13417	-198214	340	5022
221000	12669	-188977	353	5268
231000	11437	-181070	347	5501
241000	10699	-173498	354	5742
251000	9887	-166737	354	5976
261000	9222	-160468	357	6211
271000	8425	-154648	351	6447
281000	8164	-149096	366	6687
291000	7662	-144004	368	6925
301000	7100	-139358	365	7157
311000	6754	-134775	371	7401
321000	6292	-130664	368	7635
331000	6187	-126613	385	7879
341000	5709	-123020	376	8111
351000	5369	-119518	375	8350
361000	5249	-116290	387	8582
371000	4988	-113125	389	8823
381000	4724	-110292	388	9050
391000	4444	-107428	384	9293
401000	4339	-104631	396	9541
411000	4221	-102145	404	9773
421000	3986	-99755	400	10009
431000	3803	-97554	399	10235
441000	3716	-95221	409	10486
451000	3525	-93196	405	10715
461000	3425	-91152	412	10955
471000	3249	-89259	407	11188
481000	3153	-87412	412	11425
491000	3055	-85660	416	11659
501000	2997	-84007	424	11889
511000	2916	-82337	430	12130
521000	2818	-80764	431	12367
531000	2751	-79215	438	12609
541000	2668	-77770	441	12843
551000	2511	-76430	429	13070
561000	2464	-75030	437	13314
571000	2389	-73742	439	13547
581000	2311	-72484	439	13782
591000	2321	-71213	457	14027
601000	2248	-70060	458	14259
611000	2123	-68955	446	14489
621000	2100	-67812	456	14732
631000	2066	-66786	463	14959
641000	1978	-65719	458	15202
651000	1940	-64744	462	15432
661000	1938	-63734	477	15676
671000	1852	-62822	469	15904
681000	1865	-61915	486	16136
691000	1792	-61020	481	16374
701000	1740	-60147	481	16612
711000	1676	-59292	476	16852
721000	1677	-58516	489	17075
731000	1627	-57717	488	17312
741000	1630	-56946	502	17546
751000	1581	-56193	500	17782
761000	1522	-55463	495	18016
771000	1478	-54747	493	18252
781000	1451	-54047	496	18489
791000	1435	-53351	504	18730
801000	1407	-52687	506	18967
811000	1380	-52058	509	19196
821000	1341	-51417	507	19436
831000	1357	-50786	526	19676
841000	1322	-50192	524	19910
851000	1316	-49615	534	20141
861000	1287	-49034	535	20380
871000	1261	-48487	536	20610
881000	1197	-47950	520	20842
891000	1198	-47399	533	21084
901000	1166	-46900	530	21309
911000	1173	-46349	546	21562
921000	1160	-45841	552	21801
931000	1120	-45386	543	22020
941000	1113	-44922	551	22247
951000	1082	-44414	548	22502
961000	1062	-43963	549	22733
971000	1053	-43509	556	22970
981000	1029	-43064	554	23208
991000	1007	-42644	553	23437
1001000	1009	-42240	565	23661
1011000	1001	-41800	572	23909
1021000	967	-41417	564	24131
1031000	971	-41010	577	24370
1041000	964	-40627	584	24600
1051000	953	-40228	588	24844
1061000	920	-39858	579	25076
1071000	921	-39476	591	25318
1081000	907	-39102	593	25560
1091000	896	-38751	596	25792
1101000	884	-38417	598	26017
1111000	869	-38077	599	26249
1121000	865	-37735	607	26487
1131000	842	-37397	602	26726
1141000	824	-37056	600	26973
1151000	828	-36750	613	27197
1161000	818	-36432	616	27435
1171000	796	-36122	610	27671
1181000	784	-35816	611	27907
1191000	801	-35516	635	28142
1201000	782	-35220	630	28379
1211000	758	-34927	621	28618
1221000	755	-34655	629	28842
1231000	735	-34380	622	29073
1241000	737	-34099	634	29313
1251000	738	-33836	644	29540
1261000	702	-33562	623	29783
1271000	706	-33306	636	30011
1281000	694	-33040	635	30253
1291000	681	-32785	634	30489
1301000	678	-32531	640	30727
1311000	660	-32296	633	30950
1321000	655	-32050	638	31188
1331000	651	-31810	643	31423
1341000	648	-31583	650	31650
1351000	632	-31339	644	31896
1361000	648	-31120	668	32120
1371000	626	-30874	657	32377
1381000	635	-30672	674	32589
1391000	609	-30436	657	32843
1401000	620	-30222	678	33075
1411000	611	-30017	678	33300
1421000	601	-29817	675	33525
1431000	615	-29601	702	33768
1441000	599	-29369	694	34035
1451000	576	-29181	676	34256
1461000	572	-28996	679	34474
1471000	572	-28796	690	34714
1481000	564	-28603	689	34948
1491000	556	-28412	689	35183
1501000	561	-28239	704	35398
1511000	542	-28051	688	35636
1521000	537	-27849	692	35895
1531000	531	-27696	692	36093
1541000	532	-27503	703	36346
1551000	524	-27312	702	36600
1561000	523	-27141	710	36831
1571000	509	-26975	699	37058
1581000	516	-26792	718	37311
1591000	504	-26629	710	37539
1601000	506	-26478	721	37754
1611000	506	-26293	732	38019
1621000	489	-26129	717	38258
1631000	492	-25979	728	38479
1641000	475	-25828	712	38705
1651000	464	-25653	704	38969
1661000	490	-25516	752	39176
1671000	476	-25354	740	39427
1681000	478	-25210	751	39653
1691000	461	-25045	735	39915
1701000	454	-24909	731	40133
1711000	464	-24762	756	40370
1721000	456	-24615	753	40612
1731000	456	-24478	761	40839
1741000	448	-24329	756	41089
1751000	454	-24208	775	41294
1761000	452	-24081	780	41512
1771000	442	-23922	772	41788
1781000	429	-23784	758	42031
1791000	431	-23661	769	42249
1801000	414	-23519	748	42505
1811000	427	-23400	779	42720
1821000	418	-23267	771	42966
1831000	419	-23140	782	43201
1841000	410	-23019	774	43429
1851000	415	-22896	792	43662
1861000	402	-22783	775	43879
1871000	398	-22660	774	44117
1881000	404	-22522	797	44387
1891000	396	-22404	788	44622
1901000	401	-22297	806	44834
1911000	380	-22171	773	45091
1921000	388	-22057	798	45324
1931000	395	-21956	818	45530
1941000	386	-21826	811	45803
1951000	384	-21722	814	46021
1961000	372	-21606	796	46269
1971000	377	-21501	815	46496
1981000	380	-21389	831	46737
1991000	364	-21285	802	46968
2001000	366	-21180	815	47199
2011000	366	-21066	825	47457
2021000	362	-20973	823	47667
2031000	352	-20866	808	47911
2041000	368	-20759	853	48158
2051000	360	-20670	841	48365
2061000	339	-20566	801	48612
2071000	363	-20471	866	48835
2081000	350	-20362	843	49096
2091000	347	-20254	847	49359
2101000	355	-20171	873	49562
2111000	350	-20072	868	49805
2121000	337	-19987	843	50018
2131000	333	-19893	842	50256
2141000	345	-19776	881	50552
2151000	333	-19698	858	50751
2161000	327	-19606	851	50991
2171000	326	-19521	856	51211
2181000	331	-19431	876	51449
2191000	325	-19344	869	51681
2201000	314	-19227	849	51996
2211000	314	-19157	856	52185
2221000	314	-19064	863	52440
2231000	319	-18997	882	52624
2241000	310	-18906	866	52879
2251000	306	-18828	863	53098
2261000	303	-18739	861	53350
2271000	314	-18655	901	53589
2281000	305	-18575	885	53821
2291000	303	-18497	887	54049
2301000	296	-18411	873	54301
2311000	301	-18332	896	54536
2321000	304	-18246	912	54792
2331000	290	-18169	877	55025
2341000	298	-18100	909	55234
2351000	292	-18011	899	55508
2361000	283	-17932	881	55752
2371000	294	-17877	919	55922
2381000	294	-17781	930	56225
2391000	292	-17711	930	56447
2401000	288	-17641	925	56670
2411000	282	-17561	913	56930
2421000	282	-17486	922	57175
2431000	282	-17431	928	57353
2441000	284	-17349	944	57626
2451000	290	-17280	970	57853
2461000	265	-17225	893	58041
2471000	270	-17137	921	58337
2481000	277	-17061	951	58598
2491000	271	-16999	938	58813
2501000	267	-16918	933	59093
2511000	272	-16853	956	59323
2521000	276	-16800	978	59508
2531000	266	-16722	951	59787
2541000	267	-16655	962	60027
2551000	260	-16602	944	60218
2561000	257	-16527	942	60494
2571000	258	-16469	951	60704
2581000	253	-16411	941	60919
2591000	251	-16338	938	61192
2601000	268	-16279	1010	61413
2611000	267	-16217	1014	61646
2621000	254	-16150	972	61904
2631000	254	-16087	982	62147
2641000	245	-16026	953	62385
2651000	252	-15971	987	62600
2661000	248	-15901	979	62873
2671000	251	-15839	998	63121
2681000	254	-15776	1020	63372
2691000	248	-15720	1003	63597
2701000	250	-15664	1017	63823
2711000	247	-15611	1013	64039
2721000	245	-15557	1010	64265
2731000	257	-15483	1070	64571
2741000	245	-15427	1029	64803
2751000	242	-15378	1025	65011
2761000	233	-15321	993	65256
2771000	240	-15266	1029	65489
2781000	230	-15214	992	65715
2791000	233	-15162	1013	65938
2801000	235	-15100	1031	66210
2811000	228	-15044	1006	66456
2821000	223	-14995	991	66673
2831000	225	-14942	1009	66912
2841000	219	-14886	987	67162
2851000	220	-14829	998	67419
2861000	219	-14782	1003	67636
2871000	228	-14724	1053	67898
2881000	225	-14680	1045	68103
2891000	224	-14624	1045	68364
2901000	216	-14584	1014	68556
2911000	230	-14512	1090	68891
2921000	222	-14474	1060	69074
2931000	226	-14416	1087	69351
2941000	218	-14382	1054	69517
2951000	220	-14317	1074	69829
2961000	217	-14282	1064	70004
2971000	220	-14228	1086	70267
2981000	216	-14184	1071	70485
2991000	206	-14133	1032	70741
3001000	202	-14093	1019	70941
3011000	211	-14041	1069	71202
3021000	205	-13995	1046	71437
3031000	200	-13948	1029	71680
3041000	200	-13908	1032	71889
3051000	198	-13850	1031	72187
3061000	200	-13810	1048	72398
3071000	201	-13758	1064	72668
3081000	198	-13715	1054	72898
3091000	193	-13666	1034	73161
3101000	199	-13629	1071	73355
3111000	197	-13577	1066	73636
3121000	194	-13530	1059	73897
3131000	190	-13488	1046	74123
3141000	192	-13451	1063	74330
3151000	198	-13407	1100	74569
3161000	186	-13362	1042	74827
3171000	195	-13324	1098	75038
3181000	193	-13283	1092	75270
3191000	194	-13245	1104	75484
3201000	187	-13194	1074	75776
3211000	192	-13156	1107	75994
3221000	179	-13111	1043	76258
3231000	191	-13074	1116	76474
3241000	183	-13030	1079	76730
3251000	180	-12984	1067	77001
3261000	184	-12955	1094	77175
3271000	189	-12907	1136	77462
3281000	184	-12872	1108	77672
3291000	179	-12828	1087	77940
3301000	182	-12789	1115	78176
3311000	173	-12744	1064	78456
3321000	175	-12703	1085	78708
3331000	178	-12671	1110	78903
3341000	172	-12629	1077	79169
3351000	169	-12593	1064	79394
3361000	169	-12553	1069	79648
3371000	176	-12528	1118	79807
3381000	178	-12488	1142	80059
3391000	173	-12442	1120	80359
3401000	177	-12410	1151	80565
3411000	167	-12365	1095	80861
3421000	178	-12337	1169	81043
3431000	180	-12299	1191	81289
3441000	166	-12258	1104	81563
3451000	182	-12216	1220	81842
3461000	175	-12180	1182	82083
3471000	181	-12152	1223	82270
3481000	179	-12129	1214	82428
3491000	174	-12080	1194	82762
3501000	176	-12044	1211	83014
3511000	170	-12004	1179	83291
3521000	175	-11973	1221	83506
3531000	169	-11939	1187	83740
3541000	169	-11901	1195	84009
3551000	158	-11876	1123	84186
3561000	168	-11837	1201	84463
3571000	163	-11805	1169	84694
3581000	161	-11771	1160	84936
3591000	160	-11733	1163	85214
3601000	164	-11704	1201	85427
3611000	167	-11678	1222	85612
3621000	158	-11632	1167	85951
3631000	164	-11611	1213	86108
3641000	164	-11573	1225	86389
3651000	159	-11542	1192	86623
3661000	159	-11504	1199	86908
3671000	162	-11475	1231	87130
3681000	162	-11446	1236	87351
3691000	161	-11411	1236	87617
3701000	158	-11379	1220	87863
3711000	154	-11349	1197	88094
3721000	159	-11321	1239	88312
3731000	157	-11278	1235	88648
3741000	158	-11251	1245	88863
3751000	168	-11219	1334	89113
3761000	162	-11192	1292	89327
3771000	159	-11151	1282	89657
3781000	161	-11130	1302	89832
3791000	159	-11095	1288	90110
3801000	161	-11074	1310	90280
3811000	160	-11046	1310	90508
3821000	154	-11014	1270	90777
3831000	150	-10984	1244	91025
3841000	160	-10955	1332	91265
3851000	148	-10917	1240	91588
3861000	152	-10897	1278	91753
3871000	149	-10871	1260	91971
3881000	154	-10842	1311	92218
3891000	147	-10803	1263	92552
3901000	145	-10777	1250	92771
3911000	141	-10747	1219	93034
3921000	146	-10731	1269	93166
3931000	145	-10704	1266	93409
3941000	147	-10671	1291	93698
3951000	143	-10645	1258	93928
3961000	147	-10611	1303	94223
3971000	143	-10586	1280	94445
3981000	146	-10552	1314	94755
3991000	144	-10531	1297	94942
4001000	149	-10507	1346	95157
4011000	143	-10474	1304	95454
4021000	139	-10439	1275	95780
4031000	142	-10424	1303	95913
4041000	135	-10397	1247	96167
4051000	137	-10373	1277	96389
4061000	136	-10347	1273	96630
4071000	143	-10334	1338	96752
4081000	136	-10303	1284	97042
4091000	132	-10267	1248	97380
4101000	142	-10259	1349	97455
4111000	134	-10212	1285	97909
4121000	138	-10196	1331	98059
4131000	136	-10163	1321	98374
4141000	142	-10148	1382	98523
4151000	136	-10114	1327	98859
4161000	136	-10080	1340	99183
4171000	141	-10067	1388	99315
4181000	140	-10028	1392	99700
4191000	139	-10014	1390	99844
4201000	136	-9984	1362	100140
4211000	140	-9965	1413	100334
4221000	136	-9938	1373	100607
4231000	133	-9914	1353	100849
4241000	134	-9895	1372	101046
4251000	136	-9864	1400	101356
4261000	132	-9844	1359	101571
4271000	125	-9813	1303	101890
4281000	132	-9809	1374	101932
4291000	127	-9772	1325	102314
4301000	126	-9747	1321	102574
4311000	123	-9728	1305	102780
4321000	128	-9707	1360	102998
4331000	118	-9677	1262	103327
4341000	126	-9652	1350	103587
4351000	131	-9628	1410	103839
4361000	137	-9597	1486	104182
4371000	132	-9583	1439	104326
4381000	132	-9562	1440	104562
4391000	134	-9543	1466	104771
4401000	125	-9519	1376	105037
4411000	122	-9497	1353	105276
4421000	123	-9475	1371	105520
4431000	127	-9456	1418	105731
4441000	127	-9437	1429	105944
4451000	126	-9411	1422	106238
4461000	118	-9383	1335	106559
4471000	129	-9369	1467	106716
4481000	117	-9344	1341	107007
4491000	118	-9319	1361	107287
4501000	124	-9302	1430	107486
4511000	137	-9288	1591	107638
4521000	126	-9264	1467	107924
4531000	122	-9236	1429	108249
4541000	123	-9215	1449	108502
4551000	126	-9193	1494	108763
4561000	114	-9171	1359	109024
4571000	114	-9150	1364	109268
4581000	107	-9131	1284	109497
4591000	112	-9115	1343	109691
4601000	123	-9100	1484	109866
4611000	112	-9072	1360	110215
4621000	111	-9046	1354	110530
4631000	114	-9026	1402	110776
4641000	114	-9014	1404	110918
4651000	109	-8989	1353	111228
4661000	112	-8973	1385	111426
4671000	111	-8948	1387	111744
4681000	111	-8937	1391	111875
4691000	122	-8912	1533	112193
4701000	115	-8890	1456	112469
4711000	115	-8863	1462	112809
4721000	117	-8854	1496	112923
4731000	118	-8835	1518	113171
4741000	108	-8816	1394	113414
4751000	110	-8801	1417	113609
4761000	109	-8771	1411	113991
4771000	110	-8764	1438	114085
4781000	110	-8745	1434	114339
4791000	108	-8719	1414	114679
4801000	108	-8693	1423	115011
4811000	107	-8677	1420	115231
4821000	113	-8665	1508	115392
4831000	109	-8634	1457	115796
4841000	110	-8621	1483	115981
4851000	109	-8598	1470	116285
4861000	119	-8582	1617	116498
4871000	113	-8561	1544	116786
4881000	112	-8545	1536	117002
4891000	107	-8520	1477	117355
4901000	101	-8513	1387	117457
4911000	100	-8500	1383	117632
4921000	95	-8482	1316	117883
4931000	106	-8456	1488	118244
4941000	106	-8440	1487	118461
4951000	107	-8419	1515	118765
4961000	100	-8407	1417	118932
4971000	101	-8392	1435	119138
4981000	101	-8369	1448	119466
4991000	97	-8348	1396	119766
5001000	102	-8336	1464	119937
5011000	108	-8321	1563	120154
5021000	96	-8296	1391	120524
5031000	104	-8277	1519	120796
5041000	110	-8277	1609	120791
5051000	111	-8253	1634	121145
5061000	107	-8235	1579	121415
5071000	101	-8214	1503	121718
5081000	100	-8195	1489	122005
5091000	97	-8177	1452	122280
5101000	101	-8167	1513	122430
5111000	107	-8154	1605	122620
5121000	108	-8131	1630	122958
5131000	100	-8113	1515	123246
5141000	108	-8100	1649	123440
5151000	104	-8082	1599	123712
5161000	101	-8068	1557	123921
5171000	99	-8046	1528	124260
5181000	109	-8025	1686	124586
5191000	101	-8006	1577	124892
5201000	101	-7990	1587	125130
5211000	98	-7979	1545	125302
5221000	103	-7966	1619	125511
5231000	96	-7945	1515	125845
5241000	93	-7934	1480	126016
5251000	100	-7923	1599	126198
5261000	103	-7909	1639	126417
5271000	106	-7893	1694	126666
5281000	99	-7869	1592	127058
5291000	96	-7854	1550	127310
5301000	92	-7840	1499	127531
5311000	91	-7824	1483	127793
5321000	89	-7808	1462	128062
5331000	100	-7792	1644	128312
5341000	97	-7769	1603	128698
5351000	95	-7758	1571	128879
5361000	100	-7740	1663	129174
5371000	94	-7726	1567	129410
5381000	97	-7719	1620	129523
5391000	106	-7704	1779	129786
5401000	90	-7687	1524	130076
5411000	85	-7671	1439	130337
5421000	86	-7654	1467	130628
5431000	92	-7641	1571	130862
5441000	90	-7623	1551	131166
5451000	91	-7606	1568	131465
5461000	90	-7593	1565	131676
5471000	96	-7579	1674	131928
5481000	99	-7565	1734	132168
5491000	96	-7557	1683	132311
5501000	104	-7545	1822	132516
5511000	103	-7526	1811	132848
5521000	93	-7503	1654	133263
5531000	97	-7491	1725	133464
5541000	90	-7476	1614	133751
5551000	98	-7461	1759	134011
5561000	91	-7457	1642	134085
5571000	92	-7428	1670	134613
5581000	88	-7417	1595	134812
5591000	96	-7401	1747	135091
5601000	91	-7397	1654	135167
5611000	92	-7382	1693	135449
5621000	89	-7374	1629	135588
5631000	93	-7360	1708	135852
5641000	88	-7339	1641	136244
5651000	91	-7324	1702	136524
5661000	91	-7301	1711	136937
5671000	95	-7291	1784	137128
5681000	110	-7280	2080	137325
5691000	85	-7271	1610	137513
5701000	92	-7251	1743	137887
5711000	92	-7237	1756	138156
5721000	87	-7228	1662	138334
5731000	80	-7210	1541	138678
5741000	85	-7202	1647	138821
5751000	87	-7189	1674	139090
5761000	97	-7178	1880	139297
5771000	89	-7160	1733	139638
5781000	87	-7150	1705	139847
5791000	87	-7136	1705	140105
5801000	91	-7122	1791	140379
5811000	93	-7126	1826	140316
5821000	96	-7083	1905	141161
5831000	85	-7069	1695	141438
5841000	88	-7067	1760	141480
5851000	82	-7058	1646	141658
5861000	81	-7046	1631	141904
5871000	82	-7040	1662	142024
5881000	82	-7028	1650	142271
5891000	85	-7020	1733	142433
5901000	77	-6992	1585	143010
5911000	89	-6979	1822	143263
5921000	80	-6966	1652	143528
5931000	73	-6954	1514	143794
5941000	82	-6943	1697	144002
5951000	90	-6943	1872	144001
5961000	93	-6921	1951	144454
5971000	83	-6901	1736	144889
5981000	90	-6891	1890	145096
5991000	98	-6880	2078	145324
6001000	91	-6877	1927	145391
6011000	87	-6862	1852	145700
6021000	90	-6851	1912	145942
6031000	85	-6835	1824	146285
6041000	80	-6821	1722	146576
6051000	77	-6812	1654	146779
6061000	76	-6797	1651	147113
6071000	76	-6790	1655	147263
6081000	82	-6778	1787	147516
6091000	85	-6766	1858	147770
6101000	80	-6751	1745	148100
6111000	76	-6734	1675	148477
6121000	89	-6723	1962	148718
6131000	84	-6706	1863	149100
6141000	87	-6707	1934	149071
6151000	80	-6689	1777	149467
6161000	86	-6678	1918	149718
6171000	88	-6677	1966	149734
6181000	86	-6659	1932	150139
6191000	73	-6648	1660	150393
6201000	76	-6630	1734	150812
6211000	71	-6621	1627	151007
6221000	79	-6611	1816	151237
6231000	78	-6601	1782	151467
6241000	78	-6602	1794	151447
6251000	73	-6570	1697	152189
6261000	77	-6563	1791	152356
6271000	75	-6553	1749	152586
6281000	76	-6551	1771	152627
6291000	81	-6534	1887	153011
6301000	82	-6520	1938	153361
6311000	87	-6505	2067	153699
6321000	90	-6495	2130	153926
6331000	88	-6487	2097	154134
6341000	80	-6471	1914	154506
6351000	81	-6461	1949	154752
6361000	81	-6451	1935	154998
6371000	75	-6438	1808	155309
6381000	76	-6433	1837	155417
6391000	78	-6426	1893	155594
6401000	84	-6417	2029	155798
6411000	73	-6394	1794	156380
6421000	71	-6382	1746	156662
6431000	69	-6373	1688	156892
6441000	76	-6365	1881	157088
6451000	76	-6345	1883	157589
6461000	76	-6338	1880	157755
6471000	81	-6328	2017	158004
6481000	85	-6322	2136	158139
6491000	87	-6308	2197	158499
6501000	70	-6301	1775	158694
6511000	82	-6282	2086	159154
6521000	76	-6273	1929	159394
6531000	75	-6260	1925	159720
6541000	78	-6254	1990	159884
6551000	78	-6246	2005	160071
6561000	81	-6239	2071	160262
6571000	75	-6226	1942	160604
6581000	71	-6219	1835	160769
6591000	71	-6209	1849	161040
6601000	70	-6197	1827	161351
6611000	71	-6189	1843	161557
6621000	67	-6175	1768	161920
6631000	73	-6166	1919	162148
6641000	70	-6163	1851	162246
6651000	83	-6145	2206	162714
6661000	78	-6127	2077	163186
6671000	75	-6124	2003	163269
6681000	76	-6115	2024	163501
6691000	74	-6109	1979	163681
6701000	69	-6096	1845	164022
6711000	71	-6092	1916	164136
6721000	80	-6087	2147	164261
6731000	69	-6070	1861	164730
6741000	80	-6071	2160	164678
6751000	70	-6047	1913	165363
6761000	70	-6033	1917	165722
6771000	74	-6028	2046	165859
6781000	72	-6019	1987	166119
6791000	76	-6007	2092	166436
6801000	78	-5998	2168	166685
6811000	79	-5987	2206	166994
6821000	80	-5980	2245	167204
6831000	85	-5970	2377	167464
6841000	83	-5954	2342	167924
6851000	74	-5941	2086	168287
6861000	70	-5939	1979	168367
6871000	66	-5925	1882	168757
6881000	65	-5914	1863	169064
6891000	70	-5908	2008	169236
6901000	75	-5902	2155	169413
6911000	71	-5896	2040	169583
6921000	74	-5890	2142	169750
6931000	72	-5872	2099	170268
6941000	63	-5862	1837	170579
6951000	66	-5855	1911	170774
6961000	67	-5849	1968	170938
6971000	65	-5835	1904	171354
6981000	67	-5826	1961	171631
6991000	62	-5825	1836	171666
7001000	75	-5810	2214	172094
7011000	78	-5797	2332	172463
7021000	75	-5789	2248	172714
7031000	78	-5777	2334	173067
7041000	78	-5770	2348	173286
7051000	73	-5761	2191	173548
7061000	69	-5756	2067	173710
7071000	67	-5748	2024	173947
7081000	69	-5736	2100	174306
7091000	68	-5733	2069	174390
7101000	71	-5726	2175	174615
7111000	74	-5718	2255	174858
7121000	67	-5703	2056	175329
7131000	65	-5689	2002	175755
7141000	64	-5683	1976	175936
7151000	65	-5673	2018	176235
7161000	61	-5664	1907	176540
7171000	69	-5652	2169	176908
7181000	67	-5643	2089	177174
7191000	69	-5637	2174	177383
7201000	72	-5633	2255	177488
7211000	72	-5626	2275	177706
7221000	69	-5620	2177	177899
7231000	66	-5604	2097	178418
7241000	63	-5604	1995	178423
7251000	65	-5594	2069	178741
7261000	61	-5580	1950	179184
7271000	61	-5568	1981	179561
7281000	61	-5563	1970	179728
7291000	63	-5557	2034	179933
7301000	65	-5554	2098	180014
7311000	64	-5543	2093	180393
7321000	64	-5542	2092	180411
7331000	70	-5524	2304	180987
7341000	57	-5512	1873	181417
7351000	68	-5502	2237	181724
7361000	74	-5484	2470	182310
7371000	67	-5481	2235	182413
7381000	64	-5475	2145	182637
7391000	63	-5471	2096	182768
7401000	64	-5469	2133	182811
7411000	68	-5459	2274	183151
7421000	69	-5456	2307	183260
7431000	66	-5448	2230	183518
7441000	58	-5435	1975	183959
7451000	65	-5426	2214	184260
7461000	62	-5415	2100	184648
7471000	62	-5408	2120	184892
7481000	62	-5395	2145	185336
7491000	65	-5391	2225	185482
7501000	63	-5386	2187	185626
7511000	69	-5377	2369	185962
7521000	71	-5370	2475	186179
7531000	72	-5359	2508	186554
7541000	67	-5347	2350	186988
7551000	63	-5336	2214	187396
7561000	64	-5329	2253	187643
7571000	65	-5327	2304	187700
7581000	66	-5316	2329	188085
7591000	63	-5318	2237	188023
7601000	61	-5310	2177	188312
7611000	61	-5299	2168	188697
7621000	65	-5294	2302	188879
7631000	69	-5287	2480	189112
7641000	67	-5279	2403	189400
7651000	66	-5270	2374	189717
7661000	66	-5261	2366	190037
7671000	62	-5251	2262	190404
7681000	62	-5244	2239	190664
7691000	59	-5235	2157	190996
7701000	53	-5227	1956	191312
7711000	50	-5215	1841	191741
7721000	63	-5201	2321	192240
7731000	69	-5198	2551	192344
7741000	59	-5194	2192	192496
7751000	70	-5188	2594	192708
7761000	67	-5179	2480	193070
7771000	64	-5171	2395	193359
7781000	63	-5154	2361	193987
7791000	60	-5155	2241	193961
7801000	59	-5152	2227	194080
7811000	62	-5143	2348	194397
7821000	63	-5141	2397	194498
7831000	65	-5134	2470	194751
7841000	64	-5125	2430	195100
7851000	65	-5120	2483	195283
7861000	68	-5115	2617	195476
7871000	64	-5106	2468	195813
7881000	65	-5098	2482	196120
7891000	63	-5085	2443	196607
7901000	62	-5077	2403	196923
7911000	56	-5069	2198	197238
7921000	65	-5060	2551	197596
7931000	64	-5052	2525	197897
7941000	60	-5047	2352	198106
7951000	63	-5037	2485	198518
7961000	61	-5036	2412	198558
7971000	63	-5028	2483	198874
7981000	55	-5020	2164	199162
7991000	60	-5011	2407	199532
8001000	59	-5011	2337	199524
8011000	57	-4999	2261	199997
8021000	54	-4992	2183	200284
8031000	57	-4981	2296	200751
8041000	57	-4976	2307	200918
8051000	59	-4970	2397	201186
8061000	58	-4962	2354	201510
8071000	56	-4957	2272	201696
8081000	53	-4946	2172	202164
8091000	55	-4942	2254	202309
8101000	59	-4934	2412	202667
8111000	68	-4922	2822	203127
8121000	68	-4926	2801	202980
8131000	66	-4916	2723	203393
8141000	65	-4907	2717	203737
8151000	60	-4898	2511	204143
8161000	57	-4892	2366	204395
8171000	57	-4887	2389	204604
8181000	56	-4881	2346	204838
8191000	52	-4874	2172	205135
8201000	52	-4866	2197	205471
8211000	51	-4861	2158	205702
8221000	54	-4857	2276	205867
8231000	55	-4851	2355	206122
8241000	61	-4844	2612	206421
8251000	65	-4840	2757	206592
8261000	63	-4830	2696	207016
8271000	61	-4819	2623	207460
8281000	55	-4808	2383	207955
8291000	56	-4804	2421	208121
8301000	60	-4795	2613	208516
8311000	65	-4788	2839	208833
8321000	66	-4784	2878	208988
8331000	68	-4778	2972	209258
8341000	67	-4771	2933	209559
8351000	62	-4766	2719	209770
8361000	62	-4762	2744	209980
8371000	59	-4758	2592	210128
8381000	65	-4758	2871	210135
8391000	66	-4747	2937	210607
8401000	68	-4742	3004	210821
8411000	63	-4730	2811	211392
8421000	61	-4723	2716	211673
8431000	60	-4715	2707	212039
8441000	61	-4707	2735	212408
8451000	59	-4701	2656	212693
8461000	54	-4697	2454	212855
8471000	54	-4690	2439	213187
8481000	55	-4682	2508	213570
8491000	57	-4678	2614	213713
8501000	61	-4671	2804	214059
8511000	66	-4664	3054	214348
8521000	70	-4649	3221	215072
8531000	70	-4647	3233	215143
8541000	67	-4638	3126	215555
8551000	60	-4629	2794	215996
8561000	61	-4625	2850	216160
8571000	59	-4619	2748	216442
8581000	58	-4619	2703	216486
8591000	60	-4612	2829	216801
8601000	59	-4609	2799	216917
8611000	61	-4609	2857	216941
8621000	58	-4596	2765	217562
8631000	59	-4591	2793	217780
8641000	60	-4584	2866	218098
8651000	62	-4578	2947	218411
8661000	61	-4572	2941	218673
8671000	64	-4567	3074	218905
8681000	63	-4562	3016	219146
8691000	63	-4552	3023	219622
8701000	61	-4533	2970	220556
8711000	61	-4535	2981	220449
8721000	66	-4522	3226	221091
8731000	60	-4523	2947	221059
8741000	63	-4510	3111	221701
8751000	58	-4507	2855	221831
8761000	56	-4502	2739	222110
8771000	53	-4496	2640	222398
8781000	52	-4494	2557	222487
8791000	56	-4491	2764	222613
8801000	52	-4486	2563	222890
8811000	60	-4480	2978	223164
8821000	63	-4476	3135	223390
8831000	61	-4467	3045	223824
8841000	58	-4461	2899	224120
8851000	56	-4449	2835	224712
8861000	56	-4442	2856	225106
8871000	52	-4441	2644	225141
8881000	53	-4438	2670	225292
8891000	49	-4435	2490	225447
8901000	49	-4429	2501	225772
8911000	49	-4419	2521	226263
8921000	52	-4412	2654	226632
8931000	54	-4417	2754	226349
8941000	56	-4407	2902	226875
8951000	59	-4396	3043	227454
8961000	62	-4388	3215	227825
8971000	61	-4387	3182	227920
8981000	62	-4383	3210	228094
8991000	58	-4378	3030	228370
9001000	58	-4371	3025	228752
9011000	50	-4366	2632	229003
9021000	50	-4362	2628	229230
9031000	47	-4360	2479	229350
9041000	50	-4353	2660	229698
9051000	48	-4349	2529	229904
9061000	48	-4339	2564	230425
9071000	50	-4333	2651	230751
9081000	53	-4323	2860	231281
9091000	53	-4322	2811	231314
9101000	55	-4317	2935	231592
9111000	56	-4312	3005	231876
9121000	58	-4306	3101	232181
9131000	58	-4300	3111	232501
9141000	59	-4295	3192	232762
9151000	56	-4285	3061	233307
9161000	54	-4274	2970	233923
9171000	52	-4260	2874	234683
9181000	53	-4260	2910	234704
9191000	50	-4255	2751	234994
9201000	53	-4252	2914	235131
9211000	51	-4255	2826	235010
9221000	52	-4255	2846	234963
9231000	53	-4246	2960	235503
9241000	44	-4239	2467	235894
9251000	46	-4239	2554	235864
9261000	47	-4225	2628	236659
9271000	50	-4220	2803	236931
9281000	43	-4226	2403	236634
9291000	55	-4214	3079	237267
9301000	58	-4208	3301	237585
9311000	53	-4200	3027	238062
9321000	55	-4194	3143	238409
9331000	49	-4194	2792	238392
9341000	49	-4187	2802	238775
9351000	48	-4177	2766	239372
9361000	49	-4174	2805	239536
9371000	50	-4164	2896	240129
9381000	56	-4155	3253	240653
9391000	55	-4146	3178	241132
9401000	54	-4136	3178	241726
9411000	60	-4132	3527	241966
9421000	55	-4128	3231	242215
9431000	56	-4128	3298	242216
9441000	46	-4136	2683	241778
9451000	57	-4126	3338	242339
9461000	57	-4120	3339	242648
9471000	55	-4115	3267	242953
9481000	52	-4111	3060	243214
9491000	53	-4106	3140	243499
9501000	49	-4097	2917	244030
9511000	52	-4090	3121	244432
9521000	49	-4085	2931	244787
9531000	53	-4080	3204	245039
9541000	52	-4074	3158	245424
9551000	51	-4073	3054	245461
9561000	52	-4068	3124	245773
9571000	54	-4062	3243	246148
9581000	52	-4056	3132	246487
9591000	55	-4047	3388	247047
9601000	69	-4037	4241	247656
9611000	71	-4031	4370	247996
9621000	56	-4029	3462	248182
9631000	59	-4026	3657	248318
9641000	60	-4024	3680	248458
9651000	62	-4015	3824	248993
9661000	57	-4021	3544	248625
9671000	58	-4006	3622	249595
9681000	56	-4003	3464	249771
9691000	54	-3996	3354	250233
9701000	52	-3993	3289	250416
9711000	55	-3987	3461	250758
9721000	56	-3984	3535	250953
9731000	54	-3977	3382	251387
9741000	54	-3975	3407	251504
9751000	52	-3973	3279	251657
9761000	51	-3965	3244	252165
9771000	47	-3964	3011	252240
9781000	50	-3958	3203	252611
9791000	52	-3956	3305	252712
9801000	51	-3953	3270	252944
9811000	54	-3949	3457	253162
9821000	53	-3946	3430	253388
9831000	56	-3939	3632	253850
9841000	57	-3929	3680	254477
9851000	57	-3913	3709	255507
9861000	54	-3919	3529	255088
9871000	56	-3900	3711	256384
9881000	53	-3895	3482	256671
9891000	53	-3892	3475	256901
9901000	51	-3894	3344	256747
9911000	53	-3896	3499	256595
9921000	36	-3895	2343	256723
9931000	44	-3879	2924	257751
9941000	49	-3886	3250	257324
9951000	51	-3884	3411	257453
9961000	49	-3877	3230	257880
9971000	48	-3873	3182	258130
9981000	52	-3868	3450	258515
9991000	50	-3861	3350	258943
10001000	50	-3853	3379	259501
10011000	57	-3852	3807	259520
10021000	56	-3847	3779	259898
10031000	58	-3843	3958	260132
10041000	56	-3840	3818	260383
10051000	54	-3828	3670	261163
10061000	48	-3821	3270	261650
10071000	57	-3807	3918	262626
10081000	51	-3810	3520	262430
10091000	55	-3806	3774	262719
10101000	55	-3799	3836	263180
10111000	53	-3794	3714	263536
10121000	52	-3789	3607	263882
10131000	48	-3782	3355	264350
10141000	48	-3780	3335	264487
10151000	45	-3777	3164	264737
10161000	45	-3776	3181	264768
10171000	47	-3774	3276	264936
10181000	51	-3768	3569	265350
10191000	53	-3769	3735	265282
10201000	49	-3758	3476	266051
10211000	61	-3753	4346	266366
10221000	62	-3756	4364	266171
10231000	54	-3748	3857	266760
10241000	48	-3741	3450	267258
10251000	51	-3743	3607	267103
10261000	48	-3723	3465	268572
10271000	47	-3726	3393	268307
10281000	43	-3725	3129	268399
10291000	41	-3720	2982	268755
10301000	40	-3720	2907	268775
10311000	45	-3719	3218	268860
10321000	49	-3709	3542	269598
10331000	51	-3705	3690	269847
10341000	55	-3696	4041	270508
10351000	57	-3686	4206	271216
10361000	57	-3687	4191	271191
10371000	53	-3692	3891	270787
10381000	56	-3687	4148	271123
10391000	56	-3667	4164	272602
10401000	53	-3683	3901	271455
10411000	50	-3663	3732	272921
10421000	60	-3667	4455	272652
10431000	50	-3661	3709	273131
10441000	52	-3660	3917	273165
10451000	51	-3657	3838	273369
10461000	49	-3652	3708	273765
10471000	54	-3645	4073	274275
10481000	44	-3636	3293	274957
10491000	47	-3632	3579	275248
10501000	50	-3629	3802	275473
10511000	55	-3618	4187	276295
10521000	57	-3613	4370	276711
10531000	49	-3611	3780	276869
10541000	47	-3610	3642	276961
10551000	51	-3599	3921	277772
10561000	48	-3598	3740	277882
10571000	50	-3594	3897	278179
10581000	52	-3587	4068	278745
10591000	57	-3580	4473	279286
10601000	57	-3580	4481	279242
10611000	69	-3574	5420	279731
10621000	62	-3571	4883	279915
10631000	64	-3575	5025	279607
10641000	64	-3572	4987	279895
10651000	58	-3560	4562	280844
10661000	58	-3563	4531	280624
10671000	51	-3553	4019	281378
10681000	48	-3547	3827	281837
10691000	44	-3541	3544	282379
10701000	46	-3539	3687	282521
10711000	52	-3533	4127	282967
10721000	43	-3525	3422	283658
10731000	49	-3527	3939	283484
10741000	49	-3522	3947	283910
10751000	49	-3516	3925	284373
10761000	50	-3515	4031	284465
10771000	50	-3510	4043	284807
10781000	48	-3507	3917	285057
10791000	43	-3504	3489	285375
10801000	39	-3496	3230	286002
10811000	41	-3497	3339	285910
10821000	41	-3492	3334	286351
10831000	40	-3492	3271	286330
10841000	44	-3487	3621	286739
10851000	53	-3479	4391	287366
10861000	54	-3474	4439	287748
10871000	55	-3476	4583	287645
10881000	56	-3472	4614	287982
10891000	57	-3467	4710	288331
10901000	54	-3459	4543	288992
10911000	47	-3462	3896	288810
10921000	45	-3455	3729	289397
10931000	43	-3447	3597	290075
10941000	49	-3439	4161	290698
10951000	43	-3450	3584	289844
10961000	45	-3437	3823	290936
10971000	44	-3437	3701	290943
10981000	42	-3429	3592	291550
10991000	37	-3423	3173	292076
11001000	39	-3424	3341	292059
11011000	35	-3419	3010	292449
11021000	40	-3415	3394	292748
11031000	37	-3404	3168	293757
11041000	35	-3401	3033	293977
11051000	45	-3399	3871	294134
11061000	45	-3396	3903	294398
11071000	45	-3393	3932	294679
11081000	53	-3390	4604	294913
11091000	50	-3388	4331	295117
11101000	51	-3383	4443	295492
11111000	54	-3377	4743	296063
11121000	53	-3379	4664	295914
11131000	55	-3365	4865	297126
11141000	52	-3360	4581	297538
11151000	52	-3353	4594	298207
11161000	55	-3340	4937	299305
11171000	46	-3352	4110	298278
11181000	48	-3348	4321	298605
11191000	42	-3341	3722	299301
11201000	50	-3341	4466	299284
11211000	44	-3336	3992	299673
11221000	43	-3334	3900	299882
11231000	43	-3333	3864	300009
11241000	44	-3330	3939	300270
11251000	42	-3324	3835	300819
11261000	43	-3322	3853	300966
11271000	42	-3312	3799	301888
11281000	42	-3309	3792	302182
11291000	49	-3298	4466	303107
11301000	43	-3302	3962	302802
11311000	53	-3293	4857	303553
11321000	52	-3293	4753	303555
11331000	46	-3295	4265	303431
11341000	50	-3294	4595	303487
11351000	50	-3293	4647	303582
11361000	49	-3289	4506	303978
11371000	52	-3291	4770	303817
11381000	52	-3289	4798	304005
11391000	50	-3275	4647	305227
11401000	43	-3272	4005	305576
11411000	46	-3259	4340	306816
11421000	41	-3260	3874	306675
11431000	49	-3251	4678	307570
11441000	51	-3247	4796	307927
11451000	55	-3241	5238	308459
11461000	49	-3240	4708	308616
11471000	51	-3237	4876	308816
11481000	54	-3232	5182	309272
11491000	51	-3227	4942	309814
11501000	53	-3217	5112	310757
11511000	47	-3222	4530	310303
11521000	41	-3225	3911	310011
11531000	48	-3214	4647	311083
11541000	46	-3215	4483	311003
11551000	45	-3215	4397	311009
11561000	48	-3214	4664	311112
11571000	49	-3209	4803	311512
11581000	55	-3215	5328	310980
11591000	54	-3206	5225	311819
11601000	52	-3197	5121	312662
11611000	46	-3193	4518	313085
11621000	54	-3194	5273	312971
11631000	40	-3182	3956	314232
11641000	49	-3184	4861	313982
11651000	39	-3172	3884	315187
11661000	43	-3166	4282	315780
11671000	45	-3169	4493	315493
11681000	41	-3160	4092	316398
11691000	41	-3161	4109	316312
11701000	44	-3152	4428	317211
11711000	47	-3149	4710	317516
11721000	44	-3147	4439	317679
11731000	50	-3142	5076	318167
11741000	40	-3135	4056	318928
11751000	55	-3131	5608	319256
11761000	55	-3139	5581	318428
11771000	53	-3133	5426	319089
11781000	52	-3131	5300	319312
11791000	49	-3118	4997	320608
11801000	48	-3125	4874	319948
11811000	48	-3117	4910	320701
11821000	46	-3116	4728	320813
11831000	44	-3107	4553	321763
11841000	45	-3113	4596	321166
11851000	49	-3110	5097	321424
11861000	44	-3110	4534	321517
11871000	47	-3107	4892	321738
11881000	47	-3102	4904	322299
11891000	47	-3101	4857	322450
11901000	53	-3094	5492	323101
11911000	43	-3087	4487	323839
11921000	46	-3086	4794	323948
11931000	47	-3084	4919	324215
11941000	42	-3077	4406	324954
11951000	46	-3074	4847	325208
11961000	50	-3074	5254	325277
11971000	38	-3066	4064	326124
11981000	46	-3061	4890	326569
11991000	46	-3066	4868	326074
12001000	43	-3058	4619	326988
12011000	40	-3052	4280	327626
12021000	42	-3039	4596	329035
12031000	43	-3039	4616	328989
12041000	42	-3035	4519	329459
12051000	42	-3030	4623	330020
12061000	43	-3023	4728	330758
12071000	42	-3024	4548	330606
12081000	46	-3012	5108	331880
12091000	44	-3019	4778	331195
12101000	45	-3014	4903	331710
12111000	46	-3014	5105	331685
12121000	47	-3013	5178	331782
12131000	44	-3010	4825	332182
12141000	46	-3012	5081	331981
12151000	47	-3007	5229	332441
12161000	46	-3005	5117	332667
12171000	36	-3001	4006	333201
12181000	46	-3002	5099	332980
12191000	43	-2999	4832	333385
12201000	49	-3004	5410	332845
12211000	40	-2986	4458	334828
12221000	47	-2984	5307	335084
12231000	37	-2979	4173	335598
12241000	45	-2972	5132	336407
12251000	38	-2968	4346	336922
12261000	42	-2964	4730	337271
12271000	41	-2960	4646	337740
12281000	42	-2950	4816	338890
12291000	41	-2960	4638	337770
12301000	44	-2959	5055	337821
12311000	44	-2945	5037	339437
12321000	48	-2943	5580	339716
12331000	51	-2936	5930	340485
12341000	46	-2933	5362	340856
12351000	44	-2936	5135	340486
12361000	44	-2927	5173	341586
12371000	43	-2916	5094	342809
12381000	45	-2917	5282	342774
12391000	46	-2916	5424	342873
12401000	40	-2911	4717	343483
12411000	45	-2907	5360	343924
12421000	47	-2910	5491	343531
12431000	48	-2908	5670	343769
12441000	48	-2907	5721	343895
12451000	48	-2904	5692	344305
12461000	48	-2903	5745	344385
12471000	50	-2902	5896	344450
12481000	49	-2900	5804	344709
12491000	50	-2898	5929	344984
12501000	50	-2892	5916	345642
12511000	39	-2879	4729	347282
12521000	48	-2882	5798	346842
12531000	42	-2870	5077	348312
12541000	47	-2875	5675	347750
12551000	47	-2873	5647	347974
12561000	45	-2864	5464	349049
12571000	46	-2866	5612	348864
12581000	43	-2864	5213	349085
12591000	43	-2860	5222	349532
12601000	43	-2859	5300	349663
12611000	42	-2856	5096	350009
12621000	45	-2854	5513	350274
12631000	40	-2851	4931	350634
12641000	37	-2850	4539	350879
12651000	38	-2845	4677	351452
12661000	37	-2843	4532	351703
12671000	45	-2832	5665	353036
12681000	38	-2833	4761	352933
12691000	42	-2832	5292	352971
12701000	49	-2812	6219	355469
12711000	46	-2826	5789	353711
12721000	50	-2815	6300	355066
12731000	50	-2812	6312	355514
12741000	51	-2810	6501	355809
12751000	53	-2808	6763	356046
12761000	55	-2805	6953	356343
12771000	53	-2804	6767	356468
12781000	55	-2802	6975	356770
12791000	51	-2798	6490	357300
12801000	53	-2796	6814	357503
12811000	49	-2794	6267	357860
12821000	48	-2792	6191	358096
12831000	43	-2787	5575	358748
12841000	43	-2782	5511	359313
12851000	38	-2780	4930	359684
12861000	38	-2776	4921	360123
12871000	37	-2774	4760	360440
12881000	33	-2769	4298	361147
12891000	36	-2767	4662	361371
12901000	39	-2764	5169	361755
12911000	38	-2762	5028	362032
12921000	33	-2753	4362	363127
12931000	41	-2757	5409	362611
12941000	41	-2753	5407	363102
12951000	37	-2750	4903	363533
12961000	40	-2743	5261	364532
12971000	41	-2744	5482	364349
12981000	40	-2742	5374	364641
12991000	39	-2740	5195	364866
13001000	37	-2733	4971	365794
13011000	37	-2727	4949	366590
13021000	37	-2729	4996	366428
13031000	41	-2721	5487	367372
13041000	39	-2721	5257	367471
13051000	44	-2711	5932	368779
13061000	43	-2711	5839	368843
13071000	44	-2708	6056	369160
13081000	47	-2714	6375	368319
13091000	48	-2702	6584	370032
13101000	47	-2701	6420	370093
13111000	50	-2702	6846	369997
13121000	49	-2700	6676	370288
13131000	51	-2702	6962	369983
13141000	48	-2696	6637	370757
13151000	50	-2696	6812	370809
13161000	40	-2698	5503	370584
13171000	41	-2687	5647	372091
13181000	41	-2690	5666	371716
13191000	42	-2687	5861	372086
13201000	42	-2686	5860	372230
13211000	40	-2680	5498	373026
13221000	43	-2677	6063	373416
13231000	35	-2672	4906	374168
13241000	42	-2671	5835	374302
13251000	41	-2667	5772	374799
13261000	47	-2662	6595	375596
13271000	39	-2661	5533	375743
13281000	37	-2656	5289	376428
13291000	37	-2650	5206	377228
13301000	37	-2649	5267	377437
13311000	37	-2645	5217	377972
13321000	41	-2638	5836	378946
13331000	36	-2638	5124	379014
13341000	34	-2637	4887	379128
13351000	34	-2637	4889	379103
13361000	26	-2636	3682	379257
13371000	33	-2636	4783	379305
13381000	33	-2624	4725	380990
13391000	34	-2620	4919	381666
13401000	40	-2622	5831	381277
13411000	40	-2617	5785	382096
13421000	42	-2615	6115	382352
13431000	46	-2614	6751	382432
13441000	47	-2607	6943	383468
13451000	50	-2602	7426	384204
13461000	51	-2599	7585	384616
13471000	51	-2597	7590	384853
13481000	51	-2598	7493	384804
13491000	53	-2590	7910	385907
13501000	52	-2594	7712	385410
13511000	45	-2584	6777	386842
13521000	49	-2586	7282	386526
13531000	49	-2587	7339	386367
13541000	45	-2581	6712	387316
13551000	40	-2568	6019	389354
13561000	39	-2574	5855	388487
13571000	39	-2575	5931	388333
13581000	30	-2569	4563	389142
13591000	32	-2570	4872	388977
13601000	34	-2566	5181	389589
13611000	34	-2562	5157	390187
13621000	34	-2562	5153	390306
13631000	33	-2559	5021	390694
13641000	30	-2558	4643	390815
13651000	34	-2555	5253	391251
13661000	35	-2549	5326	392276
13671000	38	-2551	5900	391853
13681000	36	-2540	5575	393655
13691000	38	-2540	5843	393657
13701000	36	-2538	5617	394004
13711000	34	-2530	5233	395118
13721000	33	-2531	5156	395070
13731000	35	-2526	5443	395847
13741000	36	-2525	5619	395883
13751000	37	-2521	5892	396531
13761000	35	-2522	5479	396489
13771000	36	-2516	5691	397312
13781000	40	-2512	6356	397997
13791000	42	-2511	6690	398186
13801000	44	-2508	6944	398575
13811000	45	-2506	7193	398984
13821000	47	-2501	7551	399636
13831000	41	-2494	6641	400820
13841000	52	-2508	8230	398606
13851000	50	-2491	8071	401312
13861000	50	-2491	8091	401280
13871000	54	-2490	8625	401356
13881000	54	-2489	8666	401581
13891000	53	-2491	8473	401326
13901000	52	-2491	8384	401333
13911000	54	-2484	8684	402364
13921000	50	-2485	8105	402321
13931000	48	-2483	7757	402509
13941000	49	-2482	7923	402704
13951000	46	-2479	7507	403230
13961000	39	-2476	6419	403856
13971000	38	-2465	6261	405582
13981000	41	-2472	6786	404456
13991000	38	-2460	6281	406429
14001000	39	-2466	6373	405485
14011000	42	-2464	6898	405729
14021000	40	-2457	6703	406923
14031000	40	-2453	6591	407542
14041000	36	-2454	6058	407459
14051000	36	-2454	5942	407460
14061000	43	-2445	7162	408918
14071000	41	-2444	6815	409117
14081000	42	-2441	7060	409515
14091000	42	-2437	7119	410139
14101000	40	-2436	6820	410314
14111000	41	-2429	6926	411533
14121000	41	-2430	6948	411382
14131000	39	-2425	6596	412184
14141000	36	-2424	6089	412495
14151000	38	-2423	6452	412541
14161000	36	-2421	6196	412945
14171000	44	-2413	7631	414278
14181000	38	-2419	6436	413281
14191000	40	-2413	6798	414375
14201000	36	-2417	6113	413646
14211000	43	-2406	7483	415427
14221000	50	-2405	8688	415617
14231000	44	-2401	7640	416274
14241000	53	-2396	9224	417188
14251000	51	-2393	8829	417763
14261000	55	-2382	9665	419673
14271000	54	-2385	9466	419036
14281000	55	-2385	9662	419122
14291000	58	-2377	10242	420468
14301000	50	-2378	8859	420254
14311000	59	-2389	10314	418364
14321000	58	-2382	10206	419507
14331000	54	-2372	9522	421325
14341000	53	-2366	9394	422457
14351000	50	-2365	9019	422623
14361000	48	-2362	8624	423222
14371000	42	-2367	7520	422338
14381000	47	-2358	8432	423894
14391000	37	-2356	6702	424274
14401000	39	-2353	6960	424812
14411000	38	-2349	6882	425520
14421000	34	-2349	6099	425606
14431000	38	-2346	6848	426152
14441000	37	-2346	6721	426153
14451000	37	-2342	6659	426840
14461000	35	-2340	6314	427290
14471000	39	-2339	7080	427438
14481000	38	-2335	7022	428177
14491000	40	-2333	7389	428538
14501000	38	-2329	6993	429320
14511000	48	-2330	8923	428917
14521000	46	-2325	8449	429885
14531000	47	-2325	8700	429945
14541000	42	-2318	7824	431193
14551000	42	-2313	7886	432221
14561000	45	-2317	8376	431424
14571000	45	-2317	8304	431386
14581000	58	-2317	10875	431398
14591000	51	-2310	9622	432701
14601000	45	-2309	8476	432947
14611000	44	-2306	8292	433401
14621000	46	-2305	8684	433736
14631000	52	-2296	9919	435249
14641000	44	-2302	8322	434183
14651000	47	-2290	8996	436441
14661000	54	-2285	10290	437436
14671000	39	-2291	7372	436350
14681000	52	-2279	10054	438649
14691000	49	-2279	9371	438611
14701000	50	-2275	9717	439405
14711000	53	-2269	10308	440485
14721000	54	-2270	10545	440257
14731000	51	-2267	10001	440973
14741000	53	-2268	10331	440617
14751000	57	-2267	11064	440784
14761000	55	-2262	10786	441730
14771000	55	-2262	10663	441795
14781000	56	-2259	10936	442327
14791000	53	-2259	10368	442496
14801000	55	-2257	10884	442836
14811000	55	-2257	10860	442875
14821000	53	-2252	10431	443764
14831000	52	-2245	10321	445214
14841000	47	-2240	9426	446145
14851000	51	-2244	10030	445344
14861000	46	-2242	9149	445917
14871000	45	-2238	8933	446567
14881000	46	-2237	9193	446744
14891000	42	-2234	8365	447562
14901000	43	-2230	8587	448280
14911000	38	-2230	7552	448322
14921000	42	-2223	8589	449580
14931000	46	-2224	9348	449527
14941000	47	-2222	9516	449871
14951000	45	-2220	9146	450322
14961000	41	-2221	8394	450138
14971000	50	-2212	10225	451868
14981000	42	-2217	8459	450811
14991000	43	-2214	8718	451478
15001000	38	-2213	7773	451834
15011000	39	-2215	7909	451338
15021000	38	-2209	7715	452637
15031000	37	-2207	7687	452954
15041000	40	-2201	8263	454158
15051000	28	-2200	5689	454394
15061000	31	-2200	6307	454367
15071000	34	-2193	7094	455894
15081000	32	-2195	6717	455577
15091000	34	-2188	7054	457005
15101000	32	-2187	6694	457185
15111000	40	-2182	8463	458159
15121000	37	-2179	7696	458857
15131000	41	-2172	8730	460213
15141000	40	-2173	8377	459944
15151000	45	-2171	9490	460434
15161000	40	-2157	8526	463503
15171000	46	-2165	9803	461713
15181000	45	-2165	9637	461758
15191000	48	-2163	10274	462184
15201000	47	-2159	10085	463025
15211000	45	-2160	9576	462781
15221000	51	-2158	10964	463106
15231000	48	-2159	10344	462975
15241000	49	-2166	10436	461461
15251000	42	-2155	9140	463939
15261000	48	-2148	10347	465339
15271000	48	-2152	10407	464349
15281000	49	-2153	10465	464174
15291000	49	-2146	10699	465683
15301000	47	-2149	10158	465018
15311000	48	-2150	10298	464810
15321000	42	-2144	9194	466319
15331000	43	-2144	9252	466142
15341000	37	-2135	8096	468138
15351000	39	-2137	8581	467777
15361000	36	-2138	7906	467665
15371000	40	-2130	8717	469279
15381000	45	-2136	9894	467960
15391000	36	-2127	7870	470035
15401000	33	-2120	7434	471666
15411000	35	-2117	7832	472142
15421000	36	-2114	7977	472818
15431000	34	-2109	7677	473950
15441000	34	-2109	7579	473980
15451000	38	-2106	8600	474572
15461000	39	-2102	8875	475574
15471000	39	-2100	8917	475919
15481000	41	-2104	9171	475179
15491000	39	-2100	8942	476095
15501000	43	-2094	9829	477252
15511000	42	-2094	9613	477280
15521000	44	-2094	10103	477373
15531000	44	-2088	10195	478665
15541000	52	-2087	11862	478844
15551000	47	-2083	10784	479786
15561000	49	-2078	11239	480880
15571000	49	-2075	11436	481572
15581000	51	-2077	11818	481251
15591000	47	-2075	10965	481565
15601000	55	-2066	12780	483798
15611000	53	-2067	12391	483529
15621000	51	-2061	11952	484993
15631000	55	-2059	12846	485247
15641000	53	-2053	12611	486764
15651000	51	-2058	12012	485553
15661000	50	-2050	11878	487447
15671000	52	-2056	12286	486038
15681000	49	-2049	11733	487821
15691000	50	-2054	11926	486655
15701000	50	-2052	11825	487042
15711000	51	-2051	12020	487175
15721000	47	-2048	11320	488059
15731000	48	-2046	11453	488447
15741000	47	-2046	11194	488458
15751000	49	-2044	11682	488959
15761000	48	-2044	11445	488994
15771000	50	-2039	12033	490101
15781000	51	-2038	12334	490266
15791000	53	-2036	12766	490775
15801000	51	-2034	12303	491402
15811000	55	-2028	13362	492692
15821000	54	-2028	13158	492703
15831000	53	-2024	12956	493656
15841000	60	-2027	14681	492898
15851000	54	-2020	13209	494813
15861000	56	-2021	13706	494427
15871000	54	-2015	13268	495962
15881000	55	-2014	13463	496076
15891000	70	-2013	17374	496118
15901000	53	-2016	12976	495772
15911000	40	-2001	9864	499503
15921000	47	-2010	11605	497209
15931000	47	-2008	11623	497686
15941000	47	-2006	11731	498150
15951000	47	-2008	11735	497836
15961000	47	-2002	11656	499187
15971000	38	-1998	9567	500364
15981000	38	-1996	9640	500796
15991000	41	-1998	10201	500363
16001000	38	-1985	9700	503590
16011000	37	-1993	9300	501583
16021000	40	-1985	10229	503594
16031000	38	-1983	9770	504206
16041000	41	-1983	10402	504098
16051000	43	-1970	11067	507289
16061000	40	-1975	10126	506162
16071000	43	-1973	11066	506548
16081000	43	-1968	11045	507934
16091000	44	-1963	11485	509157
16101000	44	-1959	11434	510256
16111000	48	-1957	12626	510608
16121000	50	-1955	13094	511132
16131000	51	-1951	13361	512272
16141000	48	-1947	12572	513186
16151000	45	-1946	11946	513510
16161000	45	-1945	11795	513929
16171000	44	-1943	11666	514373
16181000	47	-1943	12437	514326
16191000	40	-1941	10530	514932
16201000	44	-1942	11609	514624
16211000	45	-1930	12101	517967
16221000	44	-1937	11615	515887
16231000	40	-1936	10574	516425
16241000	43	-1936	11361	516365
16251000	42	-1934	11233	516782
16261000	42	-1932	11140	517268
16271000	38	-1930	10135	517809
16281000	44	-1928	11821	518330
16291000	41	-1928	10941	518491
16301000	44	-1928	11709	518454
16311000	41	-1923	11141	519739
16321000	44	-1927	11828	518638
16331000	43	-1922	11720	520069
16341000	45	-1919	12266	520688
16351000	44	-1921	11871	520324
16361000	45	-1918	12144	521220
16371000	45	-1915	12197	522041
16381000	46	-1916	12624	521567
16391000	49	-1910	13332	523299
16401000	48	-1906	13211	524443
16411000	50	-1903	13786	525085
16421000	47	-1902	12935	525337
16431000	48	-1903	13222	525132
16441000	51	-1901	14094	525746
16451000	50	-1899	13950	526205
16461000	52	-1895	14568	527185
16471000	50	-1897	13961	526731
16481000	49	-1894	13516	527542
16491000	48	-1889	13453	529100
16501000	51	-1889	14159	528999
16511000	53	-1887	14876	529637
16521000	53	-1885	14969	530092
16531000	52	-1877	14801	532434
16541000	50	-1877	14293	532463
16551000	49	-1873	13930	533608
16561000	52	-1865	14974	535856
16571000	48	-1867	13692	535275
16581000	51	-1859	14645	537473
16591000	44	-1857	12821	538228
16601000	49	-1858	14262	537935
16611000	47	-1849	13818	540580
16621000	45	-1849	13302	540577
16631000	39	-1846	11429	541381
16641000	44	-1843	12903	542238
16651000	43	-1843	12549	542301
16661000	40	-1838	11756	543768
16671000	40	-1839	11739	543481
16681000	42	-1838	12283	543740
16691000	44	-1832	13153	545646
16701000	41	-1831	12223	545933
16711000	43	-1829	12800	546570
16721000	42	-1828	12422	546638
16731000	42	-1825	12649	547618
16741000	48	-1823	14549	548210
16751000	43	-1823	12924	548328
16761000	44	-1819	13275	549335
16771000	42	-1814	12754	550933
