f/Hz	Re{Y}/µS	Im{Y}/µS	Re{Z}/mOhm	Im{Z}/mOhm
1000	4919770	-76396	203	3
11000	3023753	-1983872	231	152
21000	1679299	-2057092	238	292
31000	996137	-1785721	238	427
41000	640761	-1479356	247	569
51000	459126	-1266036	253	698
61000	300177	-1106756	228	842
71000	235516	-966022	238	977
81000	182628	-856323	238	1117
91000	150081	-765498	247	1258
101000	120142	-699369	239	1389
111000	103845	-638098	248	1527
121000	87647	-585814	250	1670
131000	75803	-543761	251	1804
141000	65256	-505181	252	1947
151000	57430	-474118	252	2079
161000	50397	-446268	250	2213
171000	47499	-420635	265	2347
181000	41819	-398472	261	2482
191000	38014	-377816	264	2620
201000	33777	-358310	261	2766
211000	30609	-341929	260	2901
221000	28722	-327061	266	3034
231000	25902	-313202	262	3171
241000	24924	-299942	275	3311
251000	22582	-289086	269	3438
261000	21094	-277851	272	3578
271000	19420	-267669	270	3716
281000	17997	-258130	269	3855
291000	17562	-249439	281	3989
301000	15957	-241224	273	4127
311000	15470	-233424	283	4265
321000	14634	-226390	284	4399
331000	13905	-219428	288	4539
341000	12882	-213201	282	4673
351000	12616	-206927	294	4815
361000	11599	-201696	284	4942
371000	11272	-196182	292	5081
381000	11136	-190887	305	5221
391000	10164	-186217	292	5354
401000	9611	-181479	291	5495
411000	9325	-177385	296	5622
421000	9067	-173082	302	5762
431000	8695	-169078	303	5899
441000	8304	-165350	303	6033
451000	7991	-161860	304	6163
461000	7716	-158089	308	6311
471000	7629	-154933	317	6439
481000	7153	-151544	311	6584
491000	6925	-148645	313	6713
501000	6706	-145615	316	6853
511000	6447	-142737	316	6992
521000	6196	-140063	315	7126
531000	6070	-137511	320	7258
541000	6048	-134964	331	7395
551000	5730	-132619	325	7526
561000	5577	-130117	329	7671
571000	5535	-127931	338	7802
581000	5303	-125657	335	7944
591000	5117	-123707	334	8070
601000	5065	-121623	342	8208
611000	4838	-119674	337	8342
621000	4621	-117638	333	8488
631000	4569	-116012	339	8606
641000	4465	-114113	342	8750
651000	4381	-112305	347	8891
661000	4283	-110719	349	9018
671000	4235	-109094	355	9153
681000	4122	-107510	356	9288
691000	4009	-105926	357	9427
701000	3863	-104384	354	9567
711000	3804	-102942	358	9701
721000	3728	-101562	361	9833
731000	3725	-100154	371	9971
741000	3589	-98900	366	10098
751000	3464	-97489	364	10245
761000	3358	-96258	362	10376
771000	3328	-95035	368	10510
781000	3301	-93787	375	10649
791000	3176	-92647	370	10781
801000	3094	-91451	370	10922
811000	3039	-90370	372	11053
821000	2971	-89276	372	11189
831000	2916	-88230	374	11322
841000	2862	-87187	376	11457
851000	2821	-86158	380	11594
861000	2790	-85168	384	11729
871000	2745	-84103	388	11878
881000	2674	-83310	385	11991
891000	2625	-82378	386	12127
901000	2623	-81370	396	12277
911000	2528	-80562	389	12401
921000	2485	-79697	391	12535
931000	2482	-78865	399	12667
941000	2433	-78024	399	12804
951000	2386	-77189	400	12943
961000	2333	-76421	399	13073
971000	2376	-75652	415	13205
981000	2346	-74838	419	13349
991000	2288	-74113	416	13480
1001000	2220	-73358	412	13619
1011000	2220	-72638	420	13754
1021000	2173	-71925	420	13891
1031000	2129	-71264	419	14020
1041000	2162	-70586	434	14154
1051000	2079	-69920	425	14289
1061000	2042	-69285	425	14421
1071000	2012	-68658	426	14552
1081000	1971	-67969	426	14700
1091000	1970	-67406	433	14823
1101000	1909	-66787	428	14961
1111000	1905	-66145	435	15106
1121000	1872	-65582	435	15236
1131000	1868	-65046	441	15361
1141000	1819	-64486	437	15495
1151000	1798	-63928	440	15630
1161000	1768	-63336	440	15776
1171000	1777	-62825	450	15905
1181000	1725	-62289	444	16042
1191000	1697	-61769	444	16177
1201000	1691	-61232	451	16319
1211000	1666	-60766	451	16444
1221000	1625	-60294	447	16573
1231000	1631	-59772	456	16718
1241000	1581	-59279	450	16857
1251000	1607	-58835	464	16984
1261000	1556	-58341	457	17128
1271000	1539	-57912	459	17255
1281000	1522	-57447	461	17395
1291000	1530	-57021	470	17525
1301000	1493	-56603	466	17655
1311000	1489	-56172	472	17790
1321000	1453	-55721	468	17935
1331000	1446	-55298	472	18071
1341000	1416	-54891	470	18206
1351000	1409	-54508	474	18334
1361000	1406	-54137	479	18459
1371000	1376	-53696	477	18611
1381000	1377	-53349	483	18732
1391000	1337	-52976	476	18864
1401000	1341	-52581	485	19006
1411000	1311	-52242	480	19130
1421000	1287	-51835	479	19280
1431000	1294	-51497	488	19406
1441000	1276	-51117	488	19551
1451000	1281	-50763	497	19687
1461000	1256	-50418	494	19822
1471000	1267	-50106	504	19945
1481000	1210	-49760	488	20084
1491000	1238	-49416	507	20224
1501000	1212	-49105	503	20352
1511000	1197	-48771	503	20492
1521000	1172	-48457	499	20625
1531000	1183	-48143	510	20759
1541000	1149	-47829	502	20896
1551000	1154	-47527	510	21028
1561000	1119	-47224	501	21164
1571000	1152	-46943	522	21290
1581000	1118	-46653	514	21423
1591000	1117	-46355	519	21560
1601000	1090	-46061	514	21698
1611000	1092	-45765	521	21838
1621000	1069	-45495	516	21968
1631000	1073	-45201	525	22111
1641000	1055	-44959	522	22230
1651000	1038	-44667	520	22376
1661000	1036	-44393	525	22514
1671000	1011	-44123	519	22652
1681000	1038	-43898	538	22768
1691000	1011	-43606	531	22920
1701000	1005	-43348	535	23057
1711000	982	-43127	528	23175
1721000	971	-42842	529	23329
1731000	953	-42615	525	23454
1741000	950	-42355	530	23598
1751000	962	-42151	541	23712
1761000	939	-41888	535	23861
1771000	948	-41639	546	24003
1781000	922	-41433	537	24124
1791000	934	-41190	550	24265
1801000	916	-40990	545	24384
1811000	900	-40718	543	24547
1821000	903	-40505	550	24676
1831000	885	-40291	545	24807
1841000	883	-40077	549	24940
1851000	872	-39890	548	25057
1861000	879	-39665	558	25199
1871000	882	-39446	566	25338
1881000	853	-39235	554	25476
1891000	822	-39030	540	25610
1901000	827	-38814	549	25752
1911000	832	-38614	558	25885
1921000	839	-38421	568	26015
1931000	817	-38219	559	26153
1941000	801	-38039	553	26277
1951000	822	-37829	574	26422
1961000	800	-37652	564	26547
1971000	815	-37450	581	26689
1981000	793	-37247	571	26836
1991000	781	-37089	567	26950
2001000	777	-36901	571	27087
2011000	788	-36699	585	27236
2021000	761	-36539	570	27356
2031000	777	-36357	588	27493
2041000	756	-36170	577	27635
2051000	767	-36000	591	27765
2061000	748	-35824	582	27902
2071000	731	-35658	574	28032
2081000	749	-35476	595	28176
2091000	721	-35310	578	28309
2101000	722	-35139	584	28446
2111000	723	-34975	591	28580
2121000	716	-34827	590	28701
2131000	710	-34662	591	28838
2141000	706	-34478	594	28991
2151000	700	-34339	593	29109
2161000	694	-34164	594	29259
2171000	684	-34020	591	29383
2181000	681	-33849	594	29531
2191000	688	-33726	604	29638
2201000	680	-33565	603	29780
2211000	669	-33391	599	29937
2221000	666	-33260	602	30054
2231000	670	-33084	612	30213
2241000	677	-32950	623	30336
2251000	641	-32812	596	30465
2261000	649	-32671	608	30597
2271000	655	-32533	619	30725
2281000	646	-32392	616	30859
2291000	629	-32237	605	31008
2301000	634	-32114	614	31127
2311000	644	-31966	630	31271
2321000	629	-31827	621	31408
2331000	633	-31682	630	31551
2341000	622	-31553	624	31680
2351000	629	-31424	636	31810
2361000	599	-31287	611	31951
2371000	598	-31150	616	32091
2381000	601	-31036	623	32209
2391000	598	-30903	626	32348
2401000	601	-30780	634	32477
2411000	590	-30645	628	32619
2421000	593	-30516	637	32758
2431000	592	-30405	640	32876
2441000	580	-30270	633	33024
2451000	569	-30152	626	33154
2461000	592	-30010	657	33310
2471000	569	-29888	637	33446
2481000	583	-29793	657	33552
2491000	566	-29650	643	33715
2501000	573	-29538	657	33842
2511000	562	-29435	648	33961
2521000	557	-29304	648	34112
2531000	551	-29203	646	34230
2541000	565	-29088	668	34365
2551000	553	-28958	659	34521
2561000	554	-28847	665	34653
2571000	533	-28747	644	34774
2581000	533	-28647	649	34895
2591000	544	-28511	669	35062
2601000	519	-28403	644	35196
2611000	524	-28290	655	35336
2621000	533	-28171	672	35485
2631000	533	-28082	675	35597
2641000	527	-27979	673	35729
2651000	518	-27874	667	35863
2661000	504	-27779	653	35987
2671000	507	-27665	662	36135
2681000	514	-27565	676	36265
2691000	497	-27453	659	36414
2701000	504	-27349	673	36553
2711000	491	-27259	660	36673
2721000	511	-27154	693	36815
2731000	502	-27060	685	36942
2741000	487	-26950	670	37093
2751000	501	-26852	694	37229
2761000	483	-26766	674	37349
2771000	491	-26660	691	37497
2781000	502	-26587	709	37598
2791000	477	-26475	681	37759
2801000	476	-26371	684	37909
2811000	475	-26294	686	38019
2821000	480	-26190	699	38170
2831000	474	-26112	694	38284
2841000	464	-26004	685	38443
2851000	468	-25929	695	38555
2861000	474	-25822	711	38713
2871000	453	-25724	685	38862
2881000	454	-25642	690	38987
2891000	475	-25550	728	39125
2901000	455	-25475	700	39241
2911000	438	-25392	679	39371
2921000	467	-25303	729	39508
2931000	439	-25215	690	39647
2941000	441	-25111	699	39811
2951000	444	-25034	708	39933
2961000	433	-24945	696	40076
2971000	428	-24860	693	40213
2981000	441	-24783	717	40338
2991000	433	-24709	710	40459
3001000	438	-24610	723	40621
3011000	439	-24526	729	40761
3021000	430	-24447	719	40892
3031000	425	-24361	716	41036
3041000	413	-24284	699	41168
3051000	418	-24202	713	41307
3061000	419	-24129	719	41432
3071000	420	-24046	727	41574
3081000	430	-23978	748	41692
3091000	419	-23903	734	41824
3101000	420	-23822	739	41965
3111000	404	-23739	716	42112
3121000	414	-23665	738	42244
3131000	406	-23608	729	42347
3141000	404	-23514	731	42516
3151000	397	-23444	723	42643
3161000	406	-23361	743	42794
3171000	410	-23296	755	42912
3181000	393	-23215	728	43063
3191000	398	-23157	742	43171
3201000	401	-23076	753	43321
3211000	382	-23001	721	43464
3221000	383	-22923	729	43612
3231000	382	-22857	732	43737
3241000	399	-22791	768	43864
3251000	383	-22721	742	43999
3261000	395	-22641	771	44153
3271000	373	-22561	732	44312
3281000	389	-22492	769	44448
3291000	369	-22428	733	44575
3301000	379	-22365	758	44700
3311000	376	-22295	757	44841
3321000	377	-22239	762	44953
3331000	373	-22166	760	45101
3341000	369	-22106	755	45223
3351000	373	-22036	767	45367
3361000	362	-21977	748	45489
3371000	366	-21906	763	45637
3381000	366	-21847	767	45760
3391000	364	-21776	767	45909
3401000	366	-21716	775	46035
3411000	349	-21643	746	46193
3421000	359	-21583	770	46321
3431000	364	-21516	786	46463
3441000	358	-21459	778	46588
3451000	356	-21387	779	46745
3461000	352	-21328	774	46874
3471000	359	-21260	794	47024
3481000	362	-21209	804	47137
3491000	347	-21141	777	47288
3501000	343	-21097	770	47388
3511000	350	-21032	790	47534
3521000	337	-20971	767	47672
3531000	348	-20899	797	47835
3541000	347	-20851	798	47947
3551000	344	-20786	797	48095
3561000	337	-20734	784	48218
3571000	331	-20670	773	48368
3581000	330	-20616	776	48493
3591000	344	-20546	815	48658
3601000	338	-20492	805	48786
3611000	324	-20442	774	48905
3621000	330	-20381	794	49054
3631000	330	-20309	801	49227
3641000	324	-20257	790	49353
3651000	319	-20204	780	49482
3661000	328	-20146	808	49626
3671000	325	-20088	806	49768
3681000	321	-20051	799	49861
3691000	322	-19990	805	50011
3701000	323	-19931	812	50161
3711000	317	-19879	802	50291
3721000	332	-19824	843	50430
3731000	328	-19777	837	50551
3741000	322	-19717	828	50705
3751000	315	-19672	814	50820
3761000	320	-19613	832	50972
3771000	323	-19575	844	51073
3781000	319	-19507	838	51250
3791000	314	-19456	830	51383
3801000	323	-19398	859	51538
3811000	322	-19342	859	51687
3821000	308	-19305	828	51787
3831000	306	-19244	826	51951
3841000	308	-19202	836	52065
3851000	299	-19154	814	52196
3861000	298	-19103	817	52335
3871000	305	-19047	840	52488
3881000	305	-19002	844	52614
3891000	309	-18946	861	52766
3901000	303	-18909	847	52871
3911000	299	-18868	839	52987
3921000	294	-18805	832	53165
3931000	303	-18761	861	53288
3941000	301	-18705	859	53449
3951000	299	-18662	857	53572
3961000	308	-18611	888	53717
3971000	301	-18561	874	53863
3981000	306	-18515	892	53995
3991000	299	-18470	877	54127
4001000	288	-18429	848	54248
4011000	280	-18376	829	54406
4021000	288	-18331	856	54540
4031000	281	-18282	842	54685
4041000	283	-18244	850	54799
4051000	290	-18202	875	54925
4061000	285	-18150	864	55082
4071000	292	-18106	892	55216
4081000	290	-18046	890	55400
4091000	285	-18014	879	55497
4101000	285	-17974	883	55622
4111000	271	-17922	844	55785
4121000	280	-17884	875	55903
4131000	274	-17835	862	56055
4141000	272	-17802	859	56160
4151000	276	-17749	877	56328
4161000	271	-17708	864	56460
4171000	274	-17668	877	56585
4181000	272	-17616	875	56753
4191000	267	-17573	864	56893
4201000	269	-17533	875	57023
4211000	273	-17487	893	57173
4221000	282	-17449	926	57293
4231000	269	-17407	888	57433
4241000	270	-17372	894	57550
4251000	270	-17334	897	57678
4261000	269	-17282	901	57851
4271000	274	-17248	919	57963
4281000	262	-17201	885	58121
4291000	262	-17170	888	58229
4301000	254	-17133	865	58356
4311000	253	-17078	868	58542
4321000	259	-17045	892	58656
4331000	258	-16998	893	58816
4341000	257	-16961	894	58944
4351000	268	-16926	936	59065
4361000	265	-16885	931	59210
4371000	271	-16845	954	59350
4381000	261	-16791	926	59540
4391000	259	-16758	921	59657
4401000	254	-16729	906	59761
4411000	245	-16689	878	59908
4421000	251	-16645	906	60066
4431000	248	-16610	898	60191
4441000	249	-16575	907	60317
4451000	258	-16531	944	60477
4461000	248	-16489	911	60635
4471000	249	-16451	919	60772
4481000	258	-16422	958	60879
4491000	253	-16375	945	61056
4501000	248	-16346	927	61162
4511000	252	-16315	947	61278
4521000	245	-16273	924	61439
4531000	248	-16233	939	61589
4541000	247	-16198	943	61723
4551000	247	-16169	946	61831
4561000	255	-16134	980	61966
4571000	248	-16089	958	62139
4581000	247	-16049	959	62293
4591000	251	-16021	977	62403
4601000	246	-15972	962	62596
4611000	243	-15939	957	62723
4621000	245	-15908	967	62845
4631000	238	-15872	945	62990
4641000	237	-15832	946	63150
4651000	238	-15805	953	63258
4661000	234	-15771	940	63393
4671000	235	-15734	948	63544
4681000	234	-15707	948	63651
4691000	235	-15666	957	63816
4701000	238	-15630	973	63963
4711000	234	-15592	962	64119
4721000	231	-15568	951	64220
4731000	233	-15535	967	64358
4741000	229	-15501	952	64499
4751000	226	-15465	945	64646
4761000	232	-15435	973	64774
4771000	226	-15396	951	64936
4781000	223	-15372	944	65041
4791000	229	-15341	974	65172
4801000	223	-15301	952	65343
4811000	222	-15273	953	65461
4821000	229	-15245	984	65582
4831000	218	-15203	944	65763
4841000	218	-15175	948	65883
4851000	223	-15142	972	66025
4861000	218	-15110	957	66166
4871000	220	-15075	968	66323
4881000	221	-15046	977	66448
4891000	218	-15014	967	66589
4901000	222	-14990	988	66699
4911000	225	-14950	1005	66875
4921000	225	-14931	1010	66959
4931000	222	-14896	1000	67117
4941000	226	-14862	1023	67271
4951000	224	-14831	1017	67412
4961000	218	-14796	996	67573
4971000	223	-14770	1021	67689
4981000	223	-14747	1026	67794
4991000	220	-14705	1017	67988
5001000	220	-14669	1020	68157
5011000	222	-14648	1034	68252
5021000	216	-14608	1012	68438
5031000	220	-14590	1033	68526
5041000	225	-14562	1060	68654
5051000	219	-14529	1038	68813
5061000	218	-14501	1037	68945
5071000	219	-14473	1047	69078
5081000	219	-14440	1052	69237
5091000	212	-14412	1020	69369
5101000	217	-14377	1050	69539
5111000	218	-14364	1056	69603
5121000	217	-14323	1058	69801
5131000	211	-14292	1032	69954
5141000	210	-14273	1033	70047
5151000	208	-14233	1027	70244
5161000	212	-14217	1047	70320
5171000	217	-14185	1078	70480
5181000	216	-14164	1074	70586
5191000	208	-14131	1043	70752
5201000	212	-14100	1069	70905
5211000	214	-14076	1080	71028
5221000	209	-14036	1060	71231
5231000	210	-14018	1067	71321
5241000	208	-13987	1061	71477
5251000	205	-13958	1052	71626
5261000	203	-13926	1048	71792
5271000	208	-13898	1076	71937
5281000	208	-13874	1082	72059
5291000	203	-13849	1058	72189
5301000	205	-13822	1075	72330
5311000	205	-13803	1077	72434
5321000	206	-13773	1085	72590
5331000	206	-13744	1088	72741
5341000	210	-13721	1116	72862
5351000	209	-13696	1112	72996
5361000	198	-13662	1060	73182
5371000	202	-13634	1086	73331
5381000	200	-13616	1076	73426
5391000	198	-13586	1073	73590
5401000	199	-13563	1082	73716
5411000	199	-13538	1084	73852
5421000	198	-13517	1082	73962
5431000	195	-13484	1074	74146
5441000	203	-13469	1117	74225
5451000	202	-13444	1118	74368
5461000	195	-13413	1082	74539
5471000	195	-13387	1090	74684
5481000	194	-13356	1089	74858
5491000	197	-13338	1109	74955
5501000	187	-13301	1059	75166
5511000	189	-13290	1069	75230
5521000	191	-13262	1086	75386
5531000	190	-13242	1084	75501
5541000	189	-13214	1079	75660
5551000	184	-13182	1058	75844
5561000	190	-13166	1098	75939
5571000	189	-13140	1095	76090
5581000	181	-13114	1052	76241
5591000	185	-13097	1079	76337
5601000	188	-13071	1100	76489
5611000	185	-13047	1087	76630
5621000	185	-13022	1091	76777
5631000	185	-12995	1098	76940
5641000	187	-12974	1112	77063
5651000	180	-12936	1076	77289
5661000	178	-12918	1067	77397
5671000	178	-12889	1071	77569
5681000	183	-12874	1106	77661
5691000	178	-12845	1077	77835
5701000	176	-12821	1069	77981
5711000	180	-12798	1100	78123
5721000	183	-12786	1118	78197
5731000	177	-12752	1091	78401
5741000	182	-12736	1120	78505
5751000	179	-12710	1109	78664
5761000	184	-12697	1141	78742
5771000	178	-12666	1112	78936
5781000	178	-12643	1113	79079
5791000	181	-12620	1139	79226
5801000	181	-12603	1142	79332
5811000	179	-12570	1133	79538
5821000	180	-12558	1141	79614
5831000	181	-12533	1153	79773
5841000	187	-12511	1196	79914
5851000	182	-12485	1170	80081
5861000	178	-12458	1149	80251
5871000	179	-12433	1157	80412
5881000	184	-12419	1196	80504
5891000	176	-12386	1145	80720
5901000	181	-12371	1181	80815
5911000	176	-12351	1151	80948
5921000	180	-12335	1185	81050
5931000	178	-12311	1174	81209
5941000	175	-12292	1158	81340
5951000	174	-12270	1155	81486
5961000	175	-12253	1165	81594
5971000	171	-12228	1146	81767
5981000	169	-12203	1137	81933
5991000	169	-12183	1135	82068
6001000	166	-12165	1125	82188
6011000	178	-12148	1203	82298
6021000	167	-12123	1133	82472
6031000	166	-12097	1134	82651
6041000	169	-12078	1158	82777
6051000	170	-12062	1165	82890
6061000	166	-12031	1148	83101
6071000	170	-12019	1179	83184
6081000	170	-12002	1177	83305
6091000	170	-11989	1183	83396
6101000	172	-11961	1204	83584
6111000	165	-11939	1161	83740
6121000	161	-11917	1136	83898
6131000	165	-11903	1164	83998
6141000	163	-11880	1152	84158
6151000	156	-11850	1113	84374
6161000	162	-11839	1152	84452
6171000	160	-11822	1143	84570
6181000	163	-11807	1167	84681
6191000	161	-11778	1163	84887
6201000	165	-11753	1191	85065
6211000	159	-11731	1156	85227
6221000	166	-11714	1212	85352
6231000	165	-11697	1209	85475
6241000	165	-11670	1209	85675
6251000	163	-11656	1200	85776
6261000	168	-11642	1241	85879
6271000	167	-11628	1232	85982
6281000	160	-11605	1191	86155
6291000	162	-11583	1210	86317
6301000	159	-11563	1187	86467
6311000	158	-11548	1186	86578
6321000	157	-11534	1180	86684
6331000	148	-11501	1119	86934
6341000	154	-11485	1164	87053
6351000	153	-11468	1162	87183
6361000	160	-11450	1216	87316
6371000	157	-11437	1197	87418
6381000	152	-11409	1167	87637
6391000	149	-11384	1149	87825
6401000	149	-11369	1155	87940
6411000	154	-11361	1195	88007
6421000	152	-11334	1182	88217
6431000	151	-11317	1180	88347
6441000	160	-11305	1255	88443
6451000	157	-11286	1230	88587
6461000	160	-11269	1262	88721
6471000	159	-11250	1255	88869
6481000	158	-11226	1252	89061
6491000	155	-11206	1235	89224
6501000	157	-11188	1253	89362
6511000	159	-11177	1273	89447
6521000	156	-11151	1255	89663
6531000	153	-11138	1234	89768
6541000	152	-11124	1226	89877
6551000	150	-11102	1219	90055
6561000	151	-11093	1230	90132
6571000	145	-11069	1183	90329
6581000	145	-11049	1190	90493
6591000	138	-11027	1133	90674
6601000	144	-11017	1185	90756
6611000	148	-11004	1220	90861
6621000	142	-10978	1178	91074
6631000	147	-10964	1224	91192
6641000	145	-10946	1207	91340
6651000	147	-10927	1228	91497
6661000	149	-10917	1254	91583
6671000	144	-10893	1210	91790
6681000	145	-10878	1226	91912
6691000	144	-10861	1222	92055
6701000	140	-10846	1191	92185
6711000	147	-10830	1251	92321
6721000	142	-10801	1213	92567
6731000	141	-10785	1213	92704
6741000	147	-10766	1267	92871
6751000	146	-10745	1268	93048
6761000	150	-10740	1303	93093
6771000	156	-10720	1355	93262
6781000	151	-10702	1319	93418
6791000	145	-10682	1274	93594
6801000	144	-10668	1267	93721
6811000	145	-10657	1279	93817
6821000	140	-10642	1236	93948
6831000	138	-10616	1226	94178
6841000	144	-10614	1274	94195
6851000	140	-10596	1251	94355
6861000	141	-10578	1264	94515
6871000	144	-10563	1294	94648
6881000	141	-10544	1265	94825
6891000	146	-10526	1319	94982
6901000	139	-10507	1261	95154
6911000	138	-10497	1251	95252
6921000	142	-10486	1291	95347
6931000	141	-10465	1284	95536
6941000	139	-10445	1275	95724
6951000	145	-10431	1333	95850
6961000	145	-10416	1337	95986
6971000	148	-10398	1368	96157
6981000	150	-10383	1387	96287
6991000	149	-10364	1382	96471
7001000	146	-10349	1365	96609
7011000	145	-10331	1355	96781
7021000	142	-10315	1339	96930
7031000	146	-10303	1371	97039
7041000	142	-10287	1342	97194
7051000	137	-10266	1302	97392
7061000	138	-10258	1309	97466
7071000	141	-10246	1341	97577
7081000	145	-10232	1382	97710
7091000	143	-10219	1369	97834
7101000	140	-10203	1341	97987
7111000	134	-10185	1292	98162
7121000	135	-10169	1308	98323
7131000	130	-10151	1266	98496
7141000	132	-10143	1285	98572
7151000	140	-10134	1364	98663
7161000	134	-10110	1315	98894
7171000	132	-10092	1296	99067
7181000	135	-10077	1325	99214
7191000	136	-10057	1348	99417
7201000	137	-10048	1354	99504
7211000	143	-10034	1421	99639
7221000	137	-10014	1369	99836
7231000	133	-10003	1334	99952
7241000	130	-9986	1302	100120
7251000	130	-9972	1307	100261
7261000	131	-9968	1322	100307
7271000	130	-9956	1309	100421
7281000	124	-9932	1253	100672
7291000	127	-9916	1292	100832
7301000	125	-9908	1270	100915
7311000	128	-9888	1304	101111
7321000	134	-9878	1368	101215
7331000	134	-9869	1379	101306
7341000	129	-9848	1332	101528
7351000	131	-9833	1352	101679
7361000	130	-9814	1352	101882
7371000	128	-9801	1333	102008
7381000	134	-9792	1400	102100
7391000	138	-9781	1444	102215
7401000	135	-9755	1414	102490
7411000	134	-9740	1408	102645
7421000	136	-9734	1439	102712
7431000	138	-9718	1458	102879
7441000	132	-9705	1400	103026
7451000	133	-9696	1417	103116
7461000	133	-9685	1415	103234
7471000	129	-9667	1377	103425
7481000	125	-9651	1346	103604
7491000	124	-9632	1334	103801
7501000	129	-9623	1392	103904
7511000	135	-9612	1459	104017
7521000	130	-9597	1413	104183
7531000	124	-9578	1346	104387
7541000	128	-9569	1396	104488
7551000	125	-9554	1366	104654
7561000	122	-9542	1344	104779
7571000	124	-9536	1360	104848
7581000	127	-9527	1400	104947
7591000	122	-9506	1351	105183
7601000	126	-9487	1404	105392
7611000	129	-9476	1435	105505
7621000	132	-9461	1473	105674
7631000	130	-9450	1453	105805
7641000	135	-9438	1514	105936
7651000	127	-9417	1429	106171
7661000	124	-9402	1398	106344
7671000	124	-9391	1410	106469
7681000	120	-9377	1368	106621
7691000	117	-9365	1336	106762
7701000	121	-9359	1383	106834
7711000	121	-9352	1388	106916
7721000	122	-9335	1400	107108
7731000	122	-9319	1407	107294
7741000	123	-9302	1418	107481
7751000	118	-9285	1365	107679
7761000	121	-9277	1410	107780
7771000	124	-9272	1437	107833
7781000	125	-9259	1456	107987
7791000	120	-9238	1403	108232
7801000	122	-9226	1428	108375
7811000	129	-9217	1516	108470
7821000	130	-9211	1529	108550
7831000	131	-9196	1554	108725
7841000	124	-9179	1476	108921
7851000	121	-9169	1444	109040
7861000	115	-9155	1374	109211
7871000	118	-9145	1407	109328
7881000	114	-9131	1364	109499
7891000	111	-9120	1333	109628
7901000	113	-9111	1358	109744
7911000	119	-9097	1436	109909
7921000	121	-9081	1470	110095
7931000	119	-9062	1448	110331
7941000	115	-9053	1399	110445
7951000	115	-9043	1401	110563
7961000	114	-9031	1396	110710
7971000	113	-9022	1388	110826
7981000	112	-9013	1378	110928
7991000	114	-9001	1405	111086
8001000	114	-8986	1411	111263
8011000	120	-8970	1496	111463
8021000	116	-8952	1450	111689
8031000	116	-8936	1457	111883
8041000	115	-8930	1438	111958
8051000	119	-8923	1495	112050
8061000	118	-8915	1486	112149
8071000	111	-8897	1404	112386
8081000	111	-8887	1401	112512
8091000	110	-8879	1397	112607
8101000	111	-8870	1411	112721
8111000	115	-8860	1465	112842
8121000	111	-8849	1423	112987
8131000	114	-8837	1466	113142
8141000	111	-8821	1427	113345
8151000	113	-8806	1457	113546
8161000	113	-8795	1455	113682
8171000	112	-8783	1453	113834
8181000	113	-8771	1464	113993
8191000	112	-8764	1462	114088
8201000	116	-8748	1511	114289
8211000	120	-8731	1573	114519
8221000	114	-8714	1496	114732
8231000	115	-8706	1516	114838
8241000	112	-8696	1480	114977
8251000	107	-8683	1422	115144
8261000	104	-8672	1388	115292
8271000	106	-8668	1412	115345
8281000	109	-8663	1453	115411
8291000	107	-8650	1426	115585
8301000	106	-8635	1423	115791
8311000	111	-8621	1498	115974
8321000	107	-8607	1446	116171
8331000	106	-8594	1440	116338
8341000	109	-8586	1475	116445
8351000	111	-8580	1511	116528
8361000	110	-8572	1499	116640
8371000	104	-8556	1422	116853
8381000	103	-8545	1408	117016
8391000	107	-8539	1471	117087
8401000	111	-8527	1524	117250
8411000	113	-8511	1555	117478
8421000	116	-8496	1601	117677
8431000	119	-8489	1654	117782
8441000	122	-8482	1695	117878
8451000	115	-8465	1599	118110
8461000	113	-8458	1575	118204
8471000	111	-8447	1560	118371
8481000	105	-8438	1474	118499
8491000	106	-8426	1492	118668
8501000	111	-8419	1566	118758
8511000	113	-8410	1602	118879
8521000	111	-8393	1572	119120
8531000	107	-8376	1521	119369
8541000	108	-8368	1543	119484
8551000	111	-8362	1589	119574
8561000	109	-8352	1559	119708
8571000	107	-8338	1539	119913
8581000	110	-8330	1585	120025
8591000	114	-8321	1644	120154
8601000	117	-8308	1699	120342
8611000	114	-8293	1663	120560
8621000	111	-8286	1613	120662
8631000	107	-8272	1563	120868
8641000	101	-8261	1479	121028
8651000	102	-8253	1504	121143
8661000	108	-8246	1587	121245
8671000	108	-8241	1585	121327
8681000	107	-8230	1586	121486
8691000	101	-8213	1503	121745
8701000	99	-8203	1467	121891
8711000	102	-8191	1519	122061
8721000	102	-8183	1525	122181
8731000	103	-8174	1540	122320
8741000	101	-8163	1522	122489
8751000	103	-8157	1542	122573
8761000	106	-8151	1594	122664
8771000	105	-8136	1589	122883
8781000	100	-8124	1510	123081
8791000	107	-8108	1624	123308
8801000	108	-8100	1645	123431
8811000	108	-8086	1655	123650
8821000	107	-8076	1646	123808
8831000	108	-8070	1651	123893
8841000	109	-8063	1676	124001
8851000	104	-8051	1598	124190
8861000	98	-8038	1515	124387
8871000	97	-8030	1505	124514
8881000	98	-8023	1520	124620
8891000	96	-8015	1490	124750
8901000	93	-8004	1456	124916
8911000	95	-7990	1485	125133
8921000	97	-7986	1526	125205
8931000	105	-7975	1652	125362
8941000	107	-7968	1689	125486
8951000	103	-7954	1631	125700
8961000	102	-7943	1609	125879
8971000	101	-7931	1608	126061
8981000	100	-7918	1590	126277
8991000	100	-7910	1593	126407
9001000	103	-7898	1657	126601
9011000	109	-7893	1749	126672
9021000	110	-7888	1767	126745
9031000	106	-7878	1705	126916
9041000	100	-7863	1610	127158
9051000	101	-7855	1636	127281
9061000	102	-7848	1655	127392
9071000	103	-7841	1677	127509
9081000	109	-7835	1770	127609
9091000	111	-7827	1807	127742
9101000	110	-7817	1798	127907
9111000	109	-7804	1784	128109
9121000	106	-7797	1739	128231
9131000	97	-7782	1600	128488
9141000	94	-7773	1557	128630
9151000	96	-7769	1590	128697
9161000	95	-7756	1577	128915
9171000	99	-7748	1643	129051
9181000	101	-7736	1695	129238
9191000	107	-7727	1792	129392
9201000	110	-7717	1850	129551
9211000	107	-7701	1808	129823
9221000	99	-7692	1677	129991
9231000	100	-7684	1688	130112
9241000	99	-7679	1685	130202
9251000	99	-7672	1678	130318
9261000	99	-7665	1691	130442
9271000	101	-7656	1720	130597
9281000	97	-7647	1662	130741
9291000	100	-7639	1708	130887
9301000	105	-7630	1810	131033
9311000	103	-7619	1766	131228
9321000	99	-7605	1712	131469
9331000	97	-7600	1687	131549
9341000	98	-7592	1706	131693
9351000	92	-7574	1597	132016
9361000	98	-7567	1713	132137
9371000	97	-7558	1698	132297
9381000	104	-7552	1815	132397
9391000	107	-7543	1887	132548
9401000	105	-7536	1856	132677
9411000	97	-7522	1718	132927
9421000	96	-7513	1694	133077
9431000	94	-7509	1660	133148
9441000	93	-7505	1655	133228
9451000	98	-7500	1742	133319
9461000	96	-7494	1706	133423
9471000	97	-7483	1740	133615
9481000	99	-7475	1763	133748
9491000	100	-7465	1794	133934
9501000	99	-7454	1777	134135
9511000	94	-7443	1696	134336
9521000	94	-7430	1697	134561
9531000	94	-7427	1696	134624
9541000	89	-7415	1616	134839
9551000	89	-7407	1625	134995
9561000	89	-7399	1629	135130
9571000	95	-7390	1731	135299
9581000	97	-7382	1789	135450
9591000	103	-7374	1899	135577
9601000	101	-7363	1860	135792
9611000	96	-7351	1771	136021
9621000	92	-7343	1706	136169
9631000	93	-7336	1730	136290
9641000	93	-7329	1740	136422
9651000	87	-7320	1627	136600
9661000	88	-7310	1646	136776
9671000	86	-7303	1614	136918
9681000	88	-7300	1649	136964
9691000	94	-7294	1762	137076
9701000	94	-7284	1772	137262
9711000	90	-7272	1696	137492
9721000	90	-7263	1701	137666
9731000	92	-7255	1742	137819
9741000	90	-7243	1711	138035
9751000	87	-7234	1669	138218
9761000	86	-7225	1638	138389
9771000	93	-7218	1786	138528
9781000	95	-7211	1819	138653
9791000	100	-7206	1933	138745
9801000	99	-7195	1915	138960
9811000	92	-7184	1779	139170
9821000	89	-7174	1731	139380
9831000	88	-7169	1711	139468
9841000	90	-7165	1754	139546
9851000	87	-7159	1691	139671
9861000	81	-7146	1583	139922
9871000	84	-7137	1651	140088
9881000	85	-7131	1662	140206
9891000	91	-7128	1796	140268
9901000	98	-7123	1932	140356
9911000	98	-7116	1944	140509
9921000	92	-7101	1815	140802
9931000	87	-7092	1737	140974
9941000	88	-7088	1760	141063
9951000	87	-7081	1732	141207
9961000	83	-7065	1672	141517
9971000	84	-7059	1677	141649
9981000	90	-7049	1812	141838
9991000	97	-7040	1947	142028
10001000	97	-7032	1954	142180
10011000	102	-7028	2058	142266
10021000	97	-7016	1968	142502
10031000	93	-7003	1904	142767
10041000	90	-6997	1829	142891
10051000	89	-6992	1827	142996
10061000	90	-6990	1849	143036
10071000	91	-6985	1863	143146
10081000	93	-6977	1917	143301
10091000	92	-6969	1901	143463
10101000	91	-6960	1871	143649
10111000	91	-6953	1891	143800
10121000	95	-6947	1978	143916
10131000	94	-6940	1961	144071
10141000	89	-6930	1853	144270
10151000	87	-6921	1810	144456
10161000	87	-6913	1811	144630
10171000	91	-6905	1916	144790
10181000	90	-6894	1888	145028
10191000	89	-6879	1876	145346
10201000	92	-6870	1959	145540
10211000	97	-6865	2049	145629
10221000	98	-6863	2082	145684
10231000	100	-6858	2117	145792
10241000	95	-6849	2021	145974
10251000	90	-6838	1930	146214
10261000	86	-6827	1839	146464
10271000	87	-6821	1865	146585
10281000	87	-6816	1871	146699
10291000	91	-6808	1967	146867
10301000	90	-6803	1935	146973
10311000	86	-6794	1853	147164
10321000	86	-6789	1873	147263
10331000	90	-6785	1951	147366
10341000	88	-6781	1912	147457
10351000	86	-6778	1876	147517
10361000	89	-6771	1946	147656
10371000	86	-6758	1881	147941
10381000	86	-6749	1890	148144
10391000	89	-6739	1953	148362
10401000	91	-6730	1998	148560
10411000	89	-6717	1976	148851
10421000	89	-6713	1978	148941
10431000	91	-6709	2027	149032
10441000	92	-6704	2041	149130
10451000	92	-6697	2057	149290
10461000	92	-6696	2047	149308
10471000	87	-6687	1946	149520
10481000	84	-6679	1882	149690
10491000	80	-6669	1798	149919
10501000	77	-6660	1736	150121
10511000	81	-6657	1818	150204
10521000	86	-6646	1939	150440
10531000	84	-6636	1915	150664
10541000	83	-6626	1893	150889
10551000	82	-6616	1867	151114
10561000	82	-6612	1880	151207
10571000	90	-6606	2058	151345
10581000	89	-6605	2037	151375
10591000	96	-6597	2199	151555
10601000	95	-6587	2196	151794
10611000	94	-6574	2181	152076
10621000	92	-6566	2145	152277
10631000	94	-6563	2182	152348
10641000	90	-6555	2104	152528
10651000	88	-6547	2041	152711
10661000	84	-6538	1965	152932
10671000	83	-6534	1949	153012
10681000	85	-6529	1983	153148
10691000	88	-6523	2070	153269
10701000	89	-6520	2097	153351
10711000	91	-6512	2153	153522
10721000	90	-6505	2131	153709
10731000	86	-6495	2043	153945
10741000	84	-6485	1988	154176
10751000	84	-6481	1990	154280
10761000	83	-6478	1989	154334
10771000	83	-6473	1978	154469
10781000	82	-6463	1956	154704
10791000	78	-6456	1879	154882
10801000	83	-6451	1997	154998
10811000	85	-6442	2051	155200
10821000	93	-6436	2233	155340
10831000	95	-6428	2298	155539
10841000	97	-6423	2342	155661
10851000	95	-6414	2297	155869
10861000	91	-6406	2217	156065
10871000	88	-6398	2142	156257
10881000	85	-6394	2086	156371
10891000	83	-6387	2038	156531
10901000	84	-6383	2072	156645
10911000	83	-6377	2043	156781
10921000	79	-6371	1943	156938
10931000	83	-6366	2044	157048
10941000	84	-6361	2077	157184
10951000	87	-6353	2163	157370
10961000	89	-6348	2208	157502
10971000	86	-6337	2150	157782
10981000	81	-6331	2011	157939
10991000	78	-6319	1946	158226
11001000	77	-6316	1935	158304
11011000	80	-6311	2011	158420
11021000	82	-6303	2055	158628
11031000	86	-6295	2159	158819
11041000	90	-6288	2286	159002
11051000	90	-6283	2282	159135
11061000	86	-6271	2180	159424
11071000	86	-6271	2180	159441
11081000	86	-6265	2202	159593
11091000	86	-6262	2203	159659
11101000	85	-6257	2182	159797
11111000	86	-6252	2205	159912
11121000	81	-6243	2087	160140
11131000	79	-6235	2025	160351
11141000	80	-6230	2061	160485
11151000	80	-6219	2057	160782
11161000	80	-6209	2083	161019
11171000	75	-6197	1950	161346
11181000	77	-6195	2003	161393
11191000	79	-6192	2062	161459
11201000	79	-6186	2066	161631
11211000	77	-6185	2015	161669
11221000	79	-6182	2062	161741
11231000	80	-6174	2102	161938
11241000	78	-6168	2038	162112
11251000	78	-6157	2068	162388
11261000	79	-6145	2091	162718
11271000	81	-6135	2151	162965
11281000	85	-6128	2263	163166
11291000	85	-6127	2275	163177
11301000	84	-6122	2253	163307
11311000	84	-6120	2255	163369
11321000	86	-6114	2292	163515
11331000	84	-6111	2242	163599
11341000	82	-6107	2189	163711
11351000	79	-6100	2121	163911
11361000	83	-6096	2224	164021
11371000	78	-6091	2099	164155
11381000	80	-6085	2173	164309
11391000	78	-6077	2101	164517
11401000	76	-6065	2064	164865
11411000	80	-6057	2168	165073
11421000	82	-6050	2250	165250
11431000	80	-6044	2190	165421
11441000	80	-6040	2189	165526
11451000	76	-6029	2100	165829
11461000	79	-6023	2177	165991
11471000	80	-6019	2210	166103
11481000	85	-6011	2352	166318
11491000	88	-6006	2436	166466
11501000	90	-6001	2507	166592
11511000	87	-5994	2414	166789
11521000	85	-5990	2381	166899
11531000	79	-5980	2222	167196
11541000	74	-5974	2074	167354
11551000	74	-5967	2069	167560
11561000	70	-5964	1973	167640
11571000	72	-5960	2033	167757
11581000	72	-5956	2019	167866
11591000	70	-5950	1978	168037
11601000	73	-5943	2070	168233
11611000	69	-5934	1951	168499
11621000	73	-5927	2084	168692
11631000	74	-5921	2112	168858
11641000	78	-5918	2226	168957
11651000	79	-5914	2244	169057
11661000	80	-5912	2291	169121
11671000	80	-5908	2303	169226
11681000	78	-5899	2236	169499
11691000	73	-5891	2114	169738
11701000	73	-5882	2113	169988
11711000	77	-5877	2225	170129
11721000	81	-5867	2344	170417
11731000	78	-5855	2285	170774
11741000	77	-5846	2267	171033
11751000	78	-5841	2290	171185
11761000	77	-5838	2267	171274
11771000	80	-5832	2337	171446
11781000	80	-5831	2339	171464
11791000	80	-5829	2345	171514
11801000	82	-5826	2429	171597
11811000	81	-5822	2401	171739
11821000	73	-5815	2159	171950
11831000	73	-5806	2162	172203
11841000	67	-5797	1980	172490
11851000	71	-5791	2103	172663
11861000	76	-5786	2274	172793
11871000	81	-5781	2425	172950
11881000	83	-5777	2480	173050
11891000	83	-5774	2490	173167
11901000	84	-5771	2535	173256
11911000	80	-5762	2402	173519
11921000	79	-5759	2372	173606
11931000	79	-5749	2389	173899
11941000	83	-5744	2504	174050
11951000	84	-5742	2557	174112
11961000	88	-5734	2670	174357
11971000	90	-5725	2755	174621
11981000	87	-5717	2661	174865
11991000	85	-5712	2611	175034
12001000	82	-5706	2531	175226
12011000	80	-5704	2473	175287
12021000	79	-5698	2444	175455
12031000	78	-5691	2403	175690
12041000	75	-5686	2327	175828
12051000	72	-5683	2243	175919
12061000	70	-5677	2182	176120
12071000	72	-5672	2243	176271
12081000	75	-5669	2326	176368
12091000	74	-5664	2313	176530
12101000	80	-5658	2485	176705
12111000	81	-5656	2532	176777
12121000	81	-5647	2555	177044
12131000	77	-5638	2411	177321
12141000	69	-5630	2169	177606
12151000	69	-5624	2176	177785
12161000	66	-5617	2086	178016
12171000	67	-5615	2127	178084
12181000	72	-5612	2293	178164
12191000	76	-5606	2405	178337
12201000	78	-5601	2493	178514
12211000	81	-5595	2588	178692
12221000	82	-5584	2614	179033
12231000	82	-5579	2646	179206
12241000	77	-5570	2485	179489
12251000	80	-5566	2567	179622
12261000	82	-5567	2658	179597
12271000	81	-5563	2626	179706
12281000	80	-5560	2576	179808
12291000	79	-5558	2553	179878
12301000	75	-5551	2449	180099
12311000	72	-5544	2347	180351
12321000	69	-5537	2263	180581
12331000	69	-5533	2251	180712
12341000	69	-5529	2269	180829
12351000	68	-5524	2226	181006
12361000	66	-5514	2179	181344
12371000	69	-5504	2283	181671
12381000	69	-5497	2285	181890
12391000	68	-5491	2249	182089
12401000	71	-5488	2362	182170
12411000	73	-5483	2419	182336
12421000	74	-5480	2458	182433
12431000	76	-5478	2522	182522
12441000	78	-5471	2615	182736
12451000	79	-5465	2633	182950
12461000	80	-5458	2683	183174
12471000	79	-5448	2647	183511
12481000	74	-5438	2515	183865
12491000	75	-5434	2525	183994
12501000	75	-5428	2559	184198
12511000	74	-5428	2510	184203
12521000	75	-5424	2554	184331
12531000	74	-5422	2519	184412
12541000	75	-5418	2545	184524
12551000	68	-5410	2335	184817
12561000	69	-5404	2361	185013
12571000	70	-5401	2393	185121
12581000	72	-5394	2467	185359
12591000	74	-5393	2547	185386
12601000	77	-5387	2641	185610
12611000	79	-5384	2708	185680
12621000	77	-5379	2656	185856
12631000	76	-5374	2621	186040
12641000	75	-5369	2591	186232
12651000	73	-5362	2528	186461
12661000	72	-5358	2496	186611
12671000	68	-5356	2373	186689
12681000	68	-5351	2365	186858
12691000	70	-5346	2433	187021
12701000	68	-5341	2391	187201
12711000	67	-5333	2350	187473
12721000	68	-5326	2379	187711
12731000	73	-5315	2570	188100
12741000	74	-5311	2620	188269
12751000	79	-5309	2813	188331
12761000	83	-5300	2947	188620
12771000	84	-5296	2979	188762
12781000	85	-5296	3038	188778
12791000	82	-5295	2934	188819
12801000	83	-5287	2976	189112
12811000	73	-5281	2635	189335
12821000	71	-5270	2556	189731
12831000	73	-5265	2630	189880
12841000	67	-5263	2409	189978
12851000	66	-5260	2374	190090
12861000	69	-5255	2515	190277
12871000	69	-5251	2509	190417
12881000	71	-5246	2590	190579
12891000	70	-5240	2552	190794
12901000	72	-5234	2610	191032
12911000	69	-5225	2538	191343
12921000	70	-5222	2565	191460
12931000	71	-5217	2618	191658
12941000	70	-5214	2574	191762
12951000	74	-5211	2727	191871
12961000	76	-5205	2805	192096
12971000	78	-5200	2883	192282
12981000	84	-5198	3091	192332
12991000	84	-5194	3117	192463
13001000	83	-5183	3096	192890
13011000	84	-5177	3117	193112
13021000	77	-5167	2885	193474
13031000	79	-5163	2954	193637
13041000	77	-5160	2907	193757
13051000	77	-5158	2890	193848
13061000	75	-5154	2828	193996
13071000	71	-5149	2666	194194
13081000	69	-5145	2592	194329
13091000	67	-5139	2531	194564
13101000	67	-5133	2548	194785
13111000	67	-5135	2544	194709
13121000	73	-5127	2764	194993
13131000	75	-5123	2852	195156
13141000	77	-5118	2946	195332
13151000	79	-5115	3038	195472
13161000	80	-5111	3053	195621
13171000	80	-5109	3052	195701
13181000	77	-5102	2951	195942
13191000	72	-5096	2781	196175
13201000	68	-5093	2605	196295
13211000	65	-5085	2515	196615
13221000	61	-5082	2370	196733
13231000	61	-5078	2383	196891
13241000	63	-5078	2454	196899
13251000	66	-5072	2552	197138
13261000	69	-5068	2695	197277
13271000	67	-5063	2606	197487
13281000	74	-5057	2905	197704
13291000	71	-5045	2771	198158
13301000	69	-5040	2725	198370
13311000	72	-5033	2840	198636
13321000	72	-5032	2848	198695
13331000	73	-5031	2865	198722
13341000	73	-5025	2905	198973
13351000	78	-5024	3084	199003
13361000	76	-5020	3006	199168
13371000	77	-5016	3060	199305
13381000	69	-5013	2759	199433
13391000	67	-5011	2672	199507
13401000	68	-5004	2729	199809
13411000	66	-4997	2653	200081
13421000	64	-4996	2574	200142
13431000	64	-4993	2584	200262
13441000	70	-4987	2818	200474
13451000	66	-4982	2647	200668
13461000	69	-4975	2786	200959
13471000	64	-4967	2608	201286
13481000	66	-4964	2662	201428
13491000	64	-4954	2614	201815
13501000	68	-4951	2791	201936
13511000	67	-4949	2744	202038
13521000	71	-4946	2903	202138
13531000	72	-4946	2935	202157
13541000	77	-4937	3148	202511
13551000	78	-4935	3186	202579
13561000	78	-4929	3227	202817
13571000	79	-4924	3276	203049
13581000	78	-4914	3231	203461
13591000	75	-4907	3100	203746
13601000	73	-4901	3052	203981
13611000	70	-4894	2912	204274
13621000	68	-4891	2837	204409
13631000	69	-4890	2878	204458
13641000	70	-4887	2936	204579
13651000	71	-4886	2976	204624
13661000	69	-4883	2903	204747
13671000	69	-4882	2915	204801
13681000	68	-4880	2859	204879
13691000	68	-4874	2875	205140
13701000	66	-4871	2801	205263
13711000	67	-4866	2843	205483
13721000	66	-4859	2778	205751
13731000	68	-4855	2875	205937
13741000	69	-4853	2945	206034
13751000	75	-4844	3201	206380
13761000	73	-4843	3117	206456
13771000	71	-4842	3014	206499
13781000	74	-4834	3170	206813
13791000	72	-4830	3100	207003
13801000	68	-4827	2931	207123
13811000	66	-4821	2851	207381
13821000	67	-4815	2875	207631
13831000	64	-4812	2774	207775
13841000	66	-4808	2866	207960
13851000	67	-4803	2915	208143
13861000	67	-4794	2895	208569
13871000	67	-4791	2926	208664
13881000	67	-4780	2934	209154
13891000	62	-4774	2732	209427
13901000	65	-4763	2864	209908
13911000	67	-4761	2964	210002
13921000	67	-4755	2947	210272
13931000	71	-4755	3136	210237
13941000	74	-4753	3256	210361
13951000	74	-4752	3294	210394
13961000	75	-4749	3318	210496
13971000	74	-4745	3269	210676
13981000	75	-4743	3352	210781
13991000	79	-4741	3492	210849
14001000	74	-4738	3276	210989
14011000	68	-4730	3030	211374
14021000	64	-4726	2866	211577
14031000	63	-4721	2824	211777
14041000	61	-4714	2763	212094
14051000	63	-4707	2852	212397
14061000	63	-4706	2822	212455
14071000	64	-4705	2873	212493
14081000	69	-4699	3147	212773
14091000	70	-4697	3168	212874
14101000	72	-4691	3270	213102
14111000	75	-4687	3391	213312
14121000	74	-4688	3367	213270
14131000	72	-4682	3280	213536
14141000	74	-4682	3383	213543
14151000	73	-4674	3324	213896
14161000	72	-4672	3313	213986
14171000	76	-4669	3491	214112
14181000	78	-4659	3595	214555
14191000	79	-4656	3647	214733
14201000	82	-4646	3795	215191
14211000	82	-4642	3808	215341
14221000	85	-4641	3944	215383
14231000	84	-4634	3914	215714
14241000	79	-4629	3681	215971
14251000	78	-4622	3653	216290
14261000	72	-4619	3393	216457
14271000	71	-4615	3339	216656
14281000	72	-4608	3380	216974
14291000	69	-4611	3223	216841
14301000	73	-4601	3446	217276
14311000	73	-4599	3457	217389
14321000	73	-4594	3457	217606
14331000	75	-4590	3556	217790
14341000	70	-4584	3315	218096
14351000	67	-4581	3198	218247
14361000	70	-4578	3318	218380
14371000	72	-4574	3425	218552
14381000	70	-4571	3336	218706
14391000	73	-4571	3510	218703
14401000	72	-4567	3469	218896
14411000	72	-4563	3474	219080
14421000	73	-4562	3488	219133
14431000	74	-4560	3578	219234
14441000	76	-4555	3659	219479
14451000	73	-4551	3531	219681
14461000	70	-4551	3401	219692
14471000	66	-4548	3208	219845
14481000	63	-4538	3059	220315
14491000	60	-4535	2938	220466
14501000	62	-4526	3025	220882
14511000	63	-4518	3100	221276
14521000	65	-4517	3167	221342
14531000	68	-4508	3322	221754
14541000	71	-4503	3499	222042
14551000	69	-4499	3409	222211
14561000	71	-4494	3491	222456
14571000	72	-4493	3564	222500
14581000	69	-4485	3447	222904
14591000	67	-4485	3310	222905
14601000	68	-4483	3404	223038
14611000	64	-4478	3167	223251
14621000	62	-4477	3106	223344
14631000	64	-4471	3223	223593
14641000	65	-4470	3229	223646
14651000	64	-4467	3219	223799
14661000	62	-4469	3109	223735
14671000	66	-4467	3293	223794
14681000	67	-4467	3350	223792
14691000	64	-4468	3183	223786
14701000	69	-4459	3472	224188
14711000	70	-4454	3514	224453
14721000	71	-4446	3567	224886
14731000	67	-4441	3401	225136
14741000	69	-4434	3533	225453
14751000	67	-4429	3431	225737
14761000	70	-4424	3574	225977
14771000	62	-4420	3181	226190
14781000	67	-4420	3413	226190
14791000	69	-4412	3564	226583
14801000	68	-4410	3511	226719
14811000	65	-4403	3353	227074
14821000	68	-4394	3512	227503
14831000	65	-4389	3353	227803
14841000	67	-4384	3468	228043
14851000	66	-4377	3438	228421
14861000	70	-4375	3656	228491
14871000	67	-4370	3529	228772
14881000	70	-4366	3685	228980
14891000	72	-4367	3762	228918
14901000	73	-4361	3817	229222
14911000	73	-4360	3838	229306
14921000	73	-4361	3843	229242
14931000	73	-4356	3841	229495
14941000	76	-4358	4009	229401
14951000	76	-4353	4031	229670
14961000	76	-4349	4000	229873
14971000	69	-4344	3651	230141
14981000	73	-4343	3872	230215
14991000	66	-4333	3496	230709
15001000	66	-4332	3514	230771
15011000	64	-4322	3439	231306
15021000	67	-4318	3600	231553
15031000	68	-4316	3641	231614
15041000	65	-4315	3478	231709
15051000	68	-4310	3683	231986
15061000	65	-4307	3479	232141
15071000	71	-4307	3801	232134
15081000	67	-4303	3621	232352
15091000	66	-4300	3571	232493
15101000	68	-4297	3683	232660
15111000	61	-4295	3319	232784
15121000	62	-4292	3372	232930
15131000	58	-4284	3179	233407
15141000	57	-4284	3101	233359
15151000	57	-4280	3095	233586
15161000	56	-4279	3083	233645
15171000	63	-4273	3456	233957
15181000	64	-4270	3531	234150
15191000	66	-4268	3611	234239
15201000	73	-4258	4003	234774
15211000	72	-4259	3964	234746
15221000	77	-4255	4225	234934
15231000	78	-4250	4331	235241
15241000	81	-4243	4470	235584
15251000	82	-4241	4579	235702
15261000	76	-4234	4250	236086
15271000	76	-4230	4262	236352
15281000	73	-4225	4080	236618
15291000	71	-4221	3978	236863
15301000	68	-4219	3810	236934
15311000	69	-4217	3882	237067
15321000	69	-4214	3895	237268
15331000	69	-4212	3904	237366
15341000	68	-4209	3852	237500
15351000	69	-4206	3883	237682
15361000	64	-4201	3647	237984
15371000	64	-4200	3625	238052
15381000	64	-4195	3641	238348
15391000	62	-4189	3561	238678
15401000	62	-4191	3527	238554
15411000	65	-4182	3726	239041
15421000	66	-4179	3762	239207
15431000	68	-4177	3924	239316
15441000	66	-4175	3771	239462
15451000	69	-4171	3990	239656
15461000	73	-4165	4203	240046
15471000	72	-4162	4178	240192
15481000	81	-4157	4688	240460
15491000	75	-4157	4368	240498
15501000	77	-4154	4464	240645
15511000	77	-4150	4471	240870
15521000	73	-4143	4276	241312
15531000	72	-4134	4217	241846
15541000	76	-4131	4454	241963
15551000	71	-4125	4180	242366
15561000	70	-4115	4127	242963
15571000	68	-4109	4046	243279
15581000	73	-4102	4319	243691
15591000	70	-4104	4163	243603
15601000	72	-4104	4266	243615
15611000	70	-4099	4182	243910
15621000	72	-4094	4276	244166
15631000	73	-4094	4369	244160
15641000	72	-4096	4303	244056
15651000	74	-4090	4416	244390
15661000	72	-4088	4334	244560
15671000	70	-4087	4164	244579
15681000	72	-4088	4317	244525
15691000	71	-4081	4276	244948
15701000	75	-4078	4527	245130
15711000	69	-4077	4171	245180
15721000	72	-4071	4360	245587
15731000	73	-4066	4398	245867
15741000	74	-4059	4504	246262
15751000	74	-4058	4503	246337
15761000	72	-4055	4389	246552
15771000	74	-4053	4504	246636
15781000	73	-4051	4475	246778
15791000	77	-4046	4710	247040
15801000	79	-4048	4803	246920
15811000	79	-4046	4818	247050
15821000	77	-4043	4701	247243
15831000	75	-4044	4604	247194
15841000	72	-4041	4423	247385
15851000	67	-4037	4125	247651
15861000	70	-4029	4304	248127
15871000	67	-4027	4140	248258
15881000	66	-4020	4105	248693
15891000	67	-4015	4134	248997
15901000	68	-4006	4211	249524
15911000	67	-4006	4173	249584
15921000	71	-3998	4430	250029
15931000	71	-3996	4443	250201
15941000	72	-3986	4501	250822
15951000	70	-3987	4380	250759
15961000	68	-3984	4307	250947
15971000	65	-3977	4081	251375
15981000	66	-3975	4173	251490
15991000	61	-3972	3890	251696
16001000	59	-3971	3718	251781
16011000	60	-3967	3807	251995
16021000	61	-3965	3861	252170
16031000	65	-3966	4123	252065
16041000	61	-3966	3905	252093
16051000	61	-3965	3881	252160
16061000	61	-3962	3884	252314
16071000	70	-3954	4467	252818
16081000	66	-3958	4195	252594
16091000	64	-3949	4115	253175
16101000	68	-3952	4328	252981
16111000	70	-3953	4473	252883
16121000	73	-3944	4667	253469
16131000	73	-3940	4708	253722
16141000	75	-3935	4826	254062
16151000	69	-3929	4451	254456
16161000	70	-3926	4519	254624
16171000	69	-3920	4497	255032
16181000	69	-3916	4490	255308
16191000	62	-3913	4029	255523
16201000	62	-3908	4034	255853
16211000	62	-3905	4062	256045
16221000	66	-3898	4310	256447
16231000	62	-3897	4108	256566
16241000	66	-3891	4344	256951
16251000	68	-3890	4466	256967
16261000	68	-3884	4480	257388
16271000	68	-3876	4549	257934
16281000	72	-3874	4795	258012
16291000	70	-3870	4686	258284
16301000	68	-3870	4558	258312
16311000	71	-3867	4732	258495
16321000	69	-3864	4606	258715
16331000	64	-3860	4278	258993
16341000	64	-3859	4296	259081
16351000	62	-3860	4147	259029
16361000	63	-3856	4232	259264
16371000	64	-3854	4294	259432
16381000	64	-3853	4307	259485
16391000	63	-3850	4246	259643
16401000	70	-3846	4712	259958
16411000	65	-3847	4418	259879
16421000	68	-3842	4587	260173
16431000	71	-3841	4782	260231
16441000	72	-3837	4873	260507
16451000	70	-3831	4791	260941
16461000	72	-3831	4912	260923
16471000	74	-3824	5065	261428
16481000	70	-3821	4819	261599
16491000	76	-3817	5209	261858
16501000	74	-3815	5069	261997
16511000	70	-3811	4806	262308
16521000	69	-3808	4771	262485
16531000	66	-3802	4557	262916
16541000	66	-3803	4559	262872
16551000	64	-3797	4410	263271
16561000	63	-3795	4375	263420
16571000	64	-3796	4412	263382
16581000	66	-3788	4587	263944
16591000	67	-3784	4646	264207
16601000	71	-3782	4963	264342
16611000	73	-3778	5082	264613
16621000	73	-3771	5100	265051
16631000	74	-3763	5208	265658
16641000	73	-3763	5122	265649
16651000	77	-3757	5444	266088
16661000	68	-3750	4836	266550
16671000	69	-3747	4948	266820
16681000	66	-3746	4676	266893
16691000	74	-3742	5248	267163
16701000	68	-3741	4829	267190
16711000	71	-3737	5102	267475
16721000	67	-3740	4793	267304
16731000	66	-3735	4765	267648
16741000	70	-3736	5033	267598
16751000	73	-3732	5219	267861
16761000	71	-3731	5083	267959
16771000	73	-3727	5278	268215
