f/Hz	Re{Y}/µS	Im{Y}/µS	Re{Z}/mOhm	Im{Z}/mOhm
1000	759328	-161655	1260	268
11000	115431	-269588	1342	3135
21000	35696	-159332	1339	5976
31000	16797	-110603	1342	8837
41000	9818	-84602	1354	11663
51000	6456	-68275	1373	14517
61000	4482	-57247	1359	17362
71000	3297	-49280	1351	20202
81000	2556	-43222	1363	23056
91000	2048	-38487	1379	25910
101000	1660	-34708	1375	28746
111000	1383	-31595	1383	31590
121000	1168	-28979	1389	34452
131000	987	-26789	1374	37278
141000	862	-24887	1390	40134
151000	756	-23238	1399	42988
161000	677	-21803	1422	45821
171000	598	-20526	1418	48678
181000	529	-19390	1405	51534
191000	485	-18382	1434	54362
201000	452	-17464	1482	57222
211000	412	-16638	1486	60066
221000	362	-15887	1432	62911
231000	341	-15199	1475	65760
241000	311	-14566	1467	68621
251000	293	-13985	1498	71474
261000	269	-13453	1484	74305
271000	258	-12958	1533	77140
281000	240	-12499	1535	79977
291000	227	-12064	1557	82861
301000	215	-11661	1577	85725
311000	199	-11290	1563	88543
321000	182	-10937	1520	91404
331000	176	-10603	1567	94291
341000	171	-10290	1611	97156
351000	157	-9999	1566	99988
361000	158	-9716	1676	102900
371000	139	-9456	1558	105725
381000	149	-9213	1750	108518
391000	130	-8970	1611	111456
401000	131	-8744	1707	114336
411000	118	-8535	1625	117148
421000	123	-8331	1774	120004
431000	111	-8143	1679	122780
441000	112	-7954	1775	125705
451000	104	-7776	1720	128583
461000	101	-7615	1740	131305
471000	98	-7447	1767	134257
481000	84	-7288	1573	137196
491000	95	-7138	1859	140079
501000	90	-7002	1826	142802
511000	83	-6851	1769	145945
521000	84	-6726	1859	148662
531000	80	-6594	1831	151624
541000	81	-6478	1930	154339
551000	78	-6356	1932	157301
561000	66	-6249	1695	160013
571000	77	-6127	2039	163185
581000	71	-6030	1966	165827
591000	70	-5928	1989	168679
601000	61	-5828	1809	171571
611000	61	-5725	1871	174663
621000	55	-5635	1726	177442
631000	54	-5546	1741	180298
641000	58	-5456	1965	183267
651000	51	-5371	1752	186159
661000	63	-5292	2245	188947
671000	55	-5221	2031	191516
681000	48	-5139	1821	194584
691000	50	-5056	1964	197768
701000	47	-4986	1875	200524
711000	52	-4912	2168	203548
721000	48	-4854	2035	205983
731000	48	-4783	2087	209032
741000	47	-4710	2117	212281
751000	35	-4652	1602	214943
761000	44	-4593	2083	217715
771000	45	-4521	2205	221173
781000	43	-4468	2159	223804
791000	36	-4417	1825	226399
801000	43	-4356	2289	229571
811000	46	-4309	2489	232023
821000	40	-4249	2196	235317
831000	44	-4198	2504	238209
841000	39	-4146	2284	241177
851000	32	-4095	1924	244174
861000	41	-4049	2514	246928
871000	36	-4006	2268	249631
881000	31	-3957	1972	252680
891000	32	-3907	2078	255918
901000	39	-3875	2565	258040
911000	30	-3826	2019	261349
921000	28	-3783	1933	264300
931000	33	-3741	2347	267296
941000	33	-3696	2399	270549
951000	32	-3664	2414	272892
961000	30	-3622	2273	276103
971000	35	-3580	2694	279288
981000	32	-3538	2579	282617
991000	35	-3511	2849	284786
1001000	34	-3480	2812	287291
1011000	27	-3443	2299	290385
1021000	31	-3399	2701	294141
1031000	27	-3375	2367	296254
1041000	23	-3340	2026	299408
1051000	29	-3306	2638	302418
1061000	34	-3275	3170	305345
1071000	25	-3239	2354	308743
1081000	26	-3208	2573	311725
1091000	24	-3181	2383	314396
1101000	21	-3152	2110	317284
1111000	26	-3114	2686	321140
1121000	29	-3097	3075	322882
1131000	22	-3064	2310	326314
1141000	25	-3034	2704	329594
1151000	30	-3014	3299	331794
1161000	28	-2975	3167	336156
1171000	27	-2951	3049	338794
1181000	21	-2929	2474	341453
1191000	26	-2906	3122	344145
1201000	16	-2883	1937	346843
1211000	16	-2853	1986	350547
1221000	27	-2824	3380	354113
1231000	25	-2811	3222	355654
1241000	12	-2784	1610	359150
1251000	18	-2763	2382	361863
1261000	18	-2737	2424	365302
1271000	20	-2718	2731	367857
1281000	22	-2689	3062	371886
1291000	19	-2674	2714	373921
1301000	14	-2652	1996	377009
1311000	21	-2634	2980	379673
1321000	17	-2612	2449	382839
1331000	13	-2588	1955	386403
1341000	24	-2568	3598	389320
1351000	24	-2546	3656	392802
1361000	22	-2531	3445	395097
1371000	17	-2512	2663	398150
1381000	18	-2492	2943	401213
1391000	14	-2469	2274	404947
1401000	15	-2450	2489	408125
1411000	23	-2436	3806	410459
1421000	21	-2417	3630	413688
1431000	14	-2397	2391	417247
1441000	15	-2383	2576	419673
1451000	14	-2373	2540	421422
1461000	19	-2352	3489	425113
1471000	17	-2341	3144	427108
1481000	17	-2321	3144	430736
1491000	17	-2296	3280	435544
1501000	18	-2281	3532	438382
1511000	16	-2267	3137	441049
1521000	12	-2258	2257	442947
1531000	14	-2243	2858	445827
1541000	14	-2221	2862	450193
1551000	8	-2204	1711	453781
1561000	17	-2186	3603	457419
1571000	14	-2170	3076	460772
1581000	16	-2152	3388	464638
1591000	18	-2145	3927	466210
1601000	19	-2138	4194	467745
1611000	16	-2115	3678	472790
1621000	17	-2100	3933	476267
1631000	13	-2088	2922	478803
1641000	7	-2074	1638	482049
1651000	11	-2065	2464	484325
1661000	17	-2051	4066	487427
1671000	21	-2036	4984	491043
1681000	13	-2016	3248	496088
1691000	10	-2005	2506	498813
1701000	12	-1997	2918	500775
1711000	10	-1986	2610	503602
1721000	13	-1969	3274	507806
1731000	11	-1961	2749	510033
1741000	19	-1955	4913	511373
1751000	19	-1942	4991	514805
1761000	15	-1921	4050	520399
1771000	17	-1907	4777	524417
1781000	17	-1901	4820	525973
1791000	10	-1888	2887	529778
1801000	10	-1883	2735	531031
1811000	9	-1874	2672	533623
1821000	14	-1861	4161	537451
1831000	14	-1851	4205	540089
1841000	9	-1837	2783	544449
1851000	9	-1825	2745	547819
1861000	9	-1814	2625	551405
1871000	18	-1800	5562	555357
1881000	19	-1794	5819	557470
1891000	15	-1779	4886	562058
1901000	13	-1769	4138	565268
1911000	18	-1761	5672	567861
1921000	14	-1759	4652	568538
1931000	8	-1749	2677	571885
1941000	8	-1739	2490	575098
1951000	9	-1723	3039	580353
1961000	10	-1713	3350	583810
1971000	6	-1702	2151	587563
1981000	7	-1690	2570	591535
1991000	9	-1681	3282	594786
2001000	14	-1672	5174	598086
2011000	14	-1664	5188	600841
2021000	15	-1659	5506	602658
2031000	12	-1652	4283	605469
2041000	6	-1641	2409	609452
2051000	5	-1630	1925	613518
2061000	5	-1626	1858	615015
2071000	9	-1614	3486	619500
2081000	8	-1604	3234	623275
2091000	6	-1593	2445	627564
2101000	4	-1588	1613	629806
2111000	8	-1580	3277	632788
2121000	8	-1573	3329	635797
2131000	14	-1565	5780	639104
2141000	16	-1564	6611	639519
2151000	19	-1543	7987	648103
2161000	14	-1536	6092	650912
2171000	11	-1527	4511	654878
2181000	10	-1519	4122	658507
2191000	9	-1516	3759	659784
2201000	7	-1505	2939	664645
2211000	6	-1499	2880	667130
2221000	7	-1494	3211	669230
2231000	11	-1486	5019	672920
2241000	10	-1477	4475	676807
2251000	13	-1472	6112	679347
2261000	15	-1467	6986	681764
2271000	15	-1460	7202	684787
2281000	11	-1444	5434	692644
2291000	13	-1431	6265	698847
2301000	12	-1424	5861	702138
2311000	11	-1420	5659	704019
2321000	13	-1414	6748	707265
2331000	9	-1407	4537	710497
2341000	10	-1403	4888	712756
2351000	8	-1394	4254	717099
2361000	8	-1385	4177	721876
2371000	8	-1380	4017	724849
2381000	8	-1377	4198	726411
2391000	11	-1374	5769	727507
2401000	11	-1369	5734	730607
2411000	11	-1365	5809	732490
2421000	9	-1359	5091	736029
2431000	-0	-1353	-117	739178
2441000	3	-1336	1536	748263
2451000	8	-1327	4452	753428
2461000	9	-1325	5184	754576
2471000	9	-1315	5380	760386
2481000	4	-1307	2607	765207
2491000	7	-1302	4132	767796
2501000	3	-1297	1846	771256
2511000	3	-1293	1722	773669
2521000	5	-1290	3047	775432
2531000	6	-1288	3742	776664
2541000	7	-1287	4408	776774
2551000	7	-1282	4165	780223
2561000	6	-1275	3396	784092
2571000	7	-1266	4326	789803
2581000	7	-1258	4520	795058
2591000	5	-1247	3060	802090
2601000	5	-1240	3360	806269
2611000	5	-1236	3090	808906
2621000	5	-1228	3340	814541
2631000	7	-1221	4892	818890
2641000	9	-1214	5870	823781
2651000	10	-1207	6725	828789
2661000	9	-1201	6412	832763
2671000	9	-1197	6115	835403
2681000	6	-1195	4365	836826
2691000	7	-1191	5131	839501
2701000	9	-1188	6622	841578
2711000	9	-1185	6381	844162
2721000	10	-1179	7397	848130
2731000	9	-1174	6328	851695
2741000	19	-1172	13694	853111
2751000	15	-1166	10849	857422
2761000	15	-1161	11189	860863
2771000	7	-1151	5383	869144
2781000	8	-1147	6139	872001
2791000	4	-1147	3074	872153
2801000	1	-1139	604	878327
2811000	5	-1137	3654	879371
2821000	6	-1128	4476	886614
2831000	8	-1127	6263	887486
2841000	4	-1119	2932	893384
2851000	9	-1113	7379	898769
2861000	8	-1107	6832	903398
2871000	10	-1099	7879	909734
2881000	11	-1096	9093	912712
2891000	8	-1097	7030	911490
2901000	15	-1091	12475	916179
2911000	17	-1085	14201	921834
2921000	12	-1083	10591	923634
2931000	15	-1077	13067	928398
2941000	15	-1080	12613	925630
2951000	10	-1073	8966	932049
2961000	10	-1068	9180	936046
2971000	8	-1063	6992	940941
2981000	5	-1054	4923	949075
2991000	4	-1047	3523	954971
3001000	5	-1043	4634	958571
3011000	7	-1038	6596	963140
3021000	6	-1036	5888	965147
3031000	5	-1032	5141	968762
3041000	7	-1030	6318	970657
3051000	8	-1028	7615	972420
3061000	13	-1021	12022	979533
3071000	13	-1015	13015	985012
3081000	9	-1011	8765	988811
3091000	8	-1007	8030	992550
3101000	15	-1000	14638	1000039
3111000	15	-995	14840	1004734
3121000	13	-990	13206	1009594
3131000	12	-990	12699	1009798
3141000	10	-988	10243	1012066
3151000	16	-982	16984	1017741
3161000	14	-982	14599	1018155
3171000	17	-976	17841	1024118
3181000	17	-973	17996	1027268
3191000	20	-967	20994	1033226
3201000	18	-964	19322	1036519
3211000	15	-961	16763	1040699
3221000	12	-952	13354	1049767
3231000	8	-948	9401	1054973
3241000	11	-946	12611	1057309
3251000	7	-944	7719	1059615
3261000	10	-942	10834	1061922
3271000	8	-941	8984	1063185
3281000	2	-934	2797	1070542
3291000	4	-930	4083	1074894
3301000	3	-928	3282	1077218
3311000	2	-924	2676	1081790
3321000	-7	-920	-7791	1087141
3331000	2	-916	1876	1092069
3341000	3	-907	3982	1102163
3351000	8	-903	9623	1107032
3361000	9	-910	10756	1098639
3371000	13	-897	16400	1114447
3381000	11	-895	13314	1116913
3391000	17	-893	21695	1119420
3401000	11	-889	14007	1124334
3411000	13	-890	16515	1123709
3421000	10	-888	13250	1126313
3431000	14	-885	18018	1130235
3441000	10	-881	12485	1135047
3451000	8	-876	10323	1141188
3461000	6	-870	8004	1149853
3471000	4	-868	5690	1151484
3481000	4	-868	4787	1151749
3491000	3	-864	3887	1156921
3501000	-1	-858	-1023	1165674
3511000	-2	-850	-2484	1175840
3521000	3	-850	3947	1176293
3531000	1	-849	1628	1177795
3541000	6	-844	9058	1184684
3551000	6	-842	7815	1187633
3561000	11	-837	15557	1194637
3571000	11	-836	16040	1196168
3581000	9	-834	12386	1199140
3591000	10	-833	13794	1199677
3601000	9	-827	13709	1209351
3611000	9	-824	13682	1213718
3621000	15	-817	21915	1223570
3631000	6	-822	8843	1217039
3641000	13	-806	19394	1240858
3651000	15	-808	22285	1237185
3661000	15	-803	22750	1244557
3671000	16	-805	24644	1242268
3681000	19	-799	28998	1251240
3691000	17	-801	26253	1247378
3701000	12	-795	18234	1257924
3711000	13	-794	21220	1259769
3721000	13	-794	21332	1258739
3731000	12	-790	19960	1265027
3741000	12	-790	18716	1265355
3751000	13	-790	20611	1265639
3761000	10	-786	16462	1271819
3771000	7	-784	12136	1275167
3781000	6	-777	10360	1287425
3791000	4	-774	7401	1292344
3801000	10	-771	16648	1297632
3811000	7	-767	12012	1304129
3821000	4	-759	7106	1316878
3831000	7	-757	11806	1320661
3841000	6	-753	10357	1327563
3851000	6	-752	10675	1329496
3861000	8	-751	13949	1331851
3871000	7	-745	12426	1342049
3881000	5	-748	9684	1337586
3891000	5	-744	9725	1343145
3901000	1	-736	2624	1358105
3911000	4	-734	7550	1362236
3921000	1	-736	2736	1359154
3931000	10	-731	18019	1366939
3941000	4	-732	8267	1365339
3951000	6	-718	10853	1391775
3961000	6	-719	11055	1390737
3971000	9	-712	17808	1404018
3981000	16	-712	32418	1403120
3991000	16	-709	32620	1409024
4001000	13	-705	25402	1418553
4011000	12	-706	23723	1415471
4021000	11	-701	21729	1426920
4031000	16	-701	33423	1425812
4041000	24	-697	50191	1433703
4051000	14	-696	28054	1436222
4061000	14	-700	28627	1427507
4071000	15	-692	32155	1445019
4081000	14	-692	28543	1443787
4091000	10	-691	20945	1446536
4101000	14	-688	28719	1452875
4111000	14	-687	29003	1455323
4121000	10	-675	21102	1481158
4131000	8	-678	17511	1475661
4141000	8	-678	17560	1474308
4151000	3	-669	6908	1494464
4161000	4	-667	9031	1499243
4171000	4	-664	8977	1505962
4181000	2	-663	4699	1508521
4191000	1	-663	2610	1508905
4201000	5	-658	10649	1520632
4211000	4	-656	8659	1525414
4221000	6	-653	15039	1530579
4231000	7	-655	17399	1527353
4241000	4	-647	10491	1544693
4251000	10	-648	23835	1543788
4261000	5	-644	12753	1552819
4271000	5	-641	12367	1560256
4281000	4	-641	10251	1560849
4291000	5	-638	12365	1566127
4301000	7	-635	16944	1573760
4311000	7	-632	17005	1581315
4321000	7	-631	16906	1584374
4331000	5	-624	13782	1603566
4341000	8	-619	20361	1614308
4351000	9	-616	24895	1622378
4361000	6	-615	15217	1625230
4371000	5	-619	13353	1616347
4381000	8	-606	21997	1648993
4391000	8	-609	22708	1642437
4401000	7	-607	20120	1648031
4411000	8	-606	22922	1648903
4421000	8	-606	20644	1649722
4431000	10	-604	27987	1655827
4441000	9	-604	23336	1653942
4451000	10	-601	28117	1662614
4461000	10	-604	28380	1655922
4471000	11	-598	30621	1672044
4481000	9	-595	25403	1680356
4491000	11	-595	31047	1678796
4501000	11	-601	31748	1661926
4511000	4	-592	10204	1689812
4521000	7	-594	20855	1683519
4531000	8	-592	23254	1689697
4541000	6	-589	17849	1697996
4551000	5	-585	14837	1709320
4561000	5	-582	14426	1718189
4571000	5	-581	14224	1721772
4581000	7	-578	19497	1731049
4591000	4	-573	13634	1745598
4601000	5	-567	15616	1763520
4611000	6	-570	18994	1753412
4621000	7	-563	21078	1777323
4631000	7	-565	21653	1769672
4641000	6	-561	18087	1782300
4651000	4	-560	12128	1785951
4661000	5	-557	17569	1795910
4671000	4	-557	12162	1793700
4681000	0	-557	331	1796912
4691000	1	-548	4517	1824868
4701000	3	-548	10718	1823253
4711000	1	-549	4776	1821029
4721000	2	-547	7404	1828307
4731000	1	-545	3868	1835249
4741000	1	-542	3256	1845457
4751000	-2	-534	-5356	1874276
4761000	5	-533	17197	1877012
4771000	5	-528	16373	1894402
4781000	6	-525	22762	1905816
4791000	7	-524	26010	1907230
4801000	9	-519	31832	1925455
4811000	6	-519	21961	1925991
4821000	9	-512	34348	1952058
4831000	8	-516	28323	1935775
4841000	8	-519	28704	1926768
4851000	7	-512	27798	1952005
4861000	12	-515	45694	1940146
4871000	9	-515	35700	1940978
4881000	7	-510	27923	1959323
4891000	13	-512	49257	1950968
4901000	8	-512	31857	1951631
4911000	11	-510	42107	1960399
4921000	8	-510	31730	1961234
4931000	10	-510	38869	1959392
4941000	8	-509	31528	1963758
4951000	8	-510	31774	1961578
4961000	12	-512	46341	1952879
4971000	13	-506	49448	1975464
4981000	7	-501	27074	1993785
4991000	8	-499	30341	2002547
5001000	5	-496	22230	2014399
5011000	4	-495	14757	2018873
5021000	2	-491	9740	2035033
5031000	2	-487	8121	2055277
5041000	2	-482	10672	2072484
5051000	7	-482	30133	2075345
5061000	2	-480	10208	2083374
5071000	5	-479	22090	2085558
5081000	4	-477	17403	2094680
5091000	4	-474	16410	2108210
5101000	4	-472	19843	2118035
5111000	5	-468	22788	2136389
5121000	4	-468	18614	2137598
5131000	5	-464	21533	2156244
5141000	6	-462	29609	2162460
5151000	7	-462	33767	2164242
5161000	4	-463	17203	2160550
5171000	8	-460	38157	2171940
5181000	9	-458	41893	2182428
5191000	10	-455	50169	2197594
5201000	12	-453	58755	2203935
5211000	12	-459	55197	2178857
5221000	13	-450	62499	2220738
5231000	14	-445	70827	2245559
5241000	15	-446	75728	2238080
5251000	18	-446	89936	2240048
5261000	19	-443	94608	2251091
5271000	17	-438	89314	2281164
5281000	15	-438	79675	2277969
5291000	6	-436	30941	2292209
5301000	14	-439	75021	2276735
5311000	14	-436	74565	2292965
5321000	17	-435	88949	2295010
5331000	9	-431	48690	2320176
5341000	9	-431	49014	2317207
5351000	9	-430	49029	2324000
5361000	11	-427	58153	2341351
5371000	9	-426	47892	2347999
5381000	12	-424	67881	2355696
5391000	12	-425	68045	2352476
5401000	12	-422	67070	2369712
5411000	12	-422	67080	2366385
5421000	10	-419	55807	2383419
5431000	13	-421	71618	2375556
5441000	11	-418	60892	2392999
5451000	14	-414	81496	2411711
5461000	18	-416	102883	2398047
5471000	15	-412	86226	2421194
5481000	18	-413	107904	2418054
5491000	17	-411	102225	2430937
5501000	22	-414	129139	2411341
5511000	17	-413	96665	2418384
5521000	16	-408	96104	2447831
5531000	18	-406	106981	2455582
5541000	18	-407	107271	2452183
5551000	18	-403	112633	2476865
5561000	14	-400	89211	2495872
5571000	19	-406	112671	2459005
5581000	16	-399	100434	2500552
5591000	10	-395	64322	2530678
5601000	13	-396	82196	2521860
5611000	7	-394	45480	2539802
5621000	1	-393	9048	2544860
5631000	10	-389	68040	2570075
5641000	5	-390	31963	2563863
5651000	-1	-387	-6482	2580996
5661000	8	-385	54007	2594903
5671000	8	-384	53311	2603384
5681000	3	-380	19587	2628515
5691000	6	-379	44220	2639467
5701000	7	-375	48633	2668153
5711000	7	-379	50294	2637993
5721000	8	-372	60020	2686997
5731000	12	-368	85678	2711228
5741000	12	-369	85895	2707024
5751000	11	-366	84666	2730222
5761000	15	-361	118390	2761972
5771000	10	-361	75504	2770558
5781000	5	-363	40785	2756772
5791000	13	-354	101555	2820640
5801000	14	-355	108993	2808796
5811000	11	-352	85303	2840076
5821000	11	-351	92456	2843316
5831000	10	-352	77716	2838521
5841000	15	-354	122955	2820954
5851000	12	-348	98476	2867942
5861000	9	-348	74984	2869584
5871000	8	-344	64974	2902636
5881000	8	-345	64686	2897940
5891000	8	-344	63902	2908765
5901000	9	-344	79723	2904935
5911000	9	-343	78575	2915491
5921000	8	-341	69374	2934308
5931000	11	-342	93910	2923345
5941000	9	-339	76314	2949582
5951000	8	-337	66631	2968450
5961000	10	-338	91425	2956856
5971000	8	-338	66570	2958929
5981000	6	-340	51748	2936873
5991000	8	-334	72098	2990204
6001000	10	-335	88703	2985725
6011000	12	-333	104668	2998859
6021000	9	-325	83061	3078445
6031000	8	-328	75873	3046726
6041000	11	-329	102072	3034480
6051000	11	-326	100147	3063262
6061000	11	-327	99958	3057854
6071000	11	-324	107371	3079094
6081000	12	-322	115117	3100854
6091000	15	-323	141792	3087439
6101000	15	-324	141405	3081879
6111000	18	-318	176435	3130859
6121000	17	-318	167371	3134994
6131000	15	-315	147985	3166227
6141000	19	-317	184788	3142772
6151000	12	-314	118629	3182380
6161000	15	-315	146847	3168697
6171000	17	-312	174129	3191391
6181000	23	-312	230425	3184976
6191000	15	-308	153101	3236801
6201000	9	-305	101441	3277957
6211000	11	-308	112966	3243525
6221000	12	-290	145984	3447530
6231000	24	-299	262897	3323082
6241000	11	-293	124302	3411007
6251000	12	-292	134559	3415627
6261000	15	-289	176569	3454111
6271000	7	-291	77405	3431966
6281000	5	-285	60372	3502221
6291000	14	-283	173292	3524950
6301000	13	-280	171698	3564402
6311000	10	-278	134408	3592313
6321000	12	-276	157572	3610945
6331000	15	-276	193328	3617005
6341000	12	-276	155965	3621179
6351000	12	-274	154643	3638325
6361000	6	-274	78876	3651893
6371000	13	-268	175855	3725274
6381000	13	-268	175295	3717706
6391000	9	-276	115102	3618772
6401000	7	-270	97532	3698664
6411000	11	-272	149094	3669739
6421000	9	-269	120819	3711919
6431000	8	-269	106906	3716418
6441000	7	-266	103062	3760730
6451000	7	-269	93018	3712738
6461000	11	-273	146024	3658121
6471000	12	-271	169123	3676890
6481000	11	-269	154617	3707258
6491000	10	-262	149929	3803985
6501000	12	-266	164263	3756628
6511000	10	-264	148680	3788660
6521000	16	-267	229018	3729999
6531000	11	-262	159357	3814562
6541000	12	-267	174600	3740687
6551000	14	-255	211086	3913024
6561000	16	-255	238959	3904093
6571000	11	-259	168321	3851972
6581000	15	-254	236519	3915381
6591000	14	-254	221405	3920736
6601000	15	-252	234772	3956729
6611000	10	-252	160081	3961453
6621000	12	-252	188629	3954988
6631000	12	-243	197599	4113796
6641000	16	-246	260519	4042113
6651000	12	-247	197918	4032284
6661000	12	-248	197243	4023129
6671000	13	-244	210095	4092396
6681000	12	-242	208627	4114818
6691000	9	-242	159098	4119819
6701000	13	-244	222652	4081394
6711000	12	-242	204680	4120668
6721000	11	-242	187459	4127521
6731000	11	-240	185815	4150117
6741000	8	-238	148925	4205093
6751000	7	-237	130301	4211311
6761000	9	-239	164946	4170281
6771000	6	-236	109287	4240010
6781000	9	-237	160488	4216929
6791000	9	-235	157149	4242349
6801000	12	-234	222814	4270211
6811000	10	-232	186987	4293998
6821000	10	-231	184280	4317909
6831000	10	-234	184666	4273018
6841000	12	-227	232846	4387114
6851000	13	-227	249149	4395574
6861000	16	-219	323139	4536697
6871000	20	-220	416042	4502836
6881000	16	-220	319272	4514512
6891000	17	-215	359083	4620984
6901000	22	-216	457035	4586335
6911000	18	-212	398778	4679927
6921000	19	-218	392710	4546746
6931000	18	-215	393911	4616336
6941000	20	-215	432220	4603565
6951000	18	-212	392485	4676042
6961000	15	-208	350522	4791567
6971000	28	-209	622090	4695857
6981000	19	-210	430856	4720890
6991000	17	-207	390121	4797444
7001000	20	-208	452061	4762071
7011000	14	-205	343811	4863442
7021000	17	-206	408015	4826598
7031000	17	-203	408636	4903394
7041000	21	-206	491101	4798799
7051000	14	-201	336249	4949233
7061000	14	-205	334746	4845727
7071000	11	-199	285282	5015000
7081000	16	-201	400859	4931634
7091000	12	-197	305215	5059584
7101000	9	-197	229358	5069845
7111000	16	-196	421846	5059344
7121000	10	-192	269990	5194503
7131000	11	-202	275787	4940398
7141000	5	-191	134280	5236277
7151000	8	-192	212023	5200685
7161000	3	-192	81808	5200848
7171000	5	-191	127474	5241498
7181000	4	-189	121964	5279314
7191000	8	-191	228008	5223078
7201000	3	-185	102197	5414753
7211000	7	-188	190144	5325735
7221000	6	-184	180300	5418332
7231000	5	-184	149681	5426811
7241000	8	-185	233190	5391366
7251000	9	-182	282968	5490300
7261000	8	-181	251175	5501445
7271000	6	-182	192983	5481552
7281000	9	-178	269646	5614646
7291000	7	-175	231980	5688765
7301000	4	-172	123329	5822977
7311000	7	-170	247503	5880031
7321000	12	-171	410028	5836214
7331000	7	-167	234919	5976789
7341000	6	-167	197583	5990393
7351000	6	-164	224223	6076206
7361000	7	-164	254226	6092949
7371000	11	-168	395313	5941951
7381000	6	-161	242793	6200068
7391000	5	-159	194274	6288008
7401000	5	-159	190965	6269256
7411000	8	-160	305210	6218145
7421000	9	-157	372989	6349792
7431000	1	-157	59920	6378964
7441000	7	-156	288254	6380275
7451000	7	-152	314432	6560988
7461000	6	-152	266979	6579320
7471000	1	-155	33065	6449035
7481000	4	-142	221760	7059997
7491000	8	-141	408422	7047817
7501000	7	-148	328256	6749091
7511000	8	-144	406413	6904839
7521000	7	-142	351850	7017520
7531000	11	-132	640705	7500206
7541000	12	-139	627219	7161826
7551000	17	-134	936496	7316464
7561000	15	-143	703355	6912866
7571000	13	-132	727037	7487335
7581000	11	-135	613209	7357247
7591000	13	-135	712514	7332691
7601000	12	-135	657977	7358644
7611000	13	-134	704059	7381263
7621000	11	-133	596287	7459253
7631000	16	-133	907613	7416181
7641000	13	-129	759267	7675437
7651000	13	-131	745147	7533546
7661000	16	-131	903595	7546148
7671000	10	-132	572524	7529825
7681000	14	-132	787437	7496302
7691000	13	-132	727402	7532139
7701000	12	-131	665064	7561900
7711000	13	-133	712945	7478968
7721000	12	-129	713026	7670330
7731000	12	-132	703722	7535097
7741000	12	-132	697639	7505024
7751000	13	-130	752249	7637238
7761000	13	-130	747016	7604524
7771000	10	-128	574919	7748742
7781000	11	-129	681657	7721546
7791000	8	-128	502047	7752568
7801000	9	-126	550851	7900788
7811000	15	-131	879359	7512082
7821000	10	-123	658200	8078009
7831000	12	-121	787307	8161365
7841000	11	-125	710037	7943185
7851000	15	-123	955069	8024293
7861000	15	-120	1025191	8176091
7871000	13	-123	880133	8028099
7881000	15	-119	1017618	8243026
7891000	18	-115	1308257	8456850
7901000	14	-117	1021880	8454875
7911000	10	-114	739371	8715919
7921000	18	-114	1381765	8546294
7931000	15	-114	1168444	8614514
7941000	10	-108	892590	9214264
7951000	19	-109	1568452	8856735
7961000	12	-101	1163473	9719507
7971000	10	-98	996816	10064607
7981000	10	-106	869937	9384204
7991000	9	-102	870487	9700499
8001000	12	-105	1113952	9376025
8011000	14	-105	1271632	9315630
8021000	10	-96	1061725	10311633
8031000	6	-99	646499	10074037
8041000	7	-98	731734	10127992
8051000	7	-97	717819	10273098
8061000	9	-101	898741	9826932
8071000	6	-94	687819	10578681
8081000	10	-94	1106053	10523378
8091000	7	-96	775706	10366379
8101000	3	-90	389384	11081705
8111000	6	-94	629278	10591172
8121000	6	-90	699489	11120179
8131000	2	-88	310134	11394256
8141000	3	-83	362907	11988566
8151000	5	-87	654076	11415699
8161000	4	-85	488000	11715543
8171000	5	-86	623314	11528334
8181000	3	-84	446336	11861691
8191000	7	-89	846836	11181561
8201000	3	-85	431381	11728067
8211000	4	-83	528623	12075848
8221000	12	-83	1757637	11812864
8231000	10	-73	1772350	13489250
8241000	8	-80	1194846	12318714
8251000	12	-74	2078109	13273498
8261000	13	-75	2190562	12983933
8271000	10	-72	1915409	13639925
8281000	15	-68	3163587	14104950
8291000	13	-70	2632785	13762093
8301000	15	-63	3563474	14896901
8311000	10	-69	2082694	14267196
8321000	18	-63	4145322	14704404
8331000	20	-58	5246965	15382662
8341000	13	-62	3145565	15503783
8351000	15	-59	4042684	15866927
8361000	16	-63	3668483	14871976
8371000	13	-57	3896781	16543942
8381000	14	-60	3687904	15934909
8391000	15	-63	3627765	15062465
8401000	15	-56	4406280	16566009
8411000	16	-56	4719871	16609995
8421000	14	-58	3959455	16130182
8431000	11	-54	3818028	17849065
8441000	10	-53	3486519	18104936
8451000	12	-51	4249576	18467057
8461000	11	-53	3759096	18061963
8471000	13	-53	4309316	17764798
8481000	12	-55	3833170	17448000
8491000	12	-50	4544768	18846722
8501000	13	-45	6116911	20644354
8511000	11	-50	4172171	18967884
8521000	7	-49	2749110	19851011
8531000	8	-53	2910651	18545869
8541000	8	-48	3493751	20159528
8551000	6	-49	2625663	20028820
8561000	5	-49	2203516	20262766
8571000	7	-44	3692453	22199302
8581000	8	-43	4151786	22458957
8591000	4	-44	2109856	22385372
8601000	7	-43	3579454	22515920
8611000	5	-44	2457322	22363950
8621000	8	-43	3932442	22511535
8631000	5	-47	2329495	21050819
8641000	7	-40	4045492	24191019
8651000	8	-40	4685403	24369016
8661000	7	-39	4105312	24785763
8671000	10	-40	5710735	23519472
8681000	6	-38	4246435	25492659
8691000	10	-38	6602736	24644238
8701000	9	-38	6006690	25216163
8711000	8	-37	5356653	25786902
8721000	7	-36	5574563	26858732
8731000	9	-31	8991228	29600967
8741000	6	-31	6354364	30999184
8751000	12	-32	10313461	26905903
8761000	10	-31	9364519	28936176
8771000	13	-30	11852918	28047303
8781000	7	-26	9250895	35315942
8791000	12	-29	12264478	29295572
8801000	10	-28	11249354	31704385
8811000	8	-26	11444641	35124957
8821000	11	-27	13644476	31807312
8831000	12	-26	14901621	31673288
8841000	13	-28	13145080	29494907
8851000	13	-23	19382686	32560106
8861000	12	-23	16928330	34339006
8871000	14	-25	16469487	30484527
8881000	15	-24	19360083	30004333
8891000	11	-21	19434446	37986689
8901000	15	-24	18419772	29665475
8911000	14	-21	22291175	32583715
8921000	12	-20	22261429	36737780
8931000	15	-21	22902128	31364096
8941000	17	-24	19542982	28054258
8951000	16	-16	32087776	31230829
8961000	17	-15	33654578	29652355
8971000	18	-16	31271436	27821819
8981000	18	-13	35694599	25933572
8991000	20	-14	34170818	22762673
9001000	19	-11	39039423	23305345
9011000	22	-7	40923995	13418324
9021000	20	-10	39543073	19113772
9031000	22	-6	42988493	12008407
9041000	22	-6	42466045	12563364
9051000	30	-4	32509672	4807496
9061000	23	-12	33782233	17454584
9071000	25	-10	34577914	13934029
9081000	27	-5	35863180	6763073
9091000	22	3	43909561	-5057634
9101000	22	2	44174439	-4389716
9111000	25	10	34507788	-14329556
9121000	23	6	40319573	-9579491
9131000	21	-2	47983923	3529231
9141000	20	-0	49148909	80379
9151000	22	7	41385149	-13292377
9161000	29	10	30604999	-10601670
9171000	22	2	44002859	-4664646
9181000	25	7	37307610	-11061692
9191000	22	10	37187711	-17452621
9201000	16	9	47811999	-25825868
9211000	20	16	30355026	-24903709
9221000	21	5	45454595	-10772266
9231000	18	13	36367700	-26008734
9241000	17	15	32655205	-29960126
9251000	15	16	31992151	-32337034
9261000	17	17	28573999	-29343569
9271000	13	18	25507744	-36978280
9281000	16	19	26512763	-30228821
9291000	18	24	20322401	-26311091
9301000	11	20	20711857	-38502645
9311000	17	21	23693238	-29283456
9321000	11	21	19078109	-38099066
9331000	15	24	18266130	-29961252
9341000	15	24	18816915	-30139845
9351000	13	21	21414407	-33834019
9361000	19	24	20199109	-26052673
9371000	13	24	18191054	-31989625
9381000	13	25	16366335	-31324801
9391000	16	26	17024543	-28038961
9401000	17	27	16717402	-27035501
9411000	14	28	14473098	-28403398
9421000	15	29	14378681	-27394599
9431000	17	29	15310176	-25853469
9441000	16	29	14462916	-26569941
9451000	16	32	12527333	-24984378
9461000	14	28	13958242	-28843402
9471000	14	31	12256695	-26839117
9481000	15	37	9485427	-23419806
9491000	15	31	12426075	-26198266
9501000	15	34	11078534	-24571995
9511000	14	36	9162083	-24200746
9521000	17	35	11044937	-23067031
9531000	15	34	10593525	-24456253
9541000	19	36	11452636	-21508469
9551000	15	37	9418643	-23221945
9561000	18	33	12505609	-23517575
9571000	16	37	9554046	-22783137
9581000	11	37	7206175	-25030662
9591000	18	37	10562842	-22115762
9601000	16	39	8871406	-21854609
9611000	14	40	7503261	-22287830
9621000	14	40	7623403	-22496794
9631000	16	43	7540172	-20435008
9641000	13	43	6244821	-21378496
9651000	13	44	6339666	-20786425
9661000	10	39	6401856	-23870026
9671000	13	40	7350077	-22478238
9681000	13	43	6646727	-21180370
9691000	11	44	5343957	-21329358
9701000	11	46	4849652	-20785673
9711000	9	50	3363045	-19428570
9721000	10	49	3927444	-19754622
9731000	4	45	1970092	-21963610
9741000	7	46	3089757	-21108985
9751000	6	50	2378922	-19735586
9761000	10	47	4161010	-20389757
9771000	8	47	3645476	-20426872
9781000	10	47	4426286	-20102400
9791000	8	52	3013977	-18797847
9801000	9	58	2721817	-16876875
9811000	8	53	2789378	-18476367
9821000	10	56	3150440	-17283674
9831000	11	55	3574390	-17460842
9841000	6	55	2008698	-18099239
9851000	10	55	3220335	-17607771
9861000	12	58	3523962	-16441428
9871000	14	57	3920951	-16558010
9881000	11	65	2438794	-14923989
9891000	13	65	2855595	-14744622
9901000	9	62	2342413	-15781492
9911000	17	69	3422887	-13740413
9921000	18	69	3470153	-13528096
9931000	13	70	2625773	-13728379
9941000	14	63	3318694	-15215356
9951000	14	65	3173678	-14584273
9961000	17	72	3111368	-13205044
9971000	17	68	3349931	-13824549
9981000	13	73	2394985	-13194333
9991000	21	80	3118471	-11728101
10001000	18	74	3055602	-12689878
10011000	17	75	2856475	-12721953
10021000	18	77	2922828	-12300974
10031000	20	75	3379394	-12402889
10041000	17	77	2698876	-12383555
10051000	21	78	3229981	-12028144
10061000	13	79	2038232	-12358381
10071000	20	78	3041634	-12091805
10081000	16	83	2302305	-11613692
10091000	18	78	2892853	-12181888
10101000	24	77	3603828	-11836883
10111000	18	87	2257417	-10970345
10121000	14	79	2237249	-12237643
10131000	20	89	2356063	-10715740
10141000	22	82	3053078	-11417647
10151000	14	78	2263279	-12448285
10161000	15	86	1918489	-11324250
10171000	18	80	2645609	-11939480
10181000	19	82	2742655	-11563427
10191000	17	81	2523048	-11797411
10201000	19	81	2774487	-11669601
10211000	16	84	2200720	-11433741
10221000	13	86	1653525	-11336579
10231000	20	87	2534357	-10968724
10241000	14	80	2086602	-12142584
10251000	17	82	2452562	-11633457
10261000	17	86	2173602	-11219400
10271000	19	84	2576095	-11320970
10281000	17	86	2225750	-11126999
10291000	26	87	3200124	-10524422
10301000	13	83	1902877	-11728291
10311000	17	84	2401629	-11466134
10321000	25	78	3653885	-11631259
10331000	16	86	2081951	-11301178
10341000	16	86	2131011	-11164269
10351000	15	89	1827523	-10948232
10361000	17	87	2196055	-11074915
10371000	16	89	1897356	-10883395
10381000	19	88	2288085	-10823269
10391000	19	89	2289225	-10683879
10401000	16	93	1844076	-10467623
10411000	10	93	1116385	-10625558
10421000	15	91	1803405	-10698701
10431000	21	91	2378574	-10488607
10441000	15	94	1617788	-10366042
10451000	17	92	1946877	-10482557
10461000	19	94	2013545	-10195860
10471000	21	95	2196444	-10101046
10481000	12	93	1416802	-10621238
10491000	20	96	2075445	-10005022
10501000	18	98	1827070	-9849228
10511000	12	102	1172182	-9705040
10521000	21	101	1952221	-9515660
10531000	22	92	2461497	-10223535
10541000	17	113	1280790	-8667992
10551000	15	105	1338761	-9324276
10561000	20	107	1683073	-9045209
10571000	17	107	1411668	-9137584
10581000	22	112	1660613	-8614673
10591000	19	110	1505797	-8844136
10601000	22	104	1937514	-9202445
10611000	15	110	1249798	-8947902
10621000	14	113	1106380	-8683562
10631000	12	118	883862	-8394549
10641000	23	109	1841758	-8789992
10651000	23	109	1839032	-8813516
10661000	14	119	965879	-8262592
10671000	17	117	1255447	-8377845
10681000	19	116	1368847	-8424948
10691000	12	118	848795	-8390318
10701000	14	123	898933	-8009577
10711000	14	121	954925	-8152557
10721000	12	120	826213	-8229370
10731000	14	117	990412	-8430062
10741000	16	124	1048127	-7942403
10751000	12	125	746940	-7961865
10761000	10	125	656498	-7947488
10771000	9	123	608661	-8052273
10781000	11	129	669332	-7699398
10791000	13	140	655236	-7105506
10801000	12	133	692952	-7465669
10811000	21	137	1081074	-7117656
10821000	21	137	1092788	-7125397
10831000	10	135	517486	-7357428
10841000	13	138	675588	-7183834
10851000	11	135	609806	-7342096
10861000	16	139	797459	-7107514
10871000	15	137	775174	-7202320
10881000	9	137	498584	-7272795
10891000	15	148	690747	-6673616
10901000	12	148	538299	-6697909
10911000	12	143	582481	-6965190
10921000	14	146	660531	-6787137
10931000	15	150	664119	-6585689
10941000	15	148	695574	-6681692
10951000	16	149	721921	-6636000
10961000	15	155	607152	-6408822
10971000	12	151	536170	-6584933
10981000	17	155	689094	-6391724
10991000	16	151	710371	-6541296
11001000	14	154	562495	-6428673
11011000	18	153	755596	-6452475
11021000	13	154	550686	-6445192
11031000	14	155	571574	-6401638
11041000	14	153	609396	-6496452
11051000	10	153	408501	-6489020
11061000	16	153	677562	-6485976
11071000	18	156	740160	-6327735
11081000	12	154	518141	-6442072
11091000	13	155	544079	-6408845
11101000	17	158	657079	-6270333
11111000	15	156	626423	-6332652
11121000	12	156	496518	-6358826
11131000	14	156	567317	-6340315
11141000	14	157	578810	-6297503
11151000	13	158	528176	-6283577
11161000	16	156	646894	-6341317
11171000	14	158	559661	-6261015
11181000	15	160	588193	-6212228
11191000	16	161	603765	-6166659
11201000	12	161	468073	-6183589
11211000	18	158	706865	-6229369
11221000	12	163	461510	-6089396
11231000	12	163	459893	-6105812
11241000	16	157	623660	-6310002
11251000	15	162	577351	-6116136
11261000	15	166	523881	-5985521
11271000	12	165	449346	-6027447
11281000	16	168	551789	-5900323
11291000	14	165	514330	-6013367
11301000	14	170	472637	-5838550
11311000	11	166	407866	-5995601
11321000	17	167	614679	-5916806
11331000	12	165	453745	-6042168
11341000	13	169	469719	-5888306
11351000	13	174	443118	-5718740
11361000	14	169	495401	-5860863
11371000	15	171	502421	-5812679
11381000	15	172	519617	-5774955
11391000	11	172	364175	-5775390
11401000	13	179	416287	-5546402
11411000	17	179	521110	-5549080
11421000	14	177	438717	-5624442
11431000	9	183	269351	-5454175
11441000	13	180	391411	-5520828
11451000	20	177	623234	-5569500
11461000	14	177	448791	-5613198
11471000	15	178	463692	-5582018
11481000	22	180	659238	-5467540
11491000	15	181	450633	-5497935
11501000	14	179	429949	-5552504
11511000	18	182	525882	-5450947
11521000	15	180	450423	-5532484
11531000	14	181	426537	-5481868
11541000	9	181	260946	-5504985
11551000	17	186	483913	-5321645
11561000	12	184	357121	-5415577
11571000	19	188	522705	-5262358
11581000	17	185	486425	-5350746
11591000	14	187	400106	-5326950
11601000	15	186	439579	-5354341
11611000	16	186	458122	-5324827
11621000	11	187	325546	-5322032
11631000	14	187	412267	-5318816
11641000	13	187	368532	-5309701
11651000	9	189	252693	-5267296
11661000	10	189	287295	-5289094
11671000	10	190	265885	-5241660
11681000	11	192	299038	-5182523
11691000	11	192	300135	-5190334
11701000	11	192	297353	-5202856
11711000	7	191	182349	-5241951
11721000	12	191	323001	-5221831
11731000	10	191	279999	-5210952
11741000	8	191	231915	-5237647
11751000	9	195	247926	-5117593
11761000	10	196	261014	-5087012
11771000	10	196	258738	-5096404
11781000	9	194	240681	-5144503
11791000	4	194	103464	-5164560
11801000	8	194	199749	-5138573
11811000	10	196	261922	-5090024
11821000	4	192	114595	-5199182
11831000	6	200	138850	-4997444
11841000	10	199	257786	-5021864
11851000	7	202	170727	-4947735
11861000	9	197	237627	-5074593
11871000	10	197	251030	-5050909
11881000	8	200	195003	-4985957
11891000	8	204	189416	-4905071
11901000	11	203	274712	-4909961
11911000	8	205	179150	-4868655
11921000	7	207	161177	-4829686
11931000	6	212	140000	-4709262
11941000	8	200	205911	-4988804
11951000	8	203	204340	-4914423
11961000	7	209	151695	-4781170
11971000	5	208	126670	-4811821
11981000	14	218	284577	-4562753
11991000	8	212	181400	-4699525
12001000	11	217	236559	-4590132
12011000	9	216	193359	-4611156
12021000	13	219	264584	-4544993
12031000	13	220	275123	-4523285
12041000	13	219	260996	-4556078
12051000	14	221	277120	-4501341
12061000	15	222	313585	-4489872
12071000	16	226	320583	-4403139
12081000	12	232	213359	-4299428
12091000	14	225	279943	-4427726
12101000	14	227	264484	-4392400
12111000	14	227	265109	-4397542
12121000	21	233	385297	-4261444
12131000	12	227	237944	-4392811
12141000	15	229	279271	-4353740
12151000	22	235	395851	-4224210
12161000	17	230	326642	-4320916
12171000	14	227	261932	-4392412
12181000	12	231	232343	-4324360
12191000	16	230	296228	-4321889
12201000	19	232	347039	-4287853
12211000	16	231	307715	-4310206
12221000	17	232	307744	-4283573
12231000	16	229	312271	-4353651
12241000	16	237	289896	-4198314
12251000	16	233	291521	-4267227
12261000	14	236	250358	-4228759
12271000	17	239	303132	-4167058
12281000	17	234	302365	-4254102
12291000	17	235	312994	-4231485
12301000	16	237	289518	-4198426
12311000	17	232	306756	-4297262
12321000	19	235	333101	-4226257
12331000	19	238	328816	-4170844
12341000	18	237	315604	-4202094
12351000	15	244	245377	-4091396
12361000	18	239	308577	-4155348
12371000	15	239	270840	-4173530
12381000	16	236	283475	-4210159
12391000	11	237	186675	-4203875
12401000	13	238	226143	-4193408
12411000	17	239	291058	-4171037
12421000	17	240	298443	-4151373
12431000	15	239	259376	-4169581
12441000	15	239	258948	-4176613
12451000	16	241	278674	-4133732
12461000	14	240	244997	-4153247
12471000	17	242	281732	-4111948
12481000	14	241	246150	-4132913
12491000	18	246	289381	-4039168
12501000	13	240	230305	-4161438
12511000	14	244	238043	-4085083
12521000	15	243	261237	-4098108
12531000	17	242	287244	-4114924
12541000	16	244	272872	-4085030
12551000	12	250	188171	-3994580
12561000	16	247	257304	-4031465
12571000	13	248	213408	-4016918
12581000	13	241	215404	-4139412
12591000	15	245	243883	-4071058
12601000	15	246	249396	-4053094
12611000	17	248	269022	-4012155
12621000	16	252	244014	-3955234
12631000	13	248	207783	-4027396
12641000	14	248	232139	-4013059
12651000	17	250	272000	-3980121
12661000	13	253	209547	-3935812
12671000	14	251	219946	-3971437
12681000	15	252	232257	-3954454
12691000	17	258	247452	-3861286
12701000	19	250	299819	-3982241
12711000	19	251	304774	-3959882
12721000	18	253	284373	-3932615
12731000	18	256	278958	-3884565
12741000	20	258	296766	-3846651
12751000	19	257	285075	-3872305
12761000	17	257	259409	-3867562
12771000	19	258	286277	-3858645
12781000	18	258	261207	-3853323
12791000	18	258	261704	-3857914
12801000	18	257	276520	-3869340
12811000	20	260	288324	-3827575
12821000	20	261	293540	-3808208
12831000	16	265	220941	-3758682
12841000	19	265	269914	-3758550
12851000	22	261	322423	-3810785
12861000	21	261	299225	-3805220
12871000	21	264	291844	-3758064
12881000	18	264	258696	-3773215
12891000	20	268	282923	-3715559
12901000	22	261	316501	-3807726
12911000	19	264	278848	-3771500
12921000	19	269	262295	-3700194
12931000	27	266	373188	-3716080
12941000	21	266	294509	-3739726
12951000	25	267	345533	-3713589
12961000	19	270	265126	-3687404
12971000	25	271	342752	-3653126
12981000	18	268	246973	-3712616
12991000	22	266	310662	-3739103
13001000	21	270	285753	-3686582
13011000	25	271	337097	-3663968
13021000	22	266	315928	-3734733
13031000	21	273	274438	-3648276
13041000	21	272	286506	-3657288
13051000	23	271	306584	-3670552
13061000	16	274	205658	-3636417
13071000	26	271	354210	-3651636
13081000	23	278	293742	-3569599
13091000	23	276	303273	-3601220
13101000	20	277	262221	-3588863
13111000	21	278	264571	-3571820
13121000	24	280	299096	-3545193
13131000	21	285	256527	-3489596
13141000	23	283	285139	-3505334
13151000	34	286	410285	-3442456
13161000	29	287	350879	-3445926
13171000	23	286	282402	-3470047
13181000	27	293	310901	-3384945
13191000	22	295	255546	-3368416
13201000	23	287	280120	-3460928
13211000	22	289	266802	-3440566
13221000	26	292	302460	-3399593
13231000	19	293	225146	-3394158
13241000	23	291	272693	-3416742
13251000	25	293	284880	-3384956
13261000	26	296	295194	-3355803
13271000	26	297	292265	-3340156
13281000	25	296	286673	-3358689
13291000	29	295	324935	-3356485
13301000	26	300	282779	-3308197
13311000	24	302	266585	-3289510
13321000	27	297	306685	-3343452
13331000	21	298	233857	-3341134
13341000	26	298	294215	-3328629
13351000	26	307	278167	-3235455
13361000	28	304	304465	-3264721
13371000	26	306	275934	-3242456
13381000	22	299	249496	-3325177
13391000	23	309	235525	-3214316
13401000	23	302	253853	-3296901
13411000	24	303	261567	-3279394
13421000	33	298	361814	-3313197
13431000	26	301	285461	-3297612
13441000	25	300	273891	-3315679
13451000	25	303	268939	-3278009
13461000	29	301	316722	-3295868
13471000	24	303	265414	-3282191
13481000	21	306	220365	-3252988
13491000	15	309	160195	-3225637
13501000	26	299	288945	-3321567
13511000	14	311	142132	-3208573
13521000	22	304	241645	-3273713
13531000	11	309	110246	-3236011
13541000	22	305	232651	-3257029
13551000	17	307	183432	-3242240
13561000	25	306	269191	-3242059
13571000	25	308	257081	-3224880
13581000	17	308	181760	-3235730
13591000	11	307	114064	-3249090
13601000	17	307	183573	-3243898
13611000	23	306	249696	-3254033
13621000	14	305	149465	-3273703
13631000	18	309	189817	-3220728
13641000	19	307	198482	-3247390
13651000	15	310	155770	-3215385
13661000	9	317	89534	-3150880
13671000	18	310	187569	-3212214
13681000	19	309	199562	-3219785
13691000	18	311	188027	-3201519
13701000	17	312	171238	-3196056
13711000	16	310	164971	-3212631
13721000	23	314	232619	-3171389
13731000	18	312	187032	-3195373
13741000	17	312	169734	-3191788
13751000	12	318	118901	-3137732
13761000	14	315	135956	-3167297
13771000	13	313	137174	-3189575
13781000	13	313	136766	-3192829
13791000	14	314	144007	-3181861
13801000	12	316	119709	-3158561
13811000	14	317	137295	-3152968
13821000	15	316	150584	-3161904
13831000	17	316	167969	-3152888
13841000	13	320	128499	-3121967
13851000	9	320	90792	-3125986
13861000	16	319	156524	-3124931
13871000	9	319	87234	-3129533
13881000	9	319	85032	-3132869
13891000	15	315	154802	-3169622
13901000	12	323	118533	-3088388
13911000	18	320	172629	-3112277
13921000	9	325	83772	-3077724
13931000	13	326	119508	-3065793
13941000	10	325	95339	-3075099
13951000	14	321	131410	-3111231
13961000	9	329	81524	-3039694
13971000	15	323	144545	-3085572
13981000	19	321	182787	-3104333
13991000	19	330	176180	-3022601
14001000	15	328	137698	-3039179
14011000	12	327	115677	-3051281
14021000	9	332	82562	-3007213
14031000	11	336	99797	-2971635
14041000	14	331	127937	-3016553
14051000	16	331	145603	-3011536
14061000	13	334	118175	-2987204
14071000	9	334	82420	-2990303
14081000	8	329	74629	-3037430
14091000	13	337	117236	-2964764
14101000	11	336	94921	-2973907
14111000	13	338	118225	-2957858
14121000	12	338	106550	-2953253
14131000	18	335	158107	-2978250
14141000	10	339	85110	-2950004
14151000	9	339	82336	-2951044
14161000	15	339	132355	-2944840
14171000	9	342	79633	-2924344
14181000	12	340	99866	-2939453
14191000	12	339	108538	-2947335
14201000	11	342	90934	-2924772
14211000	12	340	102765	-2935597
14221000	10	348	79472	-2868059
14231000	11	345	95192	-2892248
14241000	10	342	83146	-2921732
14251000	8	342	68847	-2918208
14261000	7	348	56566	-2870546
14271000	13	346	107767	-2882799
14281000	11	345	90206	-2892744
14291000	12	339	101292	-2944430
14301000	9	348	77124	-2875295
14311000	8	354	65542	-2827006
14321000	7	355	57480	-2814913
14331000	4	349	36035	-2862207
14341000	11	351	85554	-2843749
14351000	13	353	102978	-2826206
14361000	13	351	108804	-2845612
14371000	11	356	83603	-2810359
14381000	16	349	130417	-2860947
14391000	11	358	84525	-2788830
14401000	17	357	131083	-2797747
14411000	13	364	95885	-2745195
14421000	18	360	140517	-2766948
14431000	14	359	105249	-2782738
14441000	17	362	126532	-2754719
14451000	14	361	107364	-2762622
14461000	14	365	105049	-2737630
14471000	19	364	142019	-2742947
14481000	17	368	127473	-2713511
14491000	18	367	136060	-2720008
14501000	18	369	128732	-2706857
14511000	17	369	124730	-2707289
14521000	18	371	130928	-2689254
14531000	18	376	130398	-2652845
14541000	14	374	99852	-2666976
14551000	24	367	180296	-2713838
14561000	25	372	178012	-2676428
14571000	23	380	159439	-2623202
14581000	24	377	164795	-2638736
14591000	13	382	88007	-2613648
14601000	19	377	133220	-2646505
14611000	17	378	116149	-2642097
14621000	12	372	88578	-2684879
14631000	15	374	106038	-2667960
14641000	11	377	75965	-2647987
14651000	15	379	104461	-2635590
14661000	13	372	94942	-2682855
14671000	14	381	95113	-2623086
14681000	17	377	116720	-2648958
14691000	17	376	123189	-2652359
14701000	17	378	117153	-2638135
14711000	12	373	87293	-2677598
14721000	16	378	111649	-2638639
14731000	18	379	123851	-2633450
14741000	16	379	112024	-2632340
14751000	15	384	100109	-2603538
14761000	16	380	112597	-2623945
14771000	19	384	127687	-2597382
14781000	16	382	109479	-2616056
14791000	16	381	110051	-2618112
14801000	17	382	113194	-2609747
14811000	14	382	94142	-2617583
14821000	16	382	108176	-2613839
14831000	12	380	79482	-2627140
14841000	13	383	87025	-2607119
14851000	17	382	117438	-2610900
14861000	15	383	99661	-2607012
14871000	15	383	101228	-2607448
14881000	17	383	114491	-2603756
14891000	13	381	89611	-2621696
14901000	14	384	97343	-2603579
14911000	17	380	114050	-2625487
14921000	12	386	79846	-2588751
14931000	12	385	81556	-2592618
14941000	15	385	100762	-2591248
14951000	10	386	66457	-2591673
14961000	11	383	72024	-2608586
14971000	12	382	78777	-2613555
14981000	11	389	71462	-2565916
14991000	12	387	76873	-2581817
15001000	11	389	71122	-2570079
15011000	14	385	94058	-2595030
15021000	11	388	70611	-2576380
15031000	10	386	64679	-2587191
15041000	6	386	38050	-2589200
15051000	9	390	58847	-2565587
15061000	9	387	61387	-2581411
15071000	10	390	68478	-2564005
15081000	11	391	72860	-2554006
15091000	9	388	58729	-2573806
15101000	10	391	62557	-2553806
15111000	13	391	85475	-2555326
15121000	11	394	71660	-2537550
15131000	11	392	68351	-2548548
15141000	13	394	81248	-2533793
15151000	15	395	93156	-2530435
15161000	14	398	91225	-2508812
15171000	16	395	104577	-2527693
15181000	9	396	54212	-2521882
15191000	11	399	66906	-2505891
15201000	12	398	75895	-2512718
15211000	16	401	96772	-2488797
15221000	16	402	98618	-2481567
15231000	13	403	77998	-2476372
15241000	16	390	102389	-2557853
15251000	15	403	94996	-2475508
15261000	13	404	80839	-2470726
15271000	10	407	61658	-2457896
15281000	13	405	80243	-2466644
15291000	13	408	79048	-2445857
15301000	13	408	76280	-2446062
15311000	16	404	98458	-2468476
15321000	10	407	60168	-2455005
15331000	10	411	56393	-2434060
15341000	18	410	106619	-2432860
15351000	14	412	81297	-2426818
15361000	12	414	72246	-2414104
15371000	11	414	62589	-2412820
15381000	15	412	89992	-2426015
15391000	15	411	87665	-2428012
15401000	17	410	98492	-2435113
15411000	13	413	74707	-2416367
15421000	13	415	76076	-2409281
15431000	13	416	75239	-2400882
15441000	14	413	84172	-2417739
15451000	14	415	78483	-2407743
15461000	13	417	73695	-2397303
15471000	14	416	80927	-2402730
15481000	14	417	80832	-2393854
15491000	15	417	88010	-2397671
15501000	10	421	56567	-2375881
15511000	9	415	51339	-2406277
15521000	10	420	58254	-2380790
15531000	15	423	84425	-2363166
15541000	14	428	78270	-2331261
15551000	18	425	101761	-2350311
15561000	12	423	65923	-2360337
15571000	14	428	78552	-2336314
15581000	7	423	37331	-2361377
15591000	19	427	105657	-2337986
15601000	15	428	83619	-2333657
15611000	15	429	82187	-2326396
15621000	15	429	83688	-2327570
15631000	12	432	61952	-2310809
15641000	17	428	92714	-2332666
15651000	20	432	106292	-2311226
15661000	13	442	66262	-2259844
15671000	21	435	109675	-2296089
15681000	13	441	68884	-2264423
15691000	16	438	85532	-2282433
15701000	19	438	97734	-2279436
15711000	24	441	123022	-2262726
15721000	20	440	101640	-2266840
15731000	20	440	102519	-2268646
15741000	18	440	92752	-2267225
15751000	15	441	77220	-2262576
15761000	20	440	102848	-2265560
15771000	18	441	90786	-2264189
15781000	19	442	99446	-2260606
15791000	19	444	96645	-2250618
15801000	21	443	105293	-2254542
15811000	23	445	114073	-2241795
15821000	20	444	100636	-2246224
15831000	22	446	112080	-2238853
15841000	21	446	103409	-2236727
15851000	22	444	113168	-2244491
15861000	18	446	92871	-2240161
15871000	21	448	101822	-2225313
15881000	18	451	88937	-2213639
15891000	27	441	135729	-2257881
15901000	17	447	83704	-2233033
15911000	15	453	73541	-2204472
15921000	18	446	88989	-2238923
15931000	19	447	96219	-2235118
15941000	17	449	86003	-2224202
15951000	23	444	116007	-2246548
15961000	22	446	111423	-2237131
15971000	22	447	112126	-2229931
15981000	19	449	92020	-2224825
15991000	19	448	95099	-2227851
16001000	12	452	57796	-2212896
16011000	25	449	123624	-2219135
16021000	21	447	103461	-2234344
16031000	20	449	98104	-2224930
16041000	15	450	75258	-2217316
16051000	21	451	104071	-2210514
16061000	18	449	86964	-2225278
16071000	18	448	89370	-2227044
16081000	15	449	72908	-2223234
16091000	16	452	77921	-2208538
16101000	18	450	89008	-2216355
16111000	14	452	69308	-2210654
16121000	18	448	91295	-2227737
16131000	15	452	74111	-2209689
16141000	17	449	84669	-2223654
16151000	18	450	90227	-2218523
16161000	14	452	66430	-2210248
16171000	4	452	20565	-2211446
16181000	15	453	72798	-2206338
16191000	18	453	85871	-2205394
16201000	15	454	72199	-2199529
16211000	22	447	109687	-2229837
16221000	16	451	76276	-2212794
16231000	18	452	90035	-2209874
16241000	14	457	69246	-2185900
16251000	13	457	61002	-2184114
16261000	16	454	79306	-2201801
16271000	16	455	76399	-2194048
16281000	16	457	77983	-2187069
16291000	16	460	77561	-2170851
16301000	8	462	35225	-2164632
16311000	16	456	77605	-2191238
16321000	18	455	88848	-2195919
16331000	13	459	62181	-2176847
16341000	11	458	51057	-2181768
16351000	17	459	80175	-2177552
16361000	15	459	70430	-2174587
16371000	15	463	70528	-2156132
16381000	17	462	78342	-2160019
16391000	16	466	74503	-2143988
16401000	17	462	77621	-2163632
16411000	14	461	66825	-2169202
16421000	17	463	79042	-2157712
16431000	18	463	85611	-2154840
16441000	15	464	71257	-2151107
16451000	20	466	91865	-2142517
16461000	15	466	70286	-2142726
16471000	18	467	80391	-2138033
16481000	20	469	90585	-2127115
16491000	17	467	76880	-2139725
16501000	24	465	109792	-2143566
16511000	20	467	89447	-2137978
16521000	21	472	92137	-2116171
16531000	22	471	98301	-2118502
16541000	16	474	72900	-2106673
16551000	17	474	73833	-2107240
16561000	20	474	88681	-2106041
16571000	20	474	87463	-2106707
16581000	17	477	74553	-2093094
16591000	21	474	94720	-2107578
16601000	21	477	92610	-2092775
16611000	19	477	82207	-2091579
16621000	19	477	84974	-2091003
16631000	19	475	84376	-2100102
16641000	16	480	70599	-2080433
16651000	20	478	89153	-2088489
16661000	20	482	86628	-2072938
16671000	20	480	84965	-2080058
16681000	17	481	71755	-2077251
16691000	18	482	75548	-2072505
16701000	20	483	85674	-2065773
16711000	18	483	78939	-2068986
16721000	20	483	86383	-2064944
16731000	22	484	92792	-2061167
16741000	23	483	98000	-2064582
16751000	20	486	85719	-2053029
16761000	20	486	85551	-2054112
16771000	19	484	82186	-2063020
