f/Hz	Re{Y}/µS	Im{Y}/µS	Re{Z}/mOhm	Im{Z}/mOhm
1000	2335619	-453717	413	80
11000	1049522	-1116471	447	475
21000	438928	-883051	451	908
31000	232639	-670955	461	1330
41000	139478	-531282	462	1761
51000	92615	-437051	464	2190
61000	64523	-371152	455	2615
71000	48852	-320516	465	3049
81000	36987	-282769	455	3477
91000	30345	-252133	471	3910
101000	24466	-227621	467	4343
111000	20675	-208009	473	4760
121000	17695	-190811	482	5196
131000	15100	-176662	480	5619
141000	13218	-164064	488	6056
151000	11414	-153519	482	6478
161000	10154	-144034	487	6908
171000	9091	-135700	491	7336
181000	8021	-128284	485	7765
191000	7241	-121496	489	8202
201000	6705	-115602	500	8621
211000	6115	-110035	503	9060
221000	5525	-105177	498	9482
231000	5142	-100621	507	9912
241000	4740	-96487	508	10339
251000	4383	-92682	509	10766
261000	4133	-89156	519	11192
271000	3867	-85816	524	11629
281000	3591	-82838	522	12049
291000	3403	-79999	531	12478
301000	3197	-77383	533	12901
311000	2998	-74908	533	13328
321000	2845	-72587	539	13756
331000	2682	-70403	540	14183
341000	2565	-68311	549	14618
351000	2396	-66384	543	15044
361000	2335	-64549	560	15472
371000	2207	-62807	559	15902
381000	2089	-61187	557	16324
391000	2018	-59644	567	16747
401000	1965	-58156	580	17176
411000	1856	-56718	576	17612
421000	1787	-55354	583	18047
431000	1715	-54134	585	18454
441000	1646	-52888	588	18890
451000	1576	-51737	588	19311
461000	1524	-50609	594	19742
471000	1450	-49547	590	20165
481000	1397	-48527	593	20590
491000	1381	-47509	611	21031
501000	1317	-46581	606	21451
511000	1287	-45675	617	21876
521000	1226	-44822	610	22294
531000	1216	-43970	628	22725
541000	1157	-43150	621	23158
551000	1135	-42388	631	23575
561000	1083	-41614	625	24014
571000	1057	-40891	632	24439
581000	1048	-40197	648	24860
591000	1010	-39508	646	25295
601000	973	-38892	643	25696
611000	954	-38217	653	26150
621000	927	-37601	655	26579
631000	911	-37033	664	26986
641000	901	-36445	678	27422
651000	874	-35890	678	27847
661000	856	-35348	685	28274
671000	814	-34833	671	28693
681000	806	-34328	683	29115
691000	793	-33832	692	29542
701000	779	-33337	701	29980
711000	767	-32865	710	30411
721000	733	-32435	696	30815
731000	721	-31985	704	31249
741000	699	-31547	702	31683
751000	674	-31129	695	32109
761000	681	-30742	720	32513
771000	679	-30334	737	32949
781000	661	-29941	738	33383
791000	631	-29573	721	33799
801000	621	-29191	728	34242
811000	618	-28842	742	34656
821000	611	-28491	752	35083
831000	581	-28148	733	35512
841000	583	-27811	754	35941
851000	583	-27496	771	36353
861000	564	-27173	764	36786
871000	567	-26858	786	37216
881000	548	-26558	777	37638
891000	527	-26273	763	38047
901000	524	-25965	776	38497
911000	521	-25683	790	38921
921000	500	-25410	775	39340
931000	498	-25124	789	39787
941000	499	-24854	808	40219
951000	487	-24609	804	40620
961000	474	-24341	800	41067
971000	479	-24101	825	41475
981000	464	-23862	815	41892
991000	464	-23625	830	42312
1001000	445	-23381	813	42754
1011000	437	-23146	815	43188
1021000	430	-22918	818	43618
1031000	431	-22709	836	44020
1041000	429	-22486	849	44456
1051000	420	-22279	845	44870
1061000	417	-22050	858	45336
1071000	396	-21866	829	45718
1081000	406	-21650	865	46172
1091000	404	-21456	877	46590
1101000	391	-21252	865	47037
1111000	390	-21076	878	47431
1121000	388	-20879	890	47877
1131000	382	-20703	892	48287
1141000	368	-20514	874	48731
1151000	361	-20338	873	49153
1161000	356	-20161	876	49586
1171000	352	-19980	882	50035
1181000	355	-19828	904	50417
1191000	353	-19656	914	50860
1201000	349	-19493	918	51283
1211000	341	-19348	912	51668
1221000	342	-19173	929	52139
1231000	328	-19016	906	52573
1241000	334	-18883	936	52941
1251000	334	-18706	956	53441
1261000	320	-18560	928	53865
1271000	322	-18436	948	54225
1281000	314	-18275	940	54704
1291000	310	-18133	943	55131
1301000	312	-18003	961	55529
1311000	310	-17865	970	55958
1321000	306	-17727	974	56394
1331000	300	-17586	968	56845
1341000	293	-17459	962	57260
1351000	295	-17333	980	57676
1361000	283	-17202	956	58117
1371000	290	-17079	992	58535
1381000	279	-16946	971	58995
1391000	273	-16832	963	59395
1401000	280	-16714	1003	59813
1411000	279	-16588	1014	60269
1421000	276	-16474	1015	60685
1431000	262	-16356	980	61126
1441000	262	-16255	990	61505
1451000	251	-16138	965	61949
1461000	264	-16024	1029	62388
1471000	272	-15910	1073	62835
1481000	261	-15819	1042	63200
1491000	256	-15695	1039	63699
1501000	249	-15595	1025	64106
1511000	248	-15481	1036	64579
1521000	253	-15380	1069	65001
1531000	251	-15277	1074	65441
1541000	244	-15187	1057	65827
1551000	241	-15087	1060	66267
1561000	241	-14990	1071	66692
1571000	242	-14900	1088	67097
1581000	240	-14805	1094	67528
1591000	233	-14707	1078	67977
1601000	232	-14619	1084	68386
1611000	236	-14523	1118	68840
1621000	227	-14428	1091	69291
1631000	228	-14335	1109	69740
1641000	228	-14253	1121	70143
1651000	227	-14164	1132	70581
1661000	216	-14075	1088	71030
1671000	214	-14006	1092	71383
1681000	213	-13922	1097	71811
1691000	210	-13831	1098	72285
1701000	208	-13749	1098	72718
1711000	206	-13670	1104	73139
1721000	201	-13587	1088	73586
1731000	197	-13512	1081	73994
1741000	197	-13439	1088	74393
1751000	198	-13359	1112	74840
1761000	200	-13286	1130	75249
1771000	192	-13201	1102	75735
1781000	186	-13130	1078	76146
1791000	194	-13068	1138	76508
1801000	192	-12985	1137	76995
1811000	187	-12911	1124	77434
1821000	187	-12841	1136	77857
1831000	188	-12779	1151	78239
1841000	186	-12708	1151	78672
1851000	184	-12641	1150	79090
1861000	180	-12561	1143	79593
1871000	186	-12507	1187	79939
1881000	174	-12428	1124	80445
1891000	175	-12365	1143	80856
1901000	178	-12301	1175	81279
1911000	171	-12234	1142	81725
1921000	170	-12173	1150	82135
1931000	170	-12107	1157	82584
1941000	180	-12049	1237	82977
1951000	172	-11997	1196	83335
1961000	175	-11916	1230	83904
1971000	173	-11862	1231	84282
1981000	175	-11801	1259	84719
1991000	171	-11736	1238	85190
2001000	169	-11679	1242	85608
2011000	169	-11619	1254	86044
2021000	170	-11564	1274	86458
2031000	171	-11504	1291	86908
2041000	171	-11441	1310	87386
2051000	175	-11390	1350	87776
2061000	168	-11326	1310	88270
2071000	162	-11272	1277	88693
2081000	163	-11220	1292	89106
2091000	162	-11170	1299	89509
2101000	162	-11121	1311	89900
2111000	155	-11071	1264	90309
2121000	160	-11009	1322	90816
2131000	155	-10955	1295	91262
2141000	154	-10902	1298	91710
2151000	153	-10859	1298	92068
2161000	147	-10802	1263	92559
2171000	150	-10759	1293	92929
2181000	148	-10703	1290	93418
2191000	148	-10660	1303	93795
2201000	147	-10602	1309	94306
2211000	147	-10554	1316	94733
2221000	155	-10511	1404	95121
2231000	148	-10457	1356	95613
2241000	145	-10414	1338	96002
2251000	147	-10363	1367	96478
2261000	143	-10324	1345	96845
2271000	139	-10275	1314	97305
2281000	144	-10228	1378	97750
2291000	142	-10181	1369	98201
2301000	141	-10143	1371	98570
2311000	132	-10086	1298	99131
2321000	136	-10051	1349	99472
2331000	138	-10003	1381	99949
2341000	142	-9963	1432	100355
2351000	137	-9914	1398	100852
2361000	138	-9873	1420	101270
2371000	127	-9833	1313	101684
2381000	129	-9800	1341	102023
2391000	122	-9754	1284	102506
2401000	125	-9711	1325	102957
2411000	120	-9662	1285	103483
2421000	127	-9626	1374	103864
2431000	121	-9589	1320	104270
2441000	118	-9541	1295	104796
2451000	124	-9513	1374	105101
2461000	131	-9466	1462	105620
2471000	130	-9431	1456	106018
2481000	127	-9385	1446	106536
2491000	125	-9354	1423	106882
2501000	120	-9311	1379	107377
2511000	112	-9277	1300	107774
2521000	121	-9242	1414	108179
2531000	119	-9193	1412	108755
2541000	120	-9168	1427	109058
2551000	115	-9121	1382	109620
2561000	118	-9088	1424	110022
2571000	125	-9053	1528	110433
2581000	120	-9014	1471	110919
2591000	124	-8990	1539	111218
2601000	111	-8948	1382	111743
2611000	114	-8912	1436	112184
2621000	115	-8882	1453	112563
2631000	109	-8840	1396	113103
2641000	116	-8811	1489	113474
2651000	105	-8777	1364	113917
2661000	112	-8746	1459	114318
2671000	111	-8713	1456	114759
2681000	111	-8672	1480	115300
2691000	122	-8642	1635	115697
2701000	109	-8603	1474	116219
2711000	112	-8572	1523	116645
2721000	112	-8544	1540	117025
2731000	104	-8512	1435	117468
2741000	114	-8483	1590	117867
2751000	110	-8450	1539	118327
2761000	105	-8417	1483	118796
2771000	107	-8382	1516	119282
2781000	111	-8358	1589	119622
2791000	111	-8320	1606	120176
2801000	112	-8293	1626	120555
2811000	103	-8259	1506	121067
2821000	103	-8240	1510	121341
2831000	101	-8212	1492	121761
2841000	98	-8181	1471	122212
2851000	95	-8140	1434	122836
2861000	100	-8121	1517	123120
2871000	99	-8083	1513	123698
2881000	96	-8055	1473	124136
2891000	109	-8029	1689	124526
2901000	105	-7993	1646	125094
2911000	99	-7970	1555	125452
2921000	100	-7951	1577	125756
2931000	91	-7919	1452	126266
2941000	95	-7892	1530	126691
2951000	87	-7863	1413	127167
2961000	106	-7836	1728	127597
2971000	90	-7803	1480	128140
2981000	104	-7776	1713	128576
2991000	105	-7754	1753	128942
3001000	98	-7719	1640	129534
3011000	102	-7706	1724	129739
3021000	99	-7676	1688	130259
3031000	92	-7643	1568	130815
3041000	103	-7617	1767	131261
3051000	103	-7603	1790	131507
3061000	92	-7564	1615	132177
3071000	91	-7545	1591	132526
3081000	94	-7514	1658	133072
3091000	91	-7500	1623	133321
3101000	95	-7464	1709	133957
3111000	93	-7434	1689	134504
3121000	97	-7416	1763	134814
3131000	87	-7386	1598	135365
3141000	88	-7368	1620	135704
3151000	91	-7353	1679	135985
3161000	89	-7337	1661	136276
3171000	88	-7295	1660	137067
3181000	87	-7273	1636	137474
3191000	87	-7252	1654	137865
3201000	96	-7224	1846	138404
3211000	94	-7197	1812	138915
3221000	87	-7174	1688	139365
3231000	82	-7159	1604	139674
3241000	83	-7141	1621	140024
3251000	80	-7111	1583	140604
3261000	78	-7084	1545	141146
3271000	82	-7073	1640	141361
3281000	82	-7036	1654	142099
3291000	85	-7026	1724	142303
3301000	79	-7009	1598	142659
3311000	86	-6984	1755	143171
3321000	94	-6951	1946	143834
3331000	86	-6934	1797	144205
3341000	80	-6910	1675	144700
3351000	81	-6899	1706	144925
3361000	81	-6876	1714	145417
3371000	74	-6849	1584	145996
3381000	76	-6831	1631	146364
3391000	85	-6813	1831	146766
3401000	85	-6792	1847	147202
3411000	71	-6767	1561	147769
3421000	87	-6738	1917	148381
3431000	83	-6724	1832	148698
3441000	84	-6705	1873	149114
3451000	76	-6684	1696	149601
3461000	72	-6668	1614	149943
3471000	71	-6644	1614	150493
3481000	76	-6627	1731	150885
3491000	78	-6604	1800	151407
3501000	74	-6589	1696	151755
3511000	70	-6569	1617	152223
3521000	75	-6553	1749	152591
3531000	76	-6525	1783	153239
3541000	84	-6496	1981	153919
3551000	78	-6480	1856	154293
3561000	78	-6463	1869	154711
3571000	77	-6454	1855	154924
3581000	71	-6431	1727	155487
3591000	70	-6409	1701	156024
3601000	66	-6388	1610	156537
3611000	74	-6372	1825	156925
3621000	76	-6359	1884	157229
3631000	65	-6331	1620	157936
3641000	81	-6318	2026	158242
3651000	83	-6301	2094	158672
3661000	81	-6283	2051	159121
3671000	82	-6269	2096	159489
3681000	73	-6246	1872	160090
3691000	76	-6230	1953	160500
3701000	77	-6209	2000	161028
3711000	77	-6200	2005	161257
3721000	73	-6180	1920	161793
3731000	68	-6156	1787	162425
3741000	68	-6146	1807	162680
3751000	73	-6128	1952	163172
3761000	75	-6111	2017	163611
3771000	79	-6094	2114	164082
3781000	72	-6073	1961	164644
3791000	68	-6054	1843	165156
3801000	63	-6041	1723	165515
3811000	64	-6029	1765	165844
3821000	69	-6016	1900	166214
3831000	62	-5990	1730	166928
3841000	71	-5973	1978	167401
3851000	72	-5955	2033	167915
3861000	69	-5943	1967	168242
3871000	77	-5927	2191	168699
3881000	77	-5912	2203	169112
3891000	72	-5887	2069	169833
3901000	68	-5874	1972	170213
3911000	67	-5858	1939	170699
3921000	70	-5847	2060	171007
3931000	77	-5838	2247	171256
3941000	65	-5812	1929	172045
3951000	65	-5794	1939	172576
3961000	59	-5780	1760	173005
3971000	57	-5768	1709	173365
3981000	61	-5760	1827	173599
3991000	73	-5737	2208	174286
4001000	67	-5723	2053	174698
4011000	67	-5697	2062	175512
4021000	66	-5687	2028	175830
4031000	68	-5674	2127	176231
4041000	71	-5662	2208	176589
4051000	66	-5653	2056	176863
4061000	58	-5629	1824	177646
4071000	63	-5620	1984	177902
4081000	65	-5601	2065	178530
4091000	60	-5581	1916	179164
4101000	64	-5576	2055	179317
4111000	62	-5565	1993	179657
4121000	66	-5540	2163	180479
4131000	64	-5529	2079	180848
4141000	66	-5512	2166	181392
4151000	64	-5502	2120	181737
4161000	71	-5493	2364	182015
4171000	57	-5477	1892	182548
4181000	54	-5460	1825	183129
4191000	55	-5446	1838	183591
4201000	61	-5436	2052	183951
4211000	60	-5420	2050	184481
4221000	61	-5410	2091	184833
4231000	64	-5396	2200	185294
4241000	59	-5382	2029	185795
4251000	60	-5363	2100	186422
4261000	62	-5348	2168	186946
4271000	61	-5329	2140	187644
4281000	60	-5320	2123	187937
4291000	68	-5313	2401	188185
4301000	61	-5302	2173	188575
4311000	50	-5286	1807	189167
4321000	54	-5274	1931	189589
4331000	54	-5263	1957	189999
4341000	52	-5244	1900	190684
4351000	57	-5234	2065	191042
4361000	60	-5224	2204	191385
4371000	64	-5215	2369	191717
4381000	54	-5190	2014	192654
4391000	64	-5180	2396	193035
4401000	62	-5167	2307	193512
4411000	58	-5155	2174	193971
4421000	55	-5145	2069	194348
4431000	57	-5139	2145	194564
4441000	57	-5124	2159	195154
4451000	50	-5105	1915	195876
4461000	48	-5087	1856	196555
4471000	55	-5081	2149	196784
4481000	50	-5066	1957	197376
4491000	51	-5057	1990	197741
4501000	48	-5051	1885	197957
4511000	60	-5035	2375	198571
4521000	55	-5023	2193	199047
4531000	62	-5005	2457	199778
4541000	60	-4993	2405	200264
4551000	56	-4979	2279	200818
4561000	57	-4971	2325	201134
4571000	58	-4963	2339	201462
4581000	57	-4953	2306	201859
4591000	50	-4936	2040	202558
4601000	46	-4927	1898	202960
4611000	51	-4915	2108	203448
4621000	50	-4900	2065	204059
4631000	55	-4886	2290	204660
4641000	59	-4883	2485	204756
4651000	58	-4875	2432	205100
4661000	63	-4862	2649	205653
4671000	54	-4844	2321	206410
4681000	52	-4836	2240	206743
4691000	59	-4819	2534	207478
4701000	48	-4813	2071	207758
4711000	52	-4801	2248	208251
4721000	50	-4797	2187	208443
4731000	59	-4796	2568	208457
4741000	52	-4773	2290	209465
4751000	48	-4757	2112	210181
4761000	50	-4744	2210	210773
4771000	50	-4739	2222	211005
4781000	51	-4730	2289	211375
4791000	53	-4720	2359	211833
4801000	55	-4706	2480	212468
4811000	58	-4694	2643	213004
4821000	68	-4686	3094	213358
4831000	60	-4677	2756	213788
4841000	48	-4661	2225	214539
4851000	46	-4654	2124	214855
4861000	47	-4640	2172	215477
4871000	42	-4630	1957	215979
4881000	43	-4620	2015	216435
4891000	49	-4613	2283	216753
4901000	48	-4608	2269	216979
4911000	51	-4595	2429	217621
4921000	49	-4579	2356	218340
4931000	48	-4563	2289	219131
4941000	51	-4557	2435	219430
4951000	56	-4548	2705	219844
4961000	60	-4535	2936	220485
4971000	56	-4525	2731	220973
4981000	59	-4520	2879	221209
4991000	63	-4515	3077	221433
5001000	58	-4510	2856	221680
5011000	59	-4494	2915	222476
5021000	50	-4475	2492	223430
5031000	53	-4467	2673	223817
5041000	50	-4457	2507	224344
5051000	53	-4445	2663	224964
5061000	50	-4440	2514	225216
5071000	52	-4436	2645	225412
5081000	49	-4428	2508	225813
5091000	48	-4418	2477	226344
5101000	45	-4403	2315	227104
5111000	44	-4387	2307	227921
5121000	51	-4374	2646	228575
5131000	54	-4368	2837	228889
5141000	52	-4357	2731	229501
5151000	45	-4346	2373	230047
5161000	47	-4344	2465	230176
5171000	48	-4338	2557	230501
5181000	52	-4331	2789	230843
5191000	48	-4324	2553	231257
5201000	46	-4313	2456	231821
5211000	46	-4298	2476	232619
5221000	44	-4289	2394	233104
5231000	45	-4275	2457	233875
5241000	44	-4266	2394	234414
5251000	48	-4256	2632	234941
5261000	49	-4251	2733	235199
5271000	57	-4240	3144	235810
5281000	60	-4234	3335	236139
5291000	51	-4226	2877	236588
5301000	42	-4209	2375	237542
5311000	42	-4204	2398	237869
5321000	47	-4201	2661	237996
5331000	47	-4194	2690	238419
5341000	50	-4186	2848	238851
5351000	48	-4174	2781	239518
5361000	51	-4167	2908	239930
5371000	54	-4162	3142	240255
5381000	50	-4158	2891	240454
5391000	51	-4151	2966	240855
5401000	48	-4140	2799	241540
5411000	44	-4129	2573	242158
5421000	42	-4118	2494	242819
5431000	42	-4105	2511	243570
5441000	44	-4096	2611	244108
5451000	50	-4085	2997	244757
5461000	47	-4078	2811	245209
5471000	49	-4072	2975	245515
5481000	49	-4071	2926	245576
5491000	50	-4063	3000	246070
5501000	39	-4053	2354	246703
5511000	41	-4042	2513	247346
5521000	38	-4033	2336	247919
5531000	39	-4026	2408	248332
5541000	41	-4019	2555	248804
5551000	46	-4009	2867	249392
5561000	45	-4001	2808	249878
5571000	45	-3995	2791	250291
5581000	46	-3983	2929	251037
5591000	49	-3980	3105	251233
5601000	52	-3969	3282	251915
5611000	50	-3961	3171	252441
5621000	51	-3958	3270	252637
5631000	56	-3945	3573	253409
5641000	50	-3933	3260	254223
5651000	43	-3935	2783	254123
5661000	37	-3919	2428	255175
5671000	38	-3913	2509	255506
5681000	35	-3907	2261	255902
5691000	42	-3899	2752	256473
5701000	43	-3885	2856	257341
5711000	44	-3884	2943	257455
5721000	42	-3881	2756	257632
5731000	42	-3870	2779	258381
5741000	35	-3858	2346	259157
5751000	35	-3851	2360	259633
5761000	38	-3843	2600	260180
5771000	35	-3838	2396	260517
5781000	43	-3822	2911	261608
5791000	47	-3808	3213	262543
5801000	48	-3805	3310	262784
5811000	45	-3802	3127	262999
5821000	48	-3797	3343	263318
5831000	49	-3791	3386	263705
5841000	50	-3787	3516	264004
5851000	43	-3779	2985	264583
5861000	40	-3768	2826	265364
5871000	41	-3761	2874	265830
5881000	40	-3757	2811	266118
5891000	41	-3746	2889	266935
5901000	41	-3740	2915	267318
5911000	39	-3731	2818	267986
5921000	39	-3725	2819	268408
5931000	41	-3718	2949	268902
5941000	43	-3717	3121	268983
5951000	50	-3708	3627	269657
5961000	50	-3698	3621	270376
5971000	51	-3678	3804	271813
5981000	50	-3670	3677	272425
5991000	41	-3663	3093	272989
6001000	44	-3659	3268	273276
6011000	47	-3648	3495	274095
6021000	40	-3654	3004	273657
6031000	38	-3641	2902	274620
6041000	42	-3633	3160	275200
6051000	39	-3629	2964	275542
6061000	40	-3624	3060	275933
6071000	41	-3615	3157	276578
6081000	44	-3612	3338	276829
6091000	45	-3609	3419	277072
6101000	45	-3608	3475	277134
6111000	40	-3599	3117	277793
6121000	38	-3589	2919	278631
6131000	37	-3584	2877	278996
6141000	34	-3573	2671	279817
6151000	38	-3563	3029	280633
6161000	44	-3551	3478	281599
6171000	40	-3545	3192	282067
6181000	38	-3537	3074	282671
6191000	42	-3535	3334	282860
6201000	39	-3533	3139	283012
6211000	42	-3528	3389	283424
6221000	44	-3523	3512	283802
6231000	44	-3520	3557	284019
6241000	39	-3516	3125	284383
6251000	33	-3506	2682	285210
6261000	33	-3500	2686	285677
6271000	35	-3487	2885	286743
6281000	33	-3483	2737	287083
6291000	39	-3476	3210	287685
6301000	43	-3466	3560	288469
6311000	33	-3461	2717	288894
6321000	39	-3452	3237	289647
6331000	32	-3450	2687	289854
6341000	42	-3436	3516	290979
6351000	44	-3431	3745	291398
6361000	49	-3422	4197	292153
6371000	45	-3420	3860	292362
6381000	50	-3417	4275	292598
6391000	43	-3406	3670	293557
6401000	44	-3404	3801	293736
6411000	40	-3398	3456	294235
6421000	37	-3390	3235	294964
6431000	42	-3383	3639	295515
6441000	41	-3375	3557	296272
6451000	41	-3370	3582	296677
6461000	40	-3364	3528	297202
6471000	37	-3360	3254	297606
6481000	41	-3350	3654	298496
6491000	44	-3359	3895	297618
6501000	39	-3348	3473	298616
6511000	40	-3345	3617	298951
6521000	44	-3345	3958	298920
6531000	39	-3328	3520	300424
6541000	35	-3324	3178	300766
6551000	35	-3312	3226	301898
6561000	36	-3299	3350	303111
6571000	34	-3292	3159	303707
6581000	41	-3289	3760	304016
6591000	44	-3284	4072	304451
6601000	42	-3284	3898	304432
6611000	42	-3283	3929	304568
6621000	42	-3271	3951	305712
6631000	37	-3267	3445	306086
6641000	37	-3262	3512	306523
6651000	38	-3256	3553	307058
6661000	40	-3252	3813	307459
6671000	41	-3248	3875	307874
6681000	44	-3242	4153	308369
6691000	46	-3233	4367	309227
6701000	38	-3230	3653	309543
6711000	40	-3222	3886	310359
6721000	37	-3210	3550	311482
6731000	35	-3205	3438	311927
6741000	40	-3198	3884	312598
6751000	42	-3193	4087	313147
6761000	42	-3185	4103	313869
6771000	41	-3175	4018	314914
6781000	36	-3167	3555	315721
6791000	35	-3164	3472	315991
6801000	41	-3156	4143	316811
6811000	40	-3169	4005	315534
6821000	42	-3159	4159	316521
6831000	37	-3154	3702	317019
6841000	42	-3151	4278	317317
6851000	43	-3146	4332	317832
6861000	45	-3137	4614	318745
6871000	36	-3134	3688	319079
6881000	41	-3115	4255	320940
6891000	37	-3115	3779	320997
6901000	33	-3110	3452	321537
6911000	37	-3108	3817	321747
6921000	38	-3107	3926	321789
6931000	36	-3103	3716	322186
6941000	38	-3100	3910	322555
6951000	32	-3099	3375	322654
6961000	37	-3094	3825	323134
6971000	41	-3081	4365	324561
6981000	37	-3076	3921	325003
6991000	45	-3065	4774	326212
7001000	48	-3062	5121	326450
7011000	46	-3059	4903	326879
7021000	45	-3056	4765	327178
7031000	43	-3052	4575	327568
7041000	38	-3042	4134	328637
7051000	34	-3041	3651	328852
7061000	30	-3029	3269	330110
7071000	32	-3030	3434	330050
7081000	32	-3027	3517	330360
7091000	34	-3021	3701	330972
7101000	30	-3018	3288	331366
7111000	31	-3002	3472	333081
7121000	27	-3005	3015	332730
7131000	30	-2999	3295	333452
7141000	35	-2990	3882	334437
7151000	36	-2982	4093	335278
7161000	38	-2982	4226	335294
7171000	40	-2977	4469	335848
7181000	41	-2973	4671	336274
7191000	43	-2967	4897	336915
7201000	42	-2952	4836	338701
7211000	43	-2951	4909	338788
7221000	40	-2947	4549	339296
7231000	37	-2938	4332	340365
7241000	34	-2933	3951	340920
7251000	34	-2932	3993	341033
7261000	30	-2928	3517	341476
7271000	32	-2926	3702	341727
7281000	32	-2919	3783	342510
7291000	32	-2918	3715	342624
7301000	30	-2910	3592	343592
7311000	30	-2910	3503	343605
7321000	32	-2901	3780	344685
7331000	29	-2893	3463	345592
7341000	31	-2889	3695	346044
7351000	31	-2885	3734	346618
7361000	34	-2882	4049	346973
7371000	35	-2883	4202	346761
7381000	34	-2883	4150	346826
7391000	37	-2875	4465	347822
7401000	37	-2869	4444	348489
7411000	35	-2862	4295	349311
7421000	37	-2857	4536	349900
7431000	35	-2848	4343	351029
7441000	38	-2839	4774	352231
7451000	40	-2832	4959	353054
7461000	39	-2832	4918	353077
7471000	47	-2817	5922	354942
7481000	36	-2823	4484	354156
7491000	35	-2812	4382	355626
7501000	34	-2808	4327	356123
7511000	32	-2803	4132	356749
7521000	33	-2800	4206	357111
7531000	36	-2803	4530	356760
7541000	36	-2795	4589	357686
7551000	31	-2797	3964	357503
7561000	37	-2792	4710	358142
7571000	40	-2786	5152	358876
7581000	37	-2784	4795	359183
7591000	38	-2778	4960	359967
7601000	41	-2771	5350	360777
7611000	37	-2764	4822	361727
7621000	33	-2759	4371	362377
7631000	36	-2758	4668	362519
7641000	31	-2751	4068	363504
7651000	28	-2744	3670	364381
7661000	33	-2739	4459	365072
7671000	35	-2734	4713	365743
7681000	37	-2730	4902	366270
7691000	37	-2723	5023	367133
7701000	30	-2717	4061	368065
7711000	38	-2717	5106	368001
7721000	35	-2711	4757	368783
7731000	31	-2704	4252	369723
7741000	30	-2702	4170	370013
7751000	29	-2698	4032	370555
7761000	31	-2698	4267	370528
7771000	32	-2698	4414	370608
7781000	32	-2698	4356	370605
7791000	35	-2701	4795	370165
7801000	35	-2687	4792	372137
7811000	31	-2687	4235	372149
7821000	35	-2675	4915	373818
7831000	40	-2676	5616	373572
7841000	35	-2668	4870	374745
7851000	33	-2662	4721	375637
7861000	25	-2654	3542	376699
7871000	30	-2653	4223	376827
7881000	30	-2650	4293	377240
7891000	27	-2642	3846	378433
7901000	38	-2640	5476	378649
7911000	28	-2638	4093	379059
7921000	34	-2630	4871	380192
7931000	38	-2621	5551	381453
7941000	34	-2616	5002	382185
7951000	36	-2611	5353	382942
7961000	40	-2607	5820	383538
7971000	34	-2606	5074	383670
7981000	40	-2606	5837	383680
7991000	38	-2603	5614	384138
8001000	36	-2598	5366	384827
8011000	39	-2597	5758	384935
8021000	39	-2594	5860	385365
8031000	38	-2593	5702	385496
8041000	36	-2590	5374	386078
8051000	34	-2583	5066	387081
8061000	33	-2581	4975	387364
8071000	28	-2569	4208	389159
8081000	27	-2567	4023	389557
8091000	28	-2558	4352	390860
8101000	30	-2554	4538	391485
8111000	29	-2552	4432	391835
8121000	35	-2546	5369	392652
8131000	32	-2540	5000	393600
8141000	33	-2545	5144	392917
8151000	35	-2537	5461	394136
8161000	44	-2524	6930	396003
8171000	37	-2528	5721	395463
8181000	36	-2521	5737	396562
8191000	37	-2512	5837	397944
8201000	33	-2516	5268	397439
8211000	33	-2512	5281	397980
8221000	38	-2504	6089	399240
8231000	42	-2501	6699	399753
8241000	42	-2499	6716	399979
8251000	41	-2495	6559	400720
8261000	41	-2494	6572	400879
8271000	41	-2493	6600	401062
8281000	43	-2493	6896	400988
8291000	40	-2483	6481	402601
8301000	37	-2475	5981	403898
8311000	35	-2472	5670	404391
8321000	35	-2468	5734	405123
8331000	36	-2458	5969	406754
8341000	35	-2460	5813	406406
8351000	35	-2456	5719	407048
8361000	33	-2452	5455	407828
8371000	32	-2450	5360	408174
8381000	32	-2446	5352	408723
8391000	24	-2446	4077	408790
8401000	28	-2438	4685	410066
8411000	27	-2433	4574	411046
8421000	25	-2429	4200	411567
8431000	25	-2424	4174	412422
8441000	29	-2420	5023	413167
8451000	30	-2416	5069	413763
8461000	38	-2408	6520	415266
8471000	34	-2415	5894	414027
8481000	34	-2403	5867	415992
8491000	42	-2402	7242	416267
8501000	42	-2394	7246	417518
8511000	42	-2397	7303	416998
8521000	41	-2392	7223	417981
8531000	37	-2390	6456	418275
8541000	35	-2384	6222	419364
8551000	33	-2384	5731	419332
8561000	25	-2376	4445	420821
8571000	33	-2374	5786	421108
8581000	23	-2368	4159	422191
8591000	29	-2367	5206	422386
8601000	28	-2363	5048	423133
8611000	31	-2359	5614	423864
8621000	24	-2358	4343	423967
8631000	31	-2358	5585	424018
8641000	30	-2348	5411	425795
8651000	33	-2347	5903	425978
8661000	34	-2341	6139	427049
8671000	29	-2336	5350	427936
8681000	28	-2333	5188	428630
8691000	27	-2330	4917	429143
8701000	29	-2327	5307	429735
8711000	32	-2322	5883	430570
8721000	33	-2318	6102	431289
8731000	31	-2316	5824	431778
8741000	37	-2310	7001	432775
8751000	40	-2306	7515	433561
8761000	40	-2305	7560	433789
8771000	40	-2300	7618	434715
8781000	44	-2297	8281	435123
8791000	45	-2295	8553	435485
8801000	40	-2293	7591	435885
8811000	42	-2296	7892	435445
8821000	37	-2290	7030	436523
8831000	33	-2284	6289	437817
8841000	31	-2283	5899	438004
8851000	26	-2279	4982	438721
8861000	27	-2275	5209	439488
8871000	31	-2272	6010	440046
8881000	25	-2269	4850	440651
8891000	33	-2265	6419	441413
8901000	27	-2260	5203	442354
8911000	33	-2254	6573	443653
8921000	36	-2252	7001	443907
8931000	30	-2248	5850	444757
8941000	31	-2246	6077	445157
8951000	28	-2244	5478	445594
8961000	27	-2238	5333	446782
8971000	29	-2239	5830	446475
8981000	27	-2235	5308	447317
8991000	26	-2235	5156	447280
9001000	29	-2229	5801	448525
9011000	31	-2228	6170	448686
9021000	30	-2223	6110	449734
9031000	35	-2218	7150	450647
9041000	36	-2209	7395	452657
9051000	42	-2201	8694	454183
9061000	48	-2211	9822	452136
9071000	46	-2201	9532	454229
9081000	45	-2199	9310	454637
9091000	39	-2194	8037	455622
9101000	38	-2190	7861	456398
9111000	31	-2189	6464	456684
9121000	29	-2181	6150	458404
9131000	36	-2182	7624	458173
9141000	29	-2179	6004	458772
9151000	27	-2175	5605	459726
9161000	25	-2176	5196	459531
9171000	27	-2171	5628	460620
9181000	25	-2168	5400	461085
9191000	26	-2166	5626	461569
9201000	23	-2165	5005	461942
9211000	28	-2161	6037	462566
9221000	30	-2156	6499	463677
9231000	26	-2155	5600	463886
9241000	31	-2146	6840	465960
9251000	30	-2140	6537	467281
9261000	26	-2137	5631	467852
9271000	26	-2134	5664	468531
9281000	25	-2130	5451	469439
9291000	29	-2134	6300	468607
9301000	29	-2127	6364	470099
9311000	30	-2123	6586	471001
9321000	29	-2121	6389	471409
9331000	31	-2118	6857	472145
9341000	35	-2114	7742	472885
9351000	36	-2111	8155	473644
9361000	39	-2106	8831	474637
9371000	40	-2103	8993	475266
9381000	37	-2102	8362	475694
9391000	40	-2097	9021	476693
9401000	40	-2096	9079	476952
9411000	38	-2095	8612	477198
9421000	35	-2091	7917	478086
9431000	32	-2088	7443	478756
9441000	30	-2085	7011	479437
9451000	34	-2086	7877	479372
9461000	31	-2077	7177	481246
9471000	27	-2079	6343	480922
9481000	28	-2075	6494	481939
9491000	26	-2070	6095	483088
9501000	28	-2067	6481	483798
9511000	29	-2064	6731	484356
9521000	27	-2060	6436	485333
9531000	28	-2055	6512	486519
9541000	31	-2051	7386	487498
9551000	29	-2047	6991	488358
9561000	22	-2043	5268	489316
9571000	23	-2041	5622	489811
9581000	25	-2043	6090	489487
9591000	25	-2037	6040	490750
9601000	25	-2036	6076	491039
9611000	27	-2033	6541	491798
9621000	24	-2035	5727	491403
9631000	28	-2022	6859	494536
9641000	25	-2029	6045	492669
9651000	24	-2032	5749	492021
9661000	29	-2023	7034	494326
9671000	38	-2012	9375	496807
9681000	38	-2009	9359	497581
9691000	38	-2008	9418	497851
9701000	48	-2003	11869	498912
9711000	46	-2001	11576	499508
9721000	44	-1998	11035	500287
9731000	39	-1985	9917	503578
9741000	33	-1987	8476	503229
9751000	31	-1986	7942	503468
9761000	29	-1981	7324	504757
9771000	30	-1979	7630	505312
9781000	25	-1975	6425	506193
9791000	26	-1973	6691	506719
9801000	25	-1964	6500	509156
9811000	26	-1976	6561	505952
9821000	27	-1974	6848	506581
9831000	30	-1964	7748	509039
9841000	26	-1962	6878	509503
9851000	29	-1961	7514	509830
9861000	28	-1955	7301	511340
9871000	27	-1950	7219	512706
9881000	28	-1950	7476	512768
9891000	26	-1939	7044	515522
9901000	22	-1942	5780	514877
9911000	27	-1939	7213	515567
9921000	27	-1934	7103	516952
9931000	25	-1937	6662	516156
9941000	33	-1935	8774	516770
9951000	30	-1932	7947	517348
9961000	30	-1931	8043	517625
9971000	38	-1927	10277	518619
9981000	32	-1929	8592	518264
9991000	40	-1918	10915	521188
10001000	37	-1914	9997	522322
10011000	39	-1913	10565	522629
10021000	42	-1908	11446	523806
10031000	43	-1906	11835	524383
10041000	42	-1902	11471	525506
10051000	42	-1901	11504	525816
10061000	42	-1900	11566	526110
10071000	42	-1899	11562	526460
10081000	42	-1895	11571	527350
10091000	39	-1894	11001	527632
10101000	33	-1888	9213	529450
10111000	42	-1885	11947	530268
10121000	37	-1883	10473	530733
10131000	31	-1879	8673	532026
10141000	36	-1878	10186	532188
10151000	36	-1874	10347	533440
10161000	32	-1866	9291	535792
10171000	35	-1869	10039	534960
10181000	33	-1868	9588	535190
10191000	37	-1862	10769	536770
10201000	35	-1861	10187	537054
10211000	33	-1860	9641	537336
10221000	32	-1854	9274	539149
10231000	34	-1858	9748	538027
10241000	28	-1852	8070	539784
10251000	30	-1851	8711	540170
10261000	28	-1848	8108	541010
10271000	27	-1846	7843	541596
10281000	30	-1845	8707	541966
10291000	23	-1840	6756	543366
10301000	26	-1844	7741	542221
10311000	27	-1840	7881	543477
10321000	33	-1840	9781	543321
10331000	27	-1835	7883	544744
10341000	32	-1831	9434	546066
10351000	36	-1824	10892	548135
10361000	37	-1823	11197	548234
10371000	35	-1820	10493	549175
10381000	42	-1813	12643	551281
10391000	41	-1813	12435	551285
10401000	41	-1812	12461	551642
10411000	41	-1811	12564	551998
10421000	35	-1806	10637	553472
10431000	37	-1807	11340	553225
10441000	34	-1800	10589	555456
10451000	43	-1802	13353	554742
10461000	34	-1795	10616	556881
10471000	31	-1798	9719	556132
10481000	27	-1795	8431	557101
10491000	31	-1791	9813	558139
10501000	27	-1781	8619	561324
10511000	23	-1783	7273	560886
10521000	25	-1779	7871	562026
10531000	26	-1781	8343	561421
10541000	26	-1781	8058	561417
10551000	29	-1773	9235	563942
10561000	22	-1771	6902	564492
10571000	26	-1774	8348	563578
10581000	23	-1768	7267	565562
10591000	28	-1765	8966	566415
10601000	24	-1766	7724	566039
10611000	33	-1757	10555	568959
10621000	35	-1760	11398	568059
10631000	35	-1753	11500	570196
10641000	33	-1754	10852	569848
10651000	31	-1749	10218	571485
10661000	35	-1746	11501	572564
10671000	35	-1743	11378	573624
10681000	34	-1741	11339	574070
10691000	32	-1736	10489	575797
10701000	35	-1734	11534	576624
10711000	36	-1728	12139	578519
10721000	36	-1725	12100	579623
10731000	36	-1724	12155	579955
10741000	36	-1718	12139	581728
10751000	36	-1715	12104	582940
10761000	38	-1716	12879	582629
10771000	40	-1712	13547	583806
10781000	39	-1710	13169	584549
10791000	39	-1705	13453	586116
10801000	38	-1709	12898	585004
10811000	41	-1704	13992	586506
10821000	42	-1706	14487	585913
10831000	39	-1704	13375	586656
10841000	40	-1703	13779	586740
10851000	40	-1702	13832	587167
10861000	38	-1696	13333	589364
10871000	34	-1693	11766	590415
10881000	34	-1696	11834	589428
10891000	41	-1689	14446	591757
10901000	31	-1682	10862	594497
10911000	35	-1680	12336	595050
10921000	37	-1681	13186	594737
10931000	32	-1676	11551	596494
10941000	33	-1671	11780	598123
10951000	33	-1674	11902	597048
10961000	31	-1669	11052	598931
10971000	31	-1668	11162	599314
10981000	32	-1663	11413	600932
10991000	31	-1662	11359	601471
11001000	29	-1661	10583	601848
11011000	24	-1656	8841	603674
11021000	28	-1658	10190	603127
11031000	26	-1653	9681	604673
11041000	25	-1651	9262	605507
11051000	29	-1658	10452	602893
11061000	20	-1646	7371	607332
11071000	20	-1649	7255	606486
11081000	20	-1644	7378	608181
11091000	21	-1638	7871	610298
11101000	31	-1627	11571	614385
11111000	29	-1634	11018	611627
11121000	29	-1629	10985	613646
11131000	22	-1630	8291	613370
11141000	33	-1620	12398	617185
11151000	33	-1610	12852	621032
11161000	34	-1615	13073	619103
11171000	35	-1614	13557	619221
11181000	38	-1611	14730	620198
11191000	39	-1609	15074	621138
11201000	37	-1610	14400	620725
11211000	43	-1609	16562	620919
11221000	31	-1614	11939	619263
11231000	35	-1605	13716	622817
11241000	42	-1607	16282	621835
11251000	36	-1603	14029	623400
11261000	38	-1602	14855	623995
11271000	41	-1602	15886	623712
11281000	35	-1591	13891	628196
11291000	34	-1599	13312	625221
11301000	35	-1600	13817	624510
11311000	29	-1591	11315	628525
11321000	31	-1589	12190	629105
11331000	27	-1583	10598	631589
11341000	26	-1579	10486	632979
11351000	28	-1578	11343	633603
11361000	25	-1576	10064	634388
11371000	29	-1572	11695	635976
11381000	25	-1571	10009	636329
11391000	26	-1565	10698	638662
11401000	24	-1564	9791	639135
11411000	28	-1560	11366	640805
11421000	28	-1563	11563	639541
11431000	28	-1558	11492	641808
11441000	27	-1563	10911	639523
11451000	30	-1557	12411	641989
11461000	32	-1551	13205	644473
11471000	30	-1560	12281	640720
11481000	30	-1553	12442	643544
11491000	32	-1548	13505	645552
11501000	33	-1544	13823	647525
11511000	34	-1543	14327	647682
11521000	39	-1538	16528	649851
11531000	37	-1533	15924	651724
11541000	41	-1535	17423	651063
11551000	38	-1525	16185	655254
11561000	40	-1526	17143	654977
11571000	39	-1515	17180	659825
11581000	39	-1524	16679	655650
11591000	39	-1521	16705	657138
11601000	40	-1522	17304	656365
11611000	39	-1515	16884	659759
11621000	38	-1517	16550	658914
11631000	38	-1515	16459	659511
11641000	41	-1501	18343	665596
11651000	41	-1509	17792	662220
11661000	42	-1503	18574	664777
11671000	44	-1505	19308	663959
11681000	43	-1501	19213	665525
11691000	44	-1499	19628	666620
11701000	43	-1497	19084	667616
11711000	42	-1497	18615	667680
11721000	42	-1494	19007	668776
11731000	41	-1495	18257	668345
11741000	42	-1491	19076	669927
11751000	46	-1491	20622	670158
11761000	44	-1489	20026	671206
11771000	43	-1484	19420	673255
11781000	48	-1489	21684	671075
11791000	36	-1480	16257	675108
11801000	31	-1478	14136	676494
11811000	31	-1482	13960	674582
11821000	40	-1483	18204	673689
11831000	36	-1475	16314	677532
11841000	32	-1473	14801	678470
11851000	35	-1474	15912	678191
11861000	26	-1470	12155	679882
11871000	26	-1467	11909	681548
11881000	26	-1465	11923	682191
11891000	27	-1463	12456	683381
11901000	25	-1461	11887	684449
11911000	23	-1462	10909	683984
11921000	27	-1457	12759	685950
11931000	25	-1458	11780	685502
11941000	30	-1453	14149	687959
11951000	29	-1447	13791	690677
11961000	29	-1446	13837	691333
11971000	34	-1441	16293	693817
11981000	33	-1440	15813	693897
11991000	34	-1434	16636	696728
12001000	33	-1432	15968	697844
12011000	31	-1428	15148	700066
12021000	30	-1428	14594	700130
12031000	32	-1424	15534	701996
12041000	32	-1422	15605	702655
12051000	32	-1425	15891	701247
12061000	25	-1423	12482	702591
12071000	30	-1417	14943	705250
12081000	30	-1416	14913	705967
12091000	31	-1418	15634	705097
12101000	31	-1414	15419	706896
12111000	28	-1419	14059	704627
12121000	24	-1412	12154	707822
12131000	25	-1418	12538	705241
12141000	29	-1413	14580	707302
12151000	30	-1405	15150	711413
12161000	33	-1415	16440	706160
12171000	29	-1408	14814	710038
12181000	36	-1413	18025	707244
12191000	34	-1406	17294	710606
12201000	34	-1405	17177	711367
12211000	30	-1403	15342	712470
12221000	30	-1404	15458	712100
12231000	38	-1398	19193	714972
12241000	33	-1399	16975	714296
12251000	35	-1395	17837	716317
12261000	34	-1389	17517	719323
12271000	42	-1398	21687	714754
12281000	32	-1389	16523	719387
12291000	34	-1388	17595	720217
12301000	32	-1381	16580	723785
12311000	36	-1379	18865	724826
12321000	26	-1374	13852	727329
12331000	30	-1372	16051	728372
12341000	26	-1366	13939	731779
12351000	25	-1368	13578	730662
12361000	27	-1364	14481	732776
12371000	25	-1360	13519	735272
12381000	26	-1359	14117	735538
12391000	22	-1357	12179	736648
12401000	27	-1351	14846	739661
12411000	27	-1356	14556	737387
12421000	23	-1340	12961	745974
12431000	30	-1340	16719	746006
12441000	27	-1340	14922	746007
12451000	32	-1336	17922	747862
12461000	35	-1333	19582	749517
12471000	31	-1325	17741	754020
12481000	37	-1330	20683	751401
12491000	27	-1328	15456	752861
12501000	37	-1327	20725	753067
12511000	29	-1328	16238	752706
12521000	34	-1332	19190	750125
12531000	32	-1328	18271	752731
12541000	28	-1327	15615	753148
12551000	28	-1328	15750	752674
12561000	30	-1323	17250	755701
12571000	27	-1325	15590	754317
12581000	24	-1325	13795	754241
12591000	21	-1320	12102	757482
12601000	23	-1318	13295	758514
12611000	23	-1319	13393	758100
12621000	22	-1318	12633	758227
12631000	20	-1320	11501	757617
12641000	18	-1315	10602	760292
12651000	27	-1310	15506	763280
12661000	22	-1307	12632	765047
12671000	23	-1300	13399	768735
12681000	23	-1301	13588	768242
12691000	24	-1298	13980	769931
12701000	23	-1297	13839	770862
12711000	25	-1293	14874	773313
12721000	21	-1300	12226	769117
12731000	23	-1292	13704	773559
12741000	27	-1290	16315	774889
12751000	24	-1287	14667	776899
12761000	26	-1285	15852	778014
12771000	28	-1286	16794	777025
12781000	30	-1284	18091	778135
12791000	25	-1290	15097	775149
12801000	28	-1286	16937	777071
12811000	33	-1280	19886	780529
12821000	32	-1282	19417	779301
12831000	34	-1277	21060	782582
12841000	31	-1277	19006	782526
12851000	28	-1276	17466	783309
12861000	29	-1279	17855	781485
12871000	34	-1273	20890	784861
12881000	35	-1270	21465	786578
12891000	38	-1266	23949	789243
12901000	35	-1268	22042	787832
12911000	37	-1266	23311	788936
12921000	33	-1262	20749	791721
12931000	42	-1255	26838	795670
12941000	37	-1256	23375	795461
12951000	33	-1245	21573	802782
12961000	34	-1242	22012	804633
12971000	33	-1236	21456	808510
12981000	39	-1237	25379	807756
12991000	34	-1236	22282	808362
13001000	36	-1234	23604	809614
13011000	40	-1232	26581	811091
13021000	32	-1228	20997	813545
13031000	32	-1229	21055	813095
13041000	31	-1225	20766	815584
13051000	33	-1223	22203	816860
13061000	34	-1220	22645	818738
13071000	32	-1227	21040	814220
13081000	32	-1222	21331	817642
13091000	32	-1221	21376	818734
13101000	30	-1216	20098	821946
13111000	33	-1221	22141	818694
13121000	30	-1214	20625	823427
13131000	29	-1211	19610	825009
13141000	27	-1212	18186	824396
13151000	27	-1216	18504	822285
13161000	29	-1215	19316	822735
13171000	27	-1209	18765	826829
13181000	31	-1208	21074	827576
13191000	26	-1205	17582	829601
13201000	24	-1205	16754	829761
13211000	25	-1202	17154	831708
13221000	22	-1201	15444	832573
13231000	24	-1194	16477	837077
13241000	26	-1189	18325	840950
13251000	22	-1192	15446	838361
13261000	26	-1188	18207	841628
13271000	26	-1188	18449	841213
13281000	28	-1183	20180	845133
13291000	26	-1181	18325	846010
13301000	23	-1183	16794	845270
13311000	24	-1180	17429	847346
13321000	22	-1181	15926	846614
13331000	26	-1180	18332	847388
13341000	27	-1179	19158	847858
13351000	29	-1173	20997	851867
13361000	25	-1177	18091	849227
13371000	27	-1177	19824	848999
13381000	26	-1171	19164	853437
13391000	29	-1171	20930	853271
13401000	30	-1167	22064	856433
13411000	30	-1165	21824	857560
13421000	33	-1161	24747	860982
13431000	32	-1160	23954	861197
13441000	36	-1158	27182	862969
13451000	37	-1155	27761	865136
13461000	34	-1149	25402	869489
13471000	43	-1148	32401	870063
13481000	39	-1152	29343	867355
13491000	44	-1148	33325	870097
13501000	35	-1150	26392	868574
13511000	39	-1148	29717	870327
13521000	39	-1146	29723	871598
13531000	43	-1143	33051	873380
13541000	39	-1141	30047	875044
13551000	37	-1143	28405	874258
13561000	33	-1141	25433	875993
13571000	36	-1131	27998	883175
13581000	35	-1137	26819	878771
13591000	28	-1135	22045	880189
13601000	27	-1133	20966	882233
13611000	28	-1134	22123	881024
13621000	37	-1144	27994	873259
13631000	29	-1126	22932	887365
13641000	25	-1124	19814	889075
13651000	25	-1128	19457	885719
13661000	30	-1127	23894	886898
13671000	25	-1124	19830	889310
13681000	22	-1120	17482	892117
13691000	24	-1122	18703	890914
13701000	16	-1116	12986	895837
13711000	23	-1119	18159	893431
13721000	18	-1115	14602	896965
13731000	21	-1113	17287	898029
13741000	21	-1112	17046	899276
13751000	23	-1104	18818	905779
13761000	24	-1106	19267	903461
13771000	23	-1105	19096	904879
13781000	27	-1100	22165	908784
13791000	25	-1100	21041	908937
13801000	27	-1095	22351	912599
13811000	26	-1097	21726	910947
13821000	26	-1098	21880	910466
13831000	29	-1094	24289	913299
13841000	26	-1093	22076	914369
13851000	27	-1094	22209	913914
13861000	29	-1094	24306	913747
13871000	29	-1091	24749	916238
13881000	30	-1091	24768	915716
13891000	29	-1093	24106	914097
13901000	30	-1083	25617	922852
13911000	25	-1088	21394	918526
13921000	30	-1088	25356	918694
13931000	30	-1088	25539	918188
13941000	31	-1085	26023	920828
13951000	28	-1084	23747	921841
13961000	33	-1074	28304	930220
13971000	32	-1074	27316	930570
13981000	33	-1073	28240	931137
13991000	33	-1074	28266	930619
14001000	34	-1065	30067	937574
14011000	34	-1066	30235	937089
14021000	36	-1058	32157	944275
14031000	31	-1057	27730	945053
14041000	36	-1057	31914	945178
14051000	39	-1053	34688	948268
14061000	34	-1051	31112	950373
14071000	37	-1044	34261	956829
14081000	39	-1045	35648	955427
14091000	37	-1049	33937	952435
14101000	34	-1045	31266	955803
14111000	34	-1046	31407	955273
14121000	29	-1045	26863	956021
14131000	36	-1042	32878	958750
14141000	31	-1041	28279	959573
14151000	32	-1040	29243	960283
14161000	32	-1037	29796	963136
14171000	32	-1044	29726	957064
14181000	31	-1044	28508	957386
14191000	30	-1037	27529	963291
14201000	33	-1036	30644	964402
14211000	32	-1034	30294	965965
14221000	33	-1035	30503	965491
14231000	34	-1036	31777	964107
14241000	34	-1034	31425	965639
14251000	33	-1033	31073	967210
14261000	32	-1036	29443	964161
14271000	35	-1035	32665	965393
14281000	34	-1031	31920	969154
14291000	32	-1032	29731	968130
14301000	33	-1030	31554	970128
14311000	30	-1026	28646	973578
14321000	33	-1029	31297	971250
14331000	33	-1023	31415	976336
14341000	34	-1022	32518	977161
14351000	41	-1017	39848	981397
14361000	39	-1016	37328	982733
14371000	35	-1020	33260	979063
14381000	36	-1016	34709	983409
14391000	34	-1009	33544	989703
14401000	40	-1009	39557	989056
14411000	44	-1004	43513	993885
14421000	39	-1006	38915	992526
14431000	40	-1003	39525	995658
14441000	40	-997	39783	1001156
14451000	37	-996	37050	1002477
14461000	45	-1000	44862	998375
14471000	35	-994	35250	1004516
14481000	34	-992	34933	1006387
14491000	46	-984	47062	1014083
14501000	33	-993	33625	1006140
14511000	33	-987	33770	1011752
14521000	36	-983	36790	1015484
14531000	42	-990	42914	1008577
14541000	34	-982	34921	1017615
14551000	31	-974	32149	1025348
14561000	27	-969	28307	1031699
14571000	28	-974	29367	1026129
14581000	34	-966	36847	1033392
14591000	39	-964	41432	1036197
14601000	33	-961	35541	1039778
14611000	37	-964	40046	1036129
14621000	38	-953	41766	1047581
14631000	35	-960	37731	1040839
14641000	33	-957	35837	1043886
14651000	35	-951	38504	1050485
14661000	36	-956	39539	1044685
14671000	37	-951	41170	1049702
14681000	36	-951	39664	1050187
14691000	34	-952	37172	1049117
14701000	30	-949	33572	1053129
14711000	33	-949	36249	1053023
14721000	32	-947	35822	1055030
14731000	28	-941	31632	1061739
14741000	29	-944	32218	1058519
14751000	30	-939	33796	1063625
14761000	31	-944	34926	1057838
14771000	32	-941	35552	1061526
14781000	29	-942	32993	1060374
14791000	25	-936	28657	1067040
14801000	26	-936	29778	1068030
14811000	29	-934	33580	1069716
14821000	23	-933	26034	1071574
14831000	29	-935	33655	1068275
14841000	28	-929	31976	1075703
14851000	26	-926	29769	1078920
14861000	27	-925	30949	1080046
14871000	28	-927	32646	1078255
14881000	32	-924	37545	1081439
14891000	28	-918	33131	1088567
14901000	31	-912	37552	1094768
14911000	35	-917	41480	1089037
14921000	28	-916	33679	1091037
14931000	30	-921	34945	1085021
14941000	31	-912	37118	1095147
14951000	24	-911	29189	1097101
14961000	28	-912	33762	1095886
14971000	27	-908	32574	1100962
14981000	30	-902	37109	1107298
14991000	29	-908	35425	1100212
15001000	27	-909	32602	1098916
15011000	28	-908	33809	1100182
15021000	28	-905	34335	1104190
15031000	33	-910	40170	1097276
15041000	29	-904	35500	1104557
15051000	27	-902	33153	1107937
15061000	32	-901	38966	1108582
15071000	26	-902	31404	1107768
15081000	29	-904	34952	1104850
15091000	29	-903	36124	1106033
15101000	28	-899	34923	1111302
15111000	31	-899	37847	1111363
15121000	30	-897	37224	1113519
15131000	40	-901	49024	1107592
15141000	33	-894	40758	1117416
15151000	30	-893	37162	1119148
15161000	31	-892	38417	1120271
15171000	32	-889	40797	1123217
15181000	41	-891	52043	1120152
15191000	35	-882	44865	1132280
15201000	37	-885	47367	1127325
15211000	35	-879	45585	1135673
15221000	44	-885	56397	1127577
15231000	38	-876	49142	1139853
15241000	44	-868	58645	1149095
15251000	41	-867	54870	1150880
15261000	49	-864	65572	1153911
15271000	41	-864	55459	1154810
15281000	45	-862	59935	1156528
15291000	43	-860	57376	1160185
15301000	43	-859	58734	1161384
15311000	36	-863	47845	1157053
15321000	37	-862	49119	1158363
15331000	41	-857	56134	1163985
15341000	41	-854	56785	1168444
15351000	43	-859	57997	1161395
15361000	43	-856	58654	1165901
15371000	32	-852	43677	1172216
15381000	39	-853	54135	1170207
15391000	35	-851	48213	1173526
15401000	38	-849	52732	1175793
15411000	41	-847	57414	1177697
15421000	32	-843	45326	1184798
15431000	37	-848	51981	1176943
15441000	34	-844	47239	1182364
15451000	33	-843	46492	1184965
15461000	34	-842	47832	1186135
15471000	29	-837	40894	1192668
15481000	27	-837	38821	1193206
15491000	24	-836	34652	1194977
15501000	32	-837	45661	1193091
15511000	32	-834	46139	1197981
15521000	25	-832	36364	1200396
15531000	22	-831	32110	1202465
15541000	26	-828	38243	1206586
15551000	24	-829	34813	1205101
15561000	33	-824	47821	1211144
15571000	20	-822	29962	1215449
15581000	26	-820	38359	1218507
15591000	26	-820	38305	1217687
15601000	20	-816	30737	1224638
15611000	26	-817	38664	1222318
15621000	20	-815	29808	1226768
15631000	24	-815	35599	1225479
15641000	22	-811	33773	1231830
15651000	24	-812	35977	1229858
15661000	21	-814	32353	1228223
15671000	24	-810	36376	1234064
15681000	30	-802	46920	1245552
15691000	27	-808	41231	1236014
15701000	27	-801	42239	1247020
15711000	28	-800	43703	1248434
15721000	30	-801	45909	1246442
15731000	27	-799	42558	1250880
15741000	27	-795	43083	1256069
15751000	30	-795	47020	1256056
15761000	27	-796	43048	1254658
15771000	29	-793	45790	1258705
15781000	29	-790	46285	1263941
15791000	29	-791	46529	1262985
15801000	25	-791	40360	1262588
15811000	29	-788	46990	1267576
15821000	31	-781	50400	1277815
15831000	31	-786	49865	1270625
15841000	35	-779	57355	1281684
15851000	36	-776	60293	1286123
15861000	35	-774	59145	1289478
15871000	42	-762	71953	1308025
15881000	37	-770	61710	1296378
15891000	39	-769	65542	1296658
15901000	39	-766	66125	1302387
15911000	39	-766	66138	1301394
15921000	38	-765	65273	1304607
15931000	37	-768	61881	1299162
15941000	40	-764	68878	1304457
15951000	41	-761	69749	1310107
15961000	38	-762	65605	1308199
15971000	38	-763	65471	1307372
15981000	39	-766	66226	1302637
15991000	36	-761	61728	1311665
16001000	38	-761	65954	1311547
16011000	41	-760	69953	1311923
16021000	34	-757	59486	1317894
16031000	37	-757	63581	1318070
16041000	37	-760	64576	1312969
16051000	37	-758	63494	1316231
16061000	33	-755	57211	1322905
16071000	37	-755	63951	1321448
16081000	35	-755	61284	1322314
16091000	33	-750	59258	1330149
16101000	33	-751	58989	1329410
16111000	36	-749	64588	1332472
16121000	34	-750	60539	1330512
16131000	33	-746	58726	1337986
16141000	33	-746	58727	1337090
16151000	33	-743	59236	1343301
16161000	37	-744	66295	1341693
16171000	38	-737	70345	1353350
16181000	37	-736	67340	1354441
16191000	34	-738	62673	1352879
16201000	33	-736	61653	1356327
16211000	35	-733	65008	1360695
16221000	36	-736	65917	1355263
16231000	33	-731	60859	1365136
16241000	36	-729	66917	1368429
16251000	34	-729	64005	1369378
16261000	32	-728	60956	1370200
16271000	32	-725	61353	1376940
16281000	37	-724	70452	1378246
16291000	31	-725	58433	1376635
16301000	34	-723	64898	1379725
16311000	34	-720	65388	1386346
16321000	30	-720	57517	1386204
16331000	34	-717	66086	1392202
16341000	32	-722	60889	1382700
16351000	31	-718	60809	1389669
16361000	31	-716	59438	1393683
16371000	28	-718	55044	1391457
16381000	30	-715	58923	1396328
16391000	28	-716	53860	1394218
16401000	31	-714	59985	1397896
16411000	32	-715	63175	1395167
16421000	31	-715	60186	1396129
16431000	32	-716	62884	1393422
16441000	31	-712	60094	1402243
16451000	30	-710	59025	1406071
16461000	31	-713	60527	1399928
16471000	32	-712	62361	1402058
16481000	31	-706	61429	1414105
16491000	32	-707	64371	1411488
16501000	32	-705	63239	1415179
16511000	32	-704	64729	1417656
16521000	34	-701	68162	1423127
16531000	34	-696	70480	1433291
16541000	38	-698	76979	1428275
16551000	36	-698	73999	1429025
16561000	34	-694	71287	1438166
16571000	37	-685	77841	1455188
16581000	39	-689	82164	1447378
16591000	35	-693	73603	1438845
16601000	38	-683	81550	1459217
16611000	40	-683	86400	1459697
16621000	38	-680	82451	1465736
16631000	40	-677	86628	1470915
16641000	44	-678	94911	1469383
16651000	41	-675	90143	1475986
16661000	41	-675	89918	1474975
16671000	43	-673	94276	1480454
16681000	39	-671	87071	1484393
16691000	39	-672	86506	1483935
16701000	40	-670	88780	1486270
16711000	40	-671	89044	1485032
16721000	39	-669	87746	1489396
16731000	39	-670	87279	1488513
16741000	43	-670	95714	1487154
16751000	42	-669	92428	1488328
16761000	37	-666	83993	1497199
16771000	36	-668	80930	1493616
