f/Hz	Re{Y}/µS	Im{Y}/µS	Re{Z}/mOhm	Im{Z}/mOhm
1000	337086	-71387	2839	601
11000	50996	-121701	2929	6990
21000	15711	-71474	2934	13346
31000	7446	-49645	2955	19700
41000	4301	-37887	2959	26059
51000	2801	-30603	2966	32405
61000	1963	-25659	2965	38745
71000	1447	-22069	2958	45118
81000	1120	-19355	2980	51494
91000	892	-17252	2990	57811
101000	734	-15543	3031	64196
111000	613	-14152	3053	70528
121000	510	-12979	3022	76929
131000	441	-11992	3062	83276
141000	378	-11145	3037	89620
151000	336	-10407	3097	95986
161000	292	-9759	3063	102381
171000	260	-9188	3076	108749
181000	241	-8684	3188	115064
191000	217	-8230	3204	121423
201000	190	-7813	3107	127910
211000	177	-7449	3181	134165
221000	161	-7103	3186	140704
231000	160	-6795	3470	147088
241000	140	-6512	3290	153488
251000	131	-6254	3339	159834
261000	121	-6011	3347	166284
271000	107	-5788	3185	172722
281000	109	-5588	3491	178875
291000	101	-5393	3480	185351
301000	89	-5215	3267	191691
311000	86	-5050	3361	197971
321000	74	-4884	3105	204722
331000	72	-4739	3209	210975
341000	79	-4597	3727	217489
351000	62	-4469	3105	223708
361000	59	-4341	3110	230334
371000	66	-4227	3672	236532
381000	54	-4117	3202	242850
391000	50	-4010	3095	249309
401000	52	-3900	3425	256391
411000	50	-3817	3442	261917
421000	50	-3717	3599	268978
431000	43	-3631	3243	275379
441000	45	-3545	3596	282005
451000	37	-3470	3092	288181
461000	44	-3403	3812	293827
471000	42	-3321	3841	301064
481000	42	-3251	3978	307500
491000	36	-3186	3509	313862
501000	43	-3118	4387	320622
511000	33	-3055	3557	327341
521000	38	-2994	4184	333943
531000	35	-2941	3989	339959
541000	28	-2883	3318	346816
551000	34	-2830	4204	353315
561000	25	-2782	3185	359416
571000	31	-2736	4173	365480
581000	30	-2682	4121	372872
591000	27	-2643	3872	378255
601000	22	-2595	3310	385320
611000	35	-2547	5396	392479
621000	21	-2505	3350	399203
631000	26	-2467	4202	405328
641000	31	-2428	5241	411862
651000	19	-2387	3268	418965
661000	22	-2358	3951	424012
671000	17	-2317	3161	431538
681000	28	-2281	5447	438335
691000	27	-2256	5274	443219
701000	14	-2220	2766	450441
711000	17	-2183	3528	458158
721000	27	-2151	5941	464817
731000	18	-2115	4116	472829
741000	19	-2087	4436	479003
751000	17	-2064	3894	484396
761000	18	-2038	4446	490654
771000	19	-2002	4738	499536
781000	14	-1978	3669	505537
791000	20	-1960	5312	510128
801000	13	-1927	3368	518847
811000	17	-1905	4752	524936
821000	14	-1877	4059	532775
831000	18	-1863	5179	536662
841000	11	-1840	3304	543355
851000	12	-1816	3636	550663
861000	10	-1792	3179	557960
871000	17	-1772	5309	564399
881000	22	-1750	7064	571271
891000	10	-1728	3293	578808
901000	9	-1714	3203	583424
911000	17	-1693	6037	590459
921000	12	-1674	4382	597211
931000	19	-1654	7097	604610
941000	15	-1628	5811	614027
951000	10	-1614	3922	619504
961000	4	-1596	1736	626408
971000	11	-1583	4449	631776
981000	10	-1572	4081	636192
991000	10	-1551	4070	644691
1001000	5	-1530	2011	653625
1011000	12	-1511	5240	661583
1021000	9	-1492	4262	670027
1031000	6	-1480	2570	675535
1041000	10	-1472	4794	679171
1051000	11	-1459	5140	685392
1061000	9	-1438	4346	695161
1071000	9	-1426	4596	701218
1081000	10	-1412	5018	708403
1091000	17	-1388	8593	720545
1101000	15	-1379	8139	725020
1111000	16	-1370	8503	729981
1121000	17	-1360	9255	735226
1131000	9	-1343	5079	744794
1141000	8	-1325	4715	754529
1151000	9	-1316	4967	759791
1161000	5	-1308	2983	764265
1171000	4	-1297	2312	770716
1181000	4	-1283	2406	779358
1191000	14	-1269	8991	788038
1201000	15	-1261	9662	793164
1211000	13	-1250	8589	800139
1221000	5	-1240	3354	806723
1231000	5	-1231	2987	812189
1241000	2	-1219	1456	820161
1251000	2	-1205	1267	830066
1261000	2	-1193	1729	838282
1271000	6	-1184	4230	844645
1281000	9	-1173	6704	852469
1291000	13	-1166	9235	857741
1301000	19	-1154	14319	866417
1311000	11	-1140	8470	877003
1321000	7	-1131	5650	884023
1331000	5	-1122	4076	891273
1341000	6	-1115	4557	896616
1351000	4	-1102	3690	907675
1361000	1	-1093	610	915124
1371000	6	-1087	4740	919773
1381000	6	-1082	5213	924030
1391000	7	-1077	5641	928189
1401000	6	-1070	5340	934628
1411000	15	-1066	12857	937588
1421000	14	-1052	12889	950433
1431000	11	-1038	10535	962864
1441000	11	-1027	10508	973198
1451000	11	-1020	10257	980167
1461000	9	-1014	9149	986594
1471000	8	-1007	7960	993172
1481000	5	-1000	4899	999680
1491000	5	-993	4655	1007034
1501000	5	-988	5272	1011634
1511000	13	-983	13819	1017307
1521000	11	-974	11733	1027068
1531000	11	-969	12195	1032000
1541000	11	-965	11821	1035974
1551000	5	-952	5670	1049943
1561000	5	-940	5183	1064360
1571000	8	-930	8852	1074890
1581000	9	-923	10661	1083311
1591000	7	-919	8040	1087864
1601000	13	-912	15947	1096442
1611000	12	-907	14349	1102112
1621000	14	-901	17066	1110075
1631000	15	-893	18778	1119190
1641000	12	-890	14676	1123073
1651000	11	-881	14508	1134676
1661000	13	-875	16442	1142041
1671000	13	-872	16884	1146146
1681000	12	-861	16431	1160807
1691000	11	-864	14174	1157648
1701000	8	-860	11213	1162819
1711000	5	-853	6797	1171721
1721000	4	-848	5891	1179513
1731000	3	-841	3895	1188454
1741000	5	-832	7013	1202521
1751000	9	-823	12624	1214507
1761000	10	-816	14581	1225406
1771000	7	-808	11133	1236858
1781000	4	-804	5979	1244322
1791000	4	-799	6377	1251725
1801000	3	-794	3994	1259152
1811000	2	-791	3156	1265003
1821000	2	-788	3610	1269658
1831000	-0	-787	-543	1270039
1841000	3	-779	5527	1283711
1851000	3	-780	4461	1281511
1861000	3	-776	4866	1289351
1871000	5	-771	8209	1297212
1881000	6	-763	10132	1309804
1891000	6	-757	10778	1321208
1901000	4	-749	6671	1334190
1911000	1	-744	2353	1344174
1921000	-1	-737	-2165	1357532
1931000	3	-733	6298	1364682
1941000	4	-729	8292	1371971
1951000	5	-725	10257	1379310
1961000	12	-714	22877	1400299
1971000	11	-714	21417	1400892
1981000	12	-708	24064	1411733
1991000	12	-707	24373	1414079
2001000	11	-704	21196	1419983
2011000	9	-701	18041	1426218
2021000	9	-698	18598	1432409
2031000	7	-696	13611	1436866
2041000	5	-697	10207	1435586
2051000	5	-688	10496	1453055
2061000	7	-687	14720	1455405
2071000	7	-681	15283	1469168
2081000	5	-675	9970	1481257
2091000	9	-676	19963	1478070
2101000	7	-668	16567	1496411
2111000	7	-664	14824	1505293
2121000	10	-660	23235	1515928
2131000	5	-660	11112	1514830
2141000	1	-647	3077	1546396
2151000	1	-643	1488	1555710
2161000	1	-640	2044	1562963
2171000	3	-639	6683	1566140
2181000	1	-634	2285	1577835
2191000	5	-631	11399	1585277
2201000	5	-624	11778	1601869
2211000	4	-619	9699	1616350
2221000	6	-613	16796	1631369
2231000	7	-607	19415	1646648
2241000	8	-602	22386	1661932
2251000	6	-599	18035	1669972
2261000	1	-598	3602	1672963
2271000	7	-594	21137	1683868
2281000	9	-591	26672	1692301
2291000	9	-591	24614	1693041
2301000	8	-590	22240	1694126
2311000	9	-586	25197	1705398
2321000	9	-585	25612	1709066
2331000	8	-581	23820	1720524
2341000	6	-578	19081	1729104
2351000	14	-580	43122	1724435
2361000	5	-573	16585	1744307
2371000	7	-568	22128	1758856
2381000	9	-565	27935	1768147
2391000	5	-561	17005	1783030
2401000	3	-553	11008	1809817
2411000	2	-550	5340	1819621
2421000	2	-545	5611	1835482
2431000	2	-542	5800	1845429
2441000	1	-540	3212	1852369
2451000	1	-539	3493	1856444
2461000	-2	-535	-5697	1869657
2471000	3	-531	10043	1883919
2481000	4	-527	13146	1898058
2491000	4	-526	13401	1902358
2501000	6	-522	23297	1916481
2511000	5	-519	16854	1927314
2521000	8	-514	30657	1945166
2531000	7	-508	27825	1966708
2541000	8	-506	31514	1974829
2551000	3	-503	10659	1986288
2561000	4	-501	14239	1994840
2571000	3	-499	10820	2003018
2581000	4	-497	14812	2011511
2591000	2	-494	7608	2023429
2601000	3	-494	11367	2024888
2611000	4	-492	15198	2033418
2621000	2	-492	8651	2030824
2631000	5	-487	20015	2054552
2641000	4	-488	16577	2048586
2651000	4	-487	16973	2053864
2661000	3	-485	13552	2062780
2671000	6	-483	25035	2071948
2681000	6	-481	25152	2077130
2691000	7	-479	29001	2086199
2701000	7	-472	33127	2119045
2711000	8	-473	37933	2112285
2721000	6	-466	25936	2145827
2731000	6	-465	25904	2151480
2741000	4	-460	17283	2173452
2751000	-1	-456	-4412	2191370
2761000	4	-456	17173	2193709
2771000	2	-451	8129	2216459
2781000	2	-450	8173	2222390
2791000	2	-449	8143	2228361
2801000	3	-447	12835	2238925
2811000	2	-445	8748	2249356
2821000	1	-442	4296	2260034
2831000	2	-437	8340	2289885
2841000	3	-434	17527	2305885
2851000	5	-432	27026	2312562
2861000	1	-429	2726	2332639
2871000	2	-422	11466	2369203
2881000	4	-419	21160	2386417
2891000	4	-416	20834	2403413
2901000	5	-413	31314	2421055
2911000	3	-409	15726	2443520
2921000	4	-408	26715	2451228
2931000	4	-407	26520	2458442
2941000	4	-404	26271	2476818
2951000	6	-402	37528	2484426
2961000	4	-404	21662	2474967
2971000	4	-402	26999	2487988
2981000	4	-401	27088	2495432
2991000	4	-401	27232	2491796
3001000	3	-400	16567	2498935
3011000	3	-396	21887	2523567
3021000	4	-396	27708	2525777
3031000	3	-396	22289	2527977
3041000	3	-393	16523	2541311
3051000	5	-395	34364	2532574
3061000	5	-394	34280	2540612
3071000	6	-391	39893	2554240
3081000	4	-388	27942	2573751
3091000	7	-386	45574	2587936
3101000	5	-383	33619	2607799
3111000	4	-381	27767	2622082
3121000	5	-377	33532	2649238
3131000	4	-374	26316	2676550
3141000	3	-369	25174	2711174
3151000	-0	-368	-1440	2718892
3161000	1	-363	10555	2755419
3171000	0	-361	3349	2771312
3181000	1	-357	8922	2801954
3191000	0	-355	1077	2818314
3201000	1	-354	8673	2821347
3211000	2	-352	15512	2838633
3221000	1	-352	8396	2840937
3231000	4	-350	29746	2858928
3241000	5	-347	44104	2884289
3251000	4	-346	36810	2887100
3261000	7	-342	58795	2920796
3271000	8	-342	66349	2923468
3281000	10	-340	89349	2941806
3291000	9	-338	82170	2960181
3301000	13	-334	114812	2986589
3311000	13	-333	115356	2997713
3321000	12	-331	107552	3016998
3331000	12	-327	116395	3052675
3341000	13	-329	116115	3030989
3351000	12	-326	108338	3067367
3361000	11	-323	108983	3096193
3371000	12	-324	117608	3081994
3381000	10	-322	92008	3102575
3391000	10	-323	92065	3097048
3401000	10	-321	92433	3108753
3411000	9	-318	84316	3147264
3421000	9	-315	93335	3168307
3431000	8	-315	84578	3171475
3441000	8	-315	75909	3174539
3451000	6	-311	66201	3214370
3461000	8	-310	84569	3227138
3471000	8	-308	84238	3239901
3481000	11	-306	112321	3262270
3491000	10	-306	103056	3266210
3501000	10	-303	103694	3299404
3511000	13	-301	143273	3312605
3521000	12	-301	133187	3316495
3531000	13	-299	143517	3339630
3541000	13	-299	143358	3333509
3551000	15	-298	163842	3346633
3561000	14	-295	165011	3380696
3571000	14	-296	164895	3374126
3581000	13	-294	155188	3398734
3591000	12	-292	145321	3423833
3601000	14	-292	166445	3416646
3611000	13	-292	156402	3420985
3621000	12	-288	146987	3468001
3631000	9	-286	114655	3494005
3641000	8	-286	103927	3498040
3651000	7	-285	81564	3512803
3661000	9	-282	114379	3539800
3671000	6	-280	79793	3566666
3681000	8	-279	102370	3582419
3691000	8	-274	101871	3645532
3701000	3	-274	42375	3648413
3711000	3	-273	41682	3665524
3721000	5	-270	64309	3707233
3731000	5	-270	64172	3699283
3741000	7	-266	99756	3755058
3751000	8	-264	112270	3785862
3761000	6	-261	85309	3829829
3771000	7	-260	111098	3848335
3781000	10	-256	151178	3907575
3791000	10	-254	150901	3926186
3801000	12	-252	193304	3959301
3811000	10	-249	165880	4007635
3821000	10	-246	166386	4057566
3831000	12	-245	196195	4077663
3841000	12	-243	197025	4098702
3851000	9	-243	151307	4105385
3861000	8	-241	135640	4141298
3871000	10	-240	166163	4162670
3881000	9	-237	165660	4215948
3891000	8	-235	149028	4254391
3901000	6	-235	116863	4244115
3911000	8	-234	149427	4267532
3921000	7	-232	132313	4307144
3931000	6	-232	114902	4312509
3941000	6	-231	113698	4335107
3951000	5	-230	96099	4340748
3961000	5	-229	94769	4363760
3971000	5	-228	93725	4387417
3981000	6	-229	111730	4360058
3991000	5	-227	93116	4400714
4001000	5	-226	92501	4425734
4011000	5	-226	92996	4415922
4021000	6	-225	127079	4441105
4031000	7	-225	144133	4448295
4041000	5	-223	107242	4472629
4051000	8	-221	160294	4517168
4061000	7	-223	141237	4487397
4071000	8	-220	158174	4531102
4081000	8	-219	157243	4556988
4091000	7	-216	155934	4621095
4101000	10	-214	214394	4667931
4111000	8	-214	175185	4656809
4121000	11	-211	255127	4723071
4131000	12	-213	272862	4689493
4141000	9	-211	212747	4738404
4151000	12	-208	274842	4785473
4161000	13	-208	295576	4792958
4171000	14	-206	318640	4842354
4181000	13	-205	296553	4851441
4191000	12	-204	296796	4880544
4201000	13	-202	320558	4931864
4211000	11	-201	277280	4965470
4221000	10	-199	255233	5019968
4231000	11	-196	278821	5074710
4241000	9	-194	232351	5155962
4251000	11	-193	303951	5164586
4261000	9	-190	255969	5249094
4271000	13	-187	358676	5330902
4281000	8	-185	228629	5396091
4291000	8	-181	254630	5514001
4301000	10	-178	311736	5608610
4311000	7	-174	224540	5738633
4321000	9	-174	283025	5721097
4331000	9	-172	312664	5791785
4341000	6	-177	191577	5655621
4351000	11	-168	375700	5937646
4361000	10	-167	374971	5981490
4371000	8	-165	309586	6028976
4381000	8	-164	307558	6075734
4391000	9	-166	337499	6022410
4401000	8	-165	303460	6035277
4411000	10	-164	369162	6081735
4421000	11	-163	403130	6095980
4431000	10	-161	370175	6178984
4441000	10	-161	404142	6191262
4451000	9	-162	332780	6173361
4461000	10	-161	365898	6186685
4471000	9	-160	364945	6234584
4481000	9	-159	365704	6283453
4491000	9	-159	361925	6261596
4501000	8	-159	325229	6276423
4511000	9	-160	357698	6221440
4521000	10	-158	395597	6306995
4531000	10	-157	395092	6357688
4541000	10	-155	394759	6408665
4551000	9	-154	393089	6460880
4561000	9	-153	392823	6514392
4571000	8	-153	351769	6532918
4581000	9	-152	388918	6547543
4591000	13	-150	589218	6629527
4601000	11	-150	504686	6610611
4611000	10	-148	467417	6710837
4621000	10	-145	472315	6856194
4631000	12	-146	553565	6825834
4641000	12	-144	555559	6886446
4651000	11	-141	563927	7038202
4661000	12	-139	614869	7145686
4671000	13	-140	652212	7067853
4681000	12	-138	612300	7181488
4691000	8	-137	422745	7256269
4701000	11	-137	564740	7269503
4711000	11	-134	618821	7386399
4721000	9	-133	518491	7466651
4731000	10	-133	568546	7484505
4741000	8	-134	461255	7456613
4751000	9	-133	507007	7475375
4761000	8	-131	455481	7601174
4771000	8	-132	452246	7571281
4781000	10	-132	551078	7536675
4791000	7	-129	444700	7720480
4801000	7	-130	440330	7687155
4811000	8	-129	490013	7708029
4821000	10	-128	600060	7784253
4831000	7	-128	429572	7813248
4841000	6	-129	370363	7726129
4851000	7	-129	420793	7748794
4861000	8	-125	534748	7937673
4871000	9	-128	525392	7791685
4881000	8	-125	527552	7983133
4891000	10	-121	653134	8179729
4901000	7	-123	462966	8088936
4911000	10	-120	714001	8287947
4921000	10	-120	707953	8257082
4931000	12	-121	824878	8209168
4941000	13	-117	915041	8484209
4951000	12	-115	921748	8576752
4961000	14	-112	1083366	8792990
4971000	15	-109	1265242	9015651
4981000	15	-109	1252806	8976394
4991000	18	-105	1543508	9263058
5001000	16	-105	1463694	9313303
5011000	16	-105	1449037	9268347
5021000	13	-102	1265523	9679499
5031000	16	-103	1486245	9505438
5041000	15	-101	1437047	9727939
5051000	14	-98	1380501	9961146
5061000	13	-98	1291554	10017659
5071000	12	-97	1303754	10152260
5081000	14	-95	1509822	10254099
5091000	11	-95	1214417	10341184
5101000	10	-93	1136803	10594021
5111000	10	-92	1144644	10741330
5121000	12	-92	1339747	10657141
5131000	10	-91	1138604	10847956
5141000	8	-92	909454	10803315
5151000	6	-88	812541	11297384
5161000	7	-89	911999	11111925
5171000	6	-87	799788	11397110
5181000	7	-89	896601	11207393
5191000	6	-87	781002	11497013
5201000	5	-86	650051	11549042
5211000	5	-85	638726	11723265
5221000	7	-87	863125	11403340
5231000	5	-86	614620	11588389
5241000	4	-85	603413	11769379
5251000	5	-82	721910	12085922
5261000	4	-84	576485	11876995
5271000	6	-84	820934	11799865
5281000	2	-80	251854	12523790
5291000	3	-80	525427	12451292
5301000	4	-78	649012	12804083
5311000	3	-78	485408	12867325
5321000	3	-75	451645	13406508
5331000	3	-76	593677	13176971
5341000	2	-74	404640	13565171
5351000	2	-71	354248	14159267
5361000	2	-69	326478	14421849
5371000	3	-70	686972	14332369
5381000	1	-67	241388	14992565
5391000	3	-65	624969	15312644
5401000	3	-65	820375	15391245
5411000	3	-62	797212	16166085
5421000	2	-63	553333	15792718
5431000	6	-62	1466525	16126542
5441000	4	-60	965467	16511888
5451000	2	-58	672750	17134419
5461000	3	-58	917658	17264494
5471000	3	-54	1184383	18576224
5481000	3	-54	1160205	18394236
5491000	2	-54	821399	18518423
5501000	2	-54	785457	18329229
5511000	3	-52	1070441	19104557
5521000	4	-52	1381844	19240853
5531000	2	-51	631202	19773705
5541000	4	-50	1679386	19944472
5551000	4	-50	1631929	19723440
5561000	5	-48	2050151	20587479
5571000	4	-50	1580864	20001003
5581000	6	-47	2792489	20799075
5591000	6	-46	2839636	21415556
5601000	8	-43	4335816	22210490
5611000	10	-42	5413571	22569898
5621000	10	-42	5287220	22334882
5631000	9	-40	5176157	23738697
5641000	10	-39	6459824	24140584
5651000	9	-40	5560533	23573834
5661000	13	-37	8419424	24393694
5671000	13	-34	9785561	25377169
5681000	11	-35	8390902	25831119
5691000	14	-34	10169864	24994315
5701000	14	-35	9897850	24714056
5711000	15	-33	11421844	25614420
5721000	14	-34	10133233	25244816
5731000	13	-33	10696063	26138505
5741000	13	-33	10421280	25906260
5751000	13	-32	11015742	26849726
5761000	14	-31	11773690	26608954
5771000	12	-32	10195257	27245588
5781000	14	-31	12084053	27202844
5791000	14	-31	11735333	26916439
5801000	14	-29	13703106	27950628
5811000	14	-31	12150735	26452866
5821000	13	-31	11701175	27276139
5831000	12	-31	11230540	28120098
5841000	12	-27	13176941	30803202
5851000	12	-30	11587861	28934517
5861000	11	-29	11011962	29861680
5871000	12	-29	11944569	29754467
5881000	11	-29	11337122	30697873
5891000	11	-26	13650579	32296244
5901000	8	-28	9853835	32648582
5911000	9	-24	13535317	36763398
5921000	10	-27	12007189	32433625
5931000	8	-24	11987050	37580822
5941000	7	-23	12972657	39680313
5951000	8	-20	16620432	42569477
5961000	6	-19	14420615	47360497
5971000	9	-19	20240216	44386562
5981000	5	-17	17264898	54008526
5991000	6	-14	24343713	59136409
6001000	5	-16	18068221	56724566
6011000	5	-13	24576814	69054487
6021000	6	-11	37044414	68042963
6031000	4	-12	26201418	73482882
6041000	6	-9	53217590	81573668
6051000	6	-9	49165460	80445463
6061000	4	-5	95704400	121446617
6071000	3	-3	167965736	182536952
6081000	3	-2	193052762	134587794
6091000	3	-3	168197536	146041408
6101000	6	-4	112706292	73471506
6111000	6	-1	169299776	28094915
6121000	5	-1	209601496	29647076
6131000	4	3	173887192	-107235430
6141000	5	1	182618548	-47905058
6151000	4	3	142829787	-132210770
6161000	3	2	236676870	-157523150
6171000	4	5	92349589	-113928843
6181000	3	6	77673831	-135305980
6191000	4	4	116659945	-119910474
6201000	3	6	58352903	-130233319
6211000	4	5	94031813	-123548626
6221000	5	6	87845027	-105137336
6231000	4	6	75844340	-123942516
6241000	3	7	53140944	-114430199
6251000	4	6	79848899	-111076161
6261000	4	7	57478432	-105959907
6271000	5	8	56489015	-94036540
6281000	4	8	45859068	-102901198
6291000	5	12	30831184	-73300258
6301000	5	9	46122800	-82889592
6311000	5	10	36338008	-78580929
6321000	4	15	16028670	-60338550
6331000	5	14	22595791	-62406297
6341000	7	14	28527102	-57685879
6351000	6	16	19199454	-55409578
6361000	7	18	19355501	-48691367
6371000	9	19	19383169	-43210806
6381000	9	22	16688839	-39199583
6391000	8	22	15004831	-40231185
6401000	11	23	17171512	-36118241
6411000	8	26	11626951	-35337653
6421000	9	26	11890313	-34215906
6431000	10	27	12257679	-33051775
6441000	12	29	12192636	-29141895
6451000	10	30	9871835	-29702593
6461000	11	33	8867102	-27631842
6471000	11	33	9082284	-26861363
6481000	10	36	7288845	-26109010
6491000	11	37	7590182	-24575608
6501000	10	36	6752036	-25703194
6511000	12	37	7955770	-24293263
6521000	9	41	5004935	-23398924
6531000	11	39	6678823	-23926483
6541000	9	41	5337908	-23183214
6551000	10	40	6175857	-23566900
6561000	9	42	4897821	-22806242
6571000	8	42	4274371	-22863396
6581000	10	44	4737278	-21816904
6591000	9	43	4849259	-22083263
6601000	7	44	3654005	-21971921
6611000	9	44	4498754	-21730874
6621000	9	44	4574117	-21998669
6631000	7	43	3813223	-22699675
6641000	9	44	4258306	-21677899
6651000	7	46	3093852	-21508456
6661000	8	44	3712517	-21927511
6671000	9	46	4124956	-20957058
6681000	7	47	3046944	-20815322
6691000	9	47	3801151	-20622534
6701000	8	47	3278770	-20640802
6711000	8	48	3528883	-20336764
6721000	7	48	3053912	-20363991
6731000	8	47	3647595	-20778769
6741000	8	48	3344825	-20276655
6751000	8	46	3736389	-21192164
6761000	9	48	3545062	-20101216
6771000	8	50	3235218	-19631465
6781000	10	49	3946857	-19460235
6791000	9	50	3496337	-19523480
6801000	8	50	3050460	-19547983
6811000	10	50	3720188	-19380801
6821000	8	52	2972034	-18818278
6831000	9	51	3489308	-19146789
6841000	10	53	3357759	-18275006
6851000	10	52	3388013	-18443648
6861000	11	54	3644287	-17714967
6871000	12	55	3770233	-17439343
6881000	11	53	3718903	-18017870
6891000	12	57	3649191	-16847046
6901000	14	56	4150725	-16678857
6911000	14	58	3895093	-16370898
6921000	14	59	3672913	-16068078
6931000	14	60	3774303	-15854128
6941000	13	60	3479433	-15909382
6951000	15	62	3616666	-15351697
6961000	14	60	3581624	-15779882
6971000	15	62	3742089	-15236600
6981000	15	63	3521095	-14979388
6991000	16	62	3898006	-15149268
7001000	16	63	3675567	-14893851
7011000	16	64	3766114	-14679983
7021000	15	64	3497169	-14739730
7031000	15	66	3298026	-14499533
7041000	16	66	3392497	-14315411
7051000	15	65	3382206	-14714522
7061000	16	65	3458640	-14516664
7071000	14	66	3193394	-14551487
7081000	14	67	3003904	-14309739
7091000	12	71	2394808	-13667689
7101000	14	71	2723062	-13575662
7111000	16	71	3048489	-13470616
7121000	16	72	2885339	-13267179
7131000	15	73	2742615	-13066334
7141000	18	74	3090643	-12745177
7151000	15	76	2453384	-12678304
7161000	17	79	2615554	-12123389
7171000	16	79	2438026	-12141594
7181000	18	79	2699366	-12049281
7191000	17	82	2424038	-11665478
7201000	16	82	2266149	-11693788
7211000	16	87	2075606	-11137931
7221000	16	88	1974905	-10992534
7231000	17	90	2081383	-10728242
7241000	17	89	2092962	-10787500
7251000	16	90	1955074	-10802112
7261000	16	91	1856737	-10656681
7271000	18	92	2089914	-10442655
7281000	16	95	1709817	-10233095
7291000	14	96	1446624	-10194360
7301000	16	97	1681570	-10023762
7311000	15	97	1564186	-10024782
7321000	14	100	1364546	-9857879
7331000	15	98	1498164	-9957103
7341000	13	99	1259999	-9907501
7351000	13	100	1318524	-9834253
7361000	15	102	1404797	-9627817
7371000	14	100	1351738	-9781067
7381000	14	103	1332445	-9549570
7391000	15	100	1425427	-9755794
7401000	13	103	1239050	-9594543
7411000	14	103	1298393	-9520142
7421000	14	103	1309772	-9561253
7431000	14	102	1314355	-9599534
7441000	14	104	1246099	-9486012
7451000	14	104	1300344	-9409616
7461000	12	104	1141306	-9517043
7471000	13	104	1180811	-9441802
7481000	13	104	1190901	-9478928
7491000	16	106	1434415	-9224069
7501000	15	106	1328013	-9222818
7511000	12	106	1075382	-9284838
7521000	14	108	1168621	-9110511
7531000	16	108	1319681	-9086710
7541000	15	109	1263683	-8986620
7551000	14	109	1164562	-8987067
7561000	13	110	1062535	-8976291
7571000	14	111	1100222	-8905948
7581000	14	111	1147261	-8843254
7591000	13	110	1020177	-8942037
7601000	16	114	1181471	-8596785
7611000	12	115	870489	-8608722
7621000	13	114	967114	-8683530
7631000	13	116	958825	-8495944
7641000	12	115	919035	-8621336
7651000	13	115	964725	-8564068
7661000	15	118	1077116	-8326678
7671000	12	118	871302	-8370604
7681000	13	119	907813	-8310058
7691000	13	119	907577	-8339762
7701000	12	120	858225	-8247359
7711000	13	119	944670	-8315342
7721000	12	121	816345	-8189097
7731000	12	122	775314	-8101898
7741000	11	121	741674	-8221060
7751000	11	122	705893	-8131403
7761000	12	122	826306	-8119277
7771000	11	122	741595	-8109655
7781000	10	123	653804	-8091833
7791000	11	125	731245	-7964902
7801000	11	124	734741	-7997069
7811000	11	125	695386	-7911989
7821000	11	127	657480	-7828433
7831000	9	127	582654	-7815748
7841000	10	127	588590	-7845651
7851000	10	127	629952	-7799063
7861000	8	125	478325	-7940682
7871000	11	128	664880	-7779080
7881000	9	127	551449	-7841085
7891000	8	129	449960	-7710920
7901000	9	129	557139	-7704492
7911000	9	131	529432	-7618608
7921000	9	128	567585	-7754222
7931000	8	131	462198	-7633878
7941000	9	131	504611	-7593100
7951000	8	130	465859	-7691907
7961000	9	130	502965	-7651331
7971000	10	132	571805	-7535682
7981000	7	132	392049	-7549002
7991000	7	130	421359	-7681694
8001000	9	131	500721	-7575152
8011000	10	130	573211	-7641950
8021000	11	136	577350	-7327402
8031000	10	134	540213	-7416999
8041000	10	134	535337	-7439956
8051000	12	138	607439	-7170470
8061000	12	138	607457	-7200589
8071000	13	137	673093	-7254215
8081000	14	140	699853	-7055911
8091000	14	140	701542	-7073618
8101000	15	141	726899	-7031294
8111000	13	143	632746	-6934709
8121000	16	142	777761	-6949248
8131000	14	144	683970	-6860191
8141000	17	145	797854	-6789118
8151000	16	146	739654	-6784962
8161000	16	148	735926	-6667035
8171000	18	148	818543	-6653871
8181000	17	148	759541	-6649650
8191000	19	149	831719	-6628988
8201000	19	151	822662	-6517912
8211000	20	152	847930	-6485262
8221000	21	152	871696	-6451845
8231000	19	153	819517	-6450691
8241000	21	154	857945	-6360851
8251000	20	153	843389	-6430430
8261000	19	153	797059	-6430297
8271000	21	155	840484	-6345226
8281000	18	154	763513	-6387362
8291000	20	156	800409	-6298198
8301000	21	155	859651	-6334198
8311000	19	156	755683	-6309747
8321000	19	156	752846	-6322884
8331000	21	156	830617	-6308980
8341000	19	156	785053	-6309821
8351000	20	159	779886	-6206682
8361000	18	158	712233	-6256836
8371000	21	159	799522	-6192026
8381000	18	157	709715	-6284064
8391000	17	159	678562	-6228755
8401000	18	157	728230	-6267955
8411000	19	158	755149	-6234211
8421000	18	160	682480	-6160513
8431000	19	159	733848	-6199350
8441000	18	158	711589	-6262553
8451000	18	159	683119	-6209971
8461000	18	160	708410	-6180622
8471000	17	160	659349	-6176815
8481000	15	159	587967	-6221436
8491000	17	159	653754	-6205802
8501000	18	160	676497	-6174270
8511000	16	160	631915	-6172363
8521000	14	161	534852	-6146383
8531000	14	163	509122	-6092057
8541000	14	164	531313	-6061879
8551000	13	164	489375	-6057354
8561000	13	164	491288	-6074684
8571000	14	166	491654	-5975101
8581000	12	167	445268	-5964627
8591000	11	167	405628	-5955164
8601000	12	168	427582	-5922135
8611000	8	169	275502	-5912441
8621000	12	169	404725	-5890312
8631000	9	170	321224	-5861124
8641000	9	170	316700	-5873219
8651000	12	171	399723	-5825904
8661000	8	173	279137	-5778041
8671000	8	174	262671	-5731508
8681000	8	174	263858	-5749253
8691000	7	174	222031	-5741778
8701000	8	178	244053	-5613521
8711000	6	178	203454	-5605438
8721000	6	180	188387	-5557622
8731000	10	178	318749	-5594291
8741000	8	182	244984	-5471144
8751000	9	181	285805	-5507104
8761000	6	185	168704	-5401295
8771000	6	183	180257	-5471482
8781000	6	185	182840	-5391035
8791000	6	183	188932	-5451516
8801000	8	187	215088	-5341739
8811000	10	190	274101	-5253891
8821000	11	189	309026	-5285767
8831000	8	188	222519	-5296900
8841000	8	190	213587	-5254234
8851000	10	190	263962	-5248135
8861000	10	193	264225	-5173008
8871000	8	194	200077	-5146994
8881000	9	193	230326	-5173188
8891000	8	195	215250	-5130900
8901000	10	193	276448	-5177181
8911000	10	196	247775	-5088423
8921000	8	196	216383	-5080840
8931000	9	197	234292	-5059334
8941000	9	197	232719	-5070508
8951000	11	199	267328	-5020670
8961000	11	198	267166	-5030457
8971000	10	197	249934	-5068768
8981000	10	202	234944	-4951015
8991000	8	202	202749	-4942445
9001000	9	201	233126	-4969989
9011000	10	201	251832	-4952125
9021000	12	203	285561	-4905237
9031000	10	202	238076	-4928537
9041000	11	204	266975	-4878699
9051000	10	205	237222	-4872561
9061000	13	206	296371	-4840122
9071000	11	206	269293	-4834433
9081000	13	206	313008	-4828598
9091000	13	210	287439	-4748471
9101000	14	209	315307	-4768193
9111000	13	210	298843	-4733988
9121000	14	211	312374	-4712056
9131000	15	212	325713	-4692433
9141000	14	212	298421	-4689137
9151000	18	216	378229	-4603142
9161000	15	214	326023	-4654791
9171000	15	216	327722	-4599886
9181000	16	217	339099	-4579937
9191000	19	218	387780	-4546270
9201000	15	219	321533	-4553678
9211000	17	218	360415	-4550262
9221000	17	218	362764	-4559054
9231000	17	219	349334	-4529402
9241000	18	220	360152	-4510860
9251000	18	220	363466	-4518361
9261000	16	219	326883	-4540988
9271000	16	220	339035	-4523461
9281000	16	221	322835	-4493204
9291000	17	224	342943	-4446422
9301000	16	222	329207	-4477520
9311000	14	223	282289	-4460906
9321000	14	223	279474	-4466884
9331000	16	223	319383	-4460298
9341000	15	223	295426	-4455265
9351000	14	224	272112	-4450496
9361000	15	226	297506	-4410353
9371000	16	227	308462	-4392285
9381000	13	227	245141	-4397420
9391000	15	225	291765	-4427241
9401000	14	225	266595	-4421521
9411000	12	226	243087	-4414993
9421000	14	228	268997	-4375159
9431000	13	226	255740	-4405815
9441000	13	228	242051	-4375450
9451000	14	227	264705	-4397188
9461000	12	229	230401	-4356412
9471000	14	229	264538	-4352807
9481000	11	229	204133	-4357737
9491000	11	232	202994	-4304868
9501000	10	230	189798	-4334639
9511000	12	230	226166	-4333096
9521000	9	233	169923	-4277363
9531000	12	233	225917	-4283486
9541000	11	235	194734	-4242288
9551000	10	234	183299	-4271652
9561000	14	232	264751	-4291670
9571000	9	235	171482	-4249198
9581000	10	236	181861	-4233245
9591000	9	239	161503	-4171992
9601000	10	238	181879	-4190918
9611000	10	238	182322	-4200192
9621000	9	238	159667	-4194892
9631000	12	240	215708	-4149221
9641000	12	240	215247	-4154537
9651000	10	241	172736	-4137945
9661000	10	243	163966	-4110516
9671000	12	243	196688	-4106426
9681000	10	243	173023	-4099679
9691000	10	243	170572	-4104845
9701000	10	246	169700	-4059309
9711000	11	245	188167	-4075221
9721000	11	247	177521	-4048620
9731000	11	246	176991	-4056349
9741000	10	244	165944	-4083634
9751000	12	247	191621	-4046803
9761000	11	248	184175	-4020014
9771000	11	246	188145	-4053590
9781000	10	250	167724	-3994468
9791000	10	248	157815	-4020893
9801000	12	253	180345	-3939976
9811000	11	250	179687	-3995330
9821000	11	249	179121	-4001031
9831000	11	249	177603	-4004958
9841000	11	251	170883	-3980789
9851000	11	250	170305	-3987332
9861000	11	250	170144	-3992532
9871000	10	250	166360	-3997817
9881000	8	251	123329	-3978904
9891000	9	253	145280	-3945452
9901000	10	252	163058	-3961870
9911000	10	252	160578	-3964783
9921000	10	253	152315	-3940104
9931000	10	253	152992	-3946012
9941000	11	252	175321	-3961338
9951000	11	254	167287	-3935374
9961000	10	254	162582	-3937822
9971000	9	254	143589	-3931588
9981000	10	253	160829	-3948335
9991000	9	253	142205	-3944270
10001000	11	255	163030	-3912285
10011000	11	255	162838	-3918096
10021000	10	253	151421	-3940930
10031000	10	253	149846	-3947302
10041000	10	254	161740	-3933398
10051000	13	255	201712	-3910184
10061000	12	256	180093	-3903576
10071000	10	256	158153	-3896332
10081000	14	259	207393	-3856368
10091000	12	258	176722	-3870901
10101000	14	258	203682	-3866036
10111000	12	258	183847	-3861722
10121000	14	260	204750	-3829418
10131000	14	260	205946	-3834437
10141000	12	257	185939	-3875876
10151000	14	260	205520	-3840301
10161000	15	262	220951	-3805308
10171000	16	263	229849	-3792703
10181000	12	262	175116	-3815279
10191000	16	265	230187	-3756384
10201000	16	265	229164	-3759192
10211000	18	267	246403	-3726293
10221000	16	266	218798	-3741407
10231000	18	272	237093	-3667132
10241000	17	268	236584	-3716028
10251000	19	268	260630	-3712150
10261000	21	272	283628	-3660908
10271000	18	272	240947	-3667218
10281000	20	273	271453	-3643549
10291000	21	274	278315	-3630849
10301000	22	275	287456	-3617943
10311000	23	279	295469	-3560790
10321000	21	275	272671	-3617115
10331000	22	276	281775	-3604299
10341000	23	278	294479	-3572226
10351000	24	280	306962	-3542860
10361000	24	280	306038	-3547994
10371000	21	280	265087	-3554749
10381000	24	281	297301	-3535596
10391000	24	280	297116	-3540608
10401000	25	281	321131	-3535734
10411000	27	281	342193	-3529754
10421000	23	282	283604	-3526702
10431000	24	284	298231	-3495812
10441000	23	283	288307	-3515005
10451000	25	285	301411	-3485914
10461000	23	285	284232	-3483025
10471000	24	284	300432	-3493776
10481000	23	285	283834	-3490010
10491000	22	283	276758	-3511455
10501000	24	285	293013	-3482084
10511000	24	287	286029	-3460106
10521000	26	285	315312	-3475996
10531000	22	288	265616	-3457267
10541000	25	289	294636	-3436315
10551000	22	287	264517	-3465675
10561000	22	286	265727	-3470271
10571000	22	289	263706	-3434026
10581000	24	292	276920	-3407255
10591000	23	290	271136	-3426475
10601000	23	288	279173	-3453564
10611000	23	287	278057	-3457622
10621000	23	290	272668	-3421172
10631000	22	291	256251	-3416976
10641000	22	291	254758	-3421335
10651000	21	289	245414	-3438703
10661000	22	292	260948	-3410172
10671000	21	292	247176	-3405238
10681000	20	293	233222	-3401351
10691000	21	290	242427	-3427626
10701000	21	293	240887	-3393529
10711000	21	291	245199	-3419061
10721000	18	294	204655	-3385258
10731000	19	293	218126	-3396801
10741000	20	292	233774	-3409247
10751000	18	294	210518	-3383667
10761000	20	293	226252	-3394920
10771000	20	296	224858	-3360660
10781000	18	296	201098	-3371815
10791000	19	296	209907	-3359684
10801000	18	296	207748	-3362027
10811000	17	297	188508	-3356553
10821000	17	298	195519	-3345087
10831000	16	300	173523	-3319980
10841000	15	299	166462	-3336066
10851000	14	301	158393	-3316785
10861000	16	298	180675	-3348743
10871000	14	300	159484	-3322584
10881000	17	302	188015	-3304307
10891000	16	302	171503	-3298628
10901000	17	301	182479	-3307719
10911000	17	304	183470	-3274463
10921000	15	304	162039	-3285192
10931000	12	307	127059	-3252884
10941000	15	310	160558	-3221218
10951000	14	307	145718	-3251109
10961000	14	308	151890	-3241818
10971000	14	307	151955	-3245792
10981000	14	309	143385	-3229172
10991000	16	309	162043	-3223544
11001000	14	307	146498	-3253585
11011000	12	309	124656	-3228562
11021000	13	310	131971	-3215877
11031000	16	313	166331	-3184783
11041000	13	313	132496	-3185798
11051000	15	313	152327	-3183642
11061000	14	314	138463	-3180632
11071000	15	313	148518	-3189851
11081000	13	315	126912	-3164795
11091000	15	316	145760	-3162070
11101000	15	316	151159	-3152851
11111000	15	318	144228	-3136984
11121000	11	318	111081	-3139269
11131000	14	320	135523	-3122013
11141000	12	319	115359	-3131670
11151000	13	318	128424	-3141796
11161000	14	319	134439	-3131997
11171000	12	319	118367	-3125427
11181000	15	321	143955	-3109328
11191000	14	319	135568	-3124139
11201000	13	321	129284	-3105737
11211000	14	322	135431	-3095741
11221000	14	324	130592	-3078187
11231000	14	324	130571	-3081688
11241000	15	323	141938	-3090120
11251000	13	322	120564	-3096498
11261000	12	324	112576	-3079098
11271000	15	326	136886	-3064110
11281000	13	325	118641	-3072751
11291000	13	325	118533	-3075568
11301000	12	327	111277	-3058311
11311000	14	325	134514	-3074197
11321000	12	327	115945	-3052107
11331000	14	329	128368	-3031570
11341000	13	328	119214	-3045347
11351000	13	329	124028	-3034112
11361000	13	331	118104	-3017181
11371000	13	329	121300	-3036827
11381000	14	330	127582	-3024503
11391000	14	333	127000	-2997447
11401000	14	333	127533	-3000025
11411000	15	336	128469	-2972924
11421000	15	337	132829	-2964293
11431000	14	335	122367	-2976076
11441000	16	336	139085	-2973351
11451000	15	337	133591	-2958579
11461000	17	337	150098	-2955737
11471000	15	340	131644	-2933636
11481000	15	340	131979	-2934212
11491000	17	342	142826	-2914581
11501000	18	341	153807	-2922398
11511000	17	340	147178	-2936768
11521000	20	345	166141	-2892703
11531000	16	345	136551	-2895190
11541000	19	346	157995	-2880198
11551000	20	348	167316	-2859873
11561000	17	349	140013	-2860991
11571000	18	348	151467	-2868085
11581000	17	348	141815	-2864524
11591000	20	348	168450	-2867519
11601000	18	353	142224	-2829529
11611000	19	352	151623	-2836034
11621000	20	353	157216	-2826226
11631000	17	354	135415	-2818301
11641000	19	354	150003	-2814652
11651000	17	355	137693	-2810941
11661000	19	355	152852	-2807775
11671000	17	354	136627	-2815761
11681000	17	357	135651	-2792542
11691000	18	356	144271	-2799521
11701000	16	356	127052	-2806008
11711000	16	355	126269	-2807681
11721000	17	358	134131	-2787334
11731000	17	356	136294	-2804414
11741000	16	358	123171	-2784105
11751000	16	358	123665	-2786766
11761000	16	358	123456	-2788334
11771000	17	357	131345	-2794832
11781000	17	358	133121	-2785970
11791000	14	358	106496	-2787715
11801000	16	358	121277	-2785730
11811000	14	359	111407	-2783663
11821000	14	359	109045	-2784546
11831000	15	360	114638	-2775082
11841000	16	359	124671	-2783352
11851000	13	360	103488	-2775200
11861000	12	360	90590	-2770971
11871000	11	363	84577	-2755534
11881000	14	362	108019	-2758582
11891000	12	361	90757	-2764815
11901000	13	364	99414	-2746171
11911000	10	364	73576	-2745843
11921000	10	364	74207	-2748094
11931000	12	362	92916	-2759905
11941000	12	364	87175	-2744801
11951000	11	364	85055	-2745267
11961000	10	362	77618	-2756974
11971000	13	364	97696	-2744762
11981000	13	366	93549	-2731660
11991000	9	366	66539	-2732214
12001000	11	366	80647	-2728874
12011000	13	366	95124	-2726780
12021000	9	366	68487	-2727636
12031000	12	366	92003	-2730154
12041000	9	366	64395	-2730744
12051000	7	367	51756	-2725139
12061000	7	368	53675	-2716117
12071000	8	367	62673	-2724126
12081000	10	366	73459	-2731391
12091000	9	368	68318	-2717816
12101000	8	366	62531	-2728510
12111000	12	366	87077	-2729226
12121000	6	369	45444	-2708104
12131000	8	369	60237	-2705142
12141000	9	368	68443	-2713969
12151000	8	369	58896	-2710482
12161000	6	371	43545	-2693099
12171000	6	369	46298	-2710217
12181000	7	370	50539	-2702183
12191000	7	368	52783	-2718880
12201000	7	371	52561	-2694498
12211000	7	371	50699	-2695077
12221000	5	374	35386	-2675533
12231000	7	371	47929	-2697582
12241000	7	374	47793	-2674085
12251000	4	373	31418	-2680150
12261000	4	373	31443	-2683396
12271000	5	374	34479	-2675025
12281000	7	374	49728	-2671219
12291000	5	377	33025	-2649557
12301000	6	373	39936	-2680183
12311000	4	376	26330	-2661982
12321000	6	377	43676	-2649394
12331000	6	377	43542	-2650317
12341000	6	379	38497	-2637012
12351000	5	379	37889	-2639072
12361000	7	381	48531	-2623366
12371000	6	380	41751	-2632235
12381000	6	378	43192	-2647600
12391000	8	381	56483	-2620428
12401000	7	382	45273	-2617237
12411000	8	385	53501	-2599401
12421000	6	384	38282	-2606052
12431000	7	382	46615	-2613981
12441000	7	382	44865	-2615536
12451000	6	386	42862	-2592262
12461000	6	386	41324	-2592937
12471000	6	385	41562	-2595101
12481000	6	387	37964	-2581859
12491000	8	385	55911	-2593138
12501000	8	389	55472	-2571659
12511000	8	389	54546	-2572801
12521000	9	389	58015	-2566123
12531000	6	391	39686	-2558330
12541000	5	387	36096	-2582326
12551000	8	389	51102	-2569111
12561000	8	390	54453	-2561365
12571000	7	391	43516	-2557216
12581000	7	392	46920	-2550082
12591000	6	393	37539	-2547119
12601000	6	392	36636	-2548739
12611000	8	394	52911	-2536669
12621000	5	392	32430	-2549490
12631000	5	395	30905	-2528458
12641000	6	394	39238	-2535338
12651000	6	394	38094	-2537225
12661000	7	395	41975	-2530120
12671000	7	396	45757	-2522507
12681000	7	396	43755	-2523658
12691000	6	395	39113	-2533278
12701000	5	397	33602	-2519348
12711000	6	398	35995	-2511133
12721000	6	396	38082	-2525317
12731000	7	399	44023	-2508024
12741000	7	398	43417	-2509803
12751000	9	399	55745	-2507359
12761000	7	398	41377	-2513181
12771000	6	398	38428	-2513056
12781000	7	400	45132	-2496574
12791000	5	400	31877	-2502139
12801000	8	401	48734	-2491268
12811000	8	402	50751	-2483938
12821000	9	404	54004	-2476232
12831000	5	402	28015	-2486126
12841000	9	403	52651	-2480479
12851000	8	405	47137	-2469934
12861000	10	407	62439	-2457368
12871000	7	407	40200	-2457588
12881000	10	410	60843	-2437863
12891000	8	407	50460	-2455142
12901000	11	411	62119	-2430601
12911000	10	410	57160	-2439433
12921000	10	411	61359	-2432796
12931000	10	413	56517	-2421301
12941000	11	416	61278	-2404849
12951000	10	415	59370	-2405846
12961000	11	413	62497	-2419978
12971000	11	418	65461	-2393125
12981000	12	417	71288	-2397955
12991000	13	418	74125	-2390588
13001000	15	420	82457	-2376074
13011000	14	419	77505	-2385652
13021000	14	420	80057	-2378603
13031000	13	422	74827	-2366925
13041000	12	423	65060	-2363459
13051000	14	424	78848	-2353192
13061000	14	426	79779	-2346027
13071000	13	423	70767	-2362971
13081000	16	426	90053	-2345277
13091000	15	426	80523	-2342953
13101000	15	428	80931	-2335899
13111000	14	428	78672	-2335663
13121000	14	426	75927	-2343887
13131000	13	428	72168	-2333503
13141000	14	427	78562	-2338617
13151000	15	428	81631	-2331410
13161000	16	430	84383	-2324027
13171000	15	429	83171	-2325823
13181000	14	430	74232	-2323413
13191000	14	431	74950	-2315414
13201000	13	430	70725	-2323215
13211000	14	429	77825	-2328407
13221000	15	430	79137	-2321238
13231000	13	431	69457	-2318673
13241000	14	430	77083	-2324252
13251000	16	432	83898	-2310419
13261000	12	430	67359	-2323502
13271000	13	433	68808	-2307377
13281000	14	432	76294	-2312412
13291000	13	430	72096	-2321931
13301000	12	431	63489	-2320137
13311000	13	433	68156	-2305999
13321000	13	433	67518	-2306919
13331000	13	433	67967	-2306942
13341000	15	433	78365	-2304255
13351000	15	435	78830	-2297042
13361000	12	434	65847	-2300529
13371000	14	435	74890	-2297324
13381000	12	434	62975	-2301591
13391000	13	435	71281	-2298268
13401000	12	435	62863	-2296988
13411000	13	436	65970	-2290877
13421000	10	435	53527	-2296333
13431000	14	435	74427	-2299062
13441000	14	434	72341	-2300185
13451000	12	435	64918	-2299253
13461000	12	436	60802	-2289637
13471000	11	436	59328	-2291611
13481000	12	437	60846	-2284774
13491000	12	435	64332	-2297484
13501000	10	436	54924	-2294590
13511000	11	437	55842	-2286847
13521000	10	437	51953	-2287450
13531000	12	437	63235	-2285161
13541000	10	436	50799	-2290611
13551000	11	439	56220	-2276091
13561000	9	436	46742	-2292474
13571000	8	438	42260	-2282890
13581000	10	438	51668	-2279735
13591000	7	438	36555	-2283466
13601000	10	440	49138	-2272562
13611000	8	438	43639	-2281664
13621000	10	441	51298	-2267625
13631000	7	440	37944	-2270856
13641000	7	440	37035	-2271950
13651000	9	440	48408	-2269491
13661000	9	440	48190	-2270241
13671000	9	440	45847	-2269840
13681000	8	442	39083	-2259520
13691000	9	443	46606	-2256391
13701000	11	446	53098	-2242701
13711000	8	443	38759	-2254934
13721000	8	444	41111	-2249307
13731000	11	444	57292	-2249983
13741000	9	447	45721	-2236433
13751000	9	447	42868	-2235614
13761000	8	447	40560	-2236862
13771000	10	447	48048	-2234672
13781000	11	442	55709	-2258627
13791000	9	449	44335	-2226040
13801000	10	448	50102	-2230670
13811000	10	451	48779	-2214993
13821000	10	449	51501	-2226591
13831000	10	449	49401	-2227569
13841000	13	452	64758	-2209444
13851000	11	455	51832	-2196912
13861000	11	453	52096	-2207765
13871000	12	454	56070	-2201971
13881000	9	453	45211	-2206483
13891000	10	454	46646	-2200890
13901000	12	456	58798	-2190008
13911000	10	456	46386	-2192892
13921000	12	456	55933	-2189565
13931000	13	459	60824	-2177295
13941000	13	460	61585	-2171424
13951000	13	460	61543	-2171770
13961000	13	460	61020	-2173363
13971000	13	461	62932	-2167529
13981000	12	463	57384	-2158857
13991000	13	464	58044	-2152623
14001000	13	462	60046	-2163443
14011000	16	465	73289	-2146829
14021000	14	466	63043	-2143987
14031000	11	465	52362	-2148901
14041000	12	466	55834	-2143133
14051000	13	465	61666	-2148363
14061000	13	466	61553	-2142056
14071000	11	466	48889	-2144768
14081000	11	467	51284	-2139430
14091000	11	468	51985	-2133717
14101000	9	469	42744	-2130583
14111000	18	468	80258	-2134730
14121000	12	471	54749	-2123293
14131000	12	467	54517	-2140798
14141000	12	468	55187	-2135059
14151000	10	469	45193	-2131840
14161000	13	471	57903	-2122713
14171000	11	471	50068	-2121006
14181000	10	470	44367	-2128081
14191000	11	472	48521	-2116458
14201000	11	472	48518	-2117164
14211000	14	474	62332	-2107834
14221000	12	476	55012	-2099037
14231000	12	474	55032	-2107641
14241000	13	475	58234	-2101549
14251000	13	479	56271	-2086815
14261000	12	479	54207	-2087197
14271000	13	481	56422	-2075560
14281000	12	480	53722	-2082764
14291000	12	480	53972	-2083599
14301000	13	481	55376	-2077938
14311000	17	484	73546	-2064969
14321000	16	484	66028	-2062372
14331000	15	486	61473	-2053884
14341000	15	488	62186	-2047588
14351000	16	488	68760	-2045686
14361000	16	488	68005	-2046891
14371000	16	488	68509	-2047841
14381000	15	490	62795	-2039049
14391000	16	489	65297	-2041423
14401000	15	489	63948	-2042955
14411000	18	494	73623	-2019585
14421000	16	495	65136	-2017352
14431000	17	491	69074	-2035126
14441000	16	493	64790	-2028092
14451000	17	503	65813	-1987816
14461000	18	494	75190	-2020760
14471000	17	496	68831	-2012137
14481000	16	495	63750	-2018639
14491000	18	495	71845	-2016781
14501000	15	494	62146	-2021622
14511000	17	498	68636	-2004092
14521000	16	496	64756	-2012023
14531000	17	496	69577	-2015503
14541000	16	498	64890	-2006542
14551000	15	498	61646	-2006055
14561000	15	498	59895	-2007611
14571000	15	499	61954	-2002477
14581000	16	497	64655	-2011646
14591000	13	498	51135	-2006249
14601000	16	498	63936	-2006313
14611000	12	499	49155	-2001845
14621000	16	499	64939	-2001057
14631000	13	499	53333	-2004486
14641000	14	500	54083	-1999199
14651000	15	501	59389	-1996017
14661000	13	501	52640	-1994479
14671000	14	499	55427	-2004427
14681000	13	498	52482	-2005564
14691000	15	499	58736	-2002596
14701000	12	502	47732	-1992146
14711000	13	501	52905	-1995925
14721000	12	499	48515	-2002790
14731000	12	502	46971	-1989510
14741000	10	499	39909	-2002697
14751000	13	501	51175	-1994630
14761000	11	499	45861	-2001238
14771000	12	503	46628	-1988598
14781000	11	502	44261	-1989368
14791000	11	501	42327	-1996745
14801000	13	503	52590	-1988421
14811000	7	500	28631	-2000640
14821000	9	502	33849	-1990181
14831000	9	500	37063	-1999808
14841000	12	502	47896	-1991819
14851000	10	502	39304	-1989734
14861000	8	501	32510	-1994605
14871000	10	500	38407	-1998944
14881000	12	501	46211	-1996331
14891000	10	505	37790	-1980161
14901000	9	505	35156	-1980739
14911000	9	505	33919	-1980816
14921000	9	505	34003	-1981056
14931000	11	506	42928	-1974185
14941000	7	504	26796	-1982349
14951000	10	506	38569	-1974518
14961000	9	507	33118	-1971583
14971000	9	506	36586	-1974988
14981000	7	509	25635	-1963365
14991000	10	509	38501	-1964253
15001000	12	510	47497	-1961556
15011000	10	512	37121	-1951972
15021000	11	509	41517	-1962231
15031000	10	513	39504	-1948385
15041000	8	512	30749	-1952467
15051000	6	512	24514	-1951407
15061000	10	514	38582	-1945721
15071000	8	514	30753	-1944001
15081000	11	513	42127	-1949595
15091000	9	515	32024	-1939834
15101000	14	514	52174	-1944090
15111000	10	519	37393	-1925392
15121000	11	520	40669	-1920422
15131000	10	519	37529	-1926785
15141000	11	522	39606	-1915553
15151000	10	520	35850	-1922852
15161000	13	522	46766	-1914826
15171000	13	522	46214	-1915959
15181000	8	522	28081	-1915870
15191000	10	522	38268	-1915578
15201000	10	524	34844	-1908829
15211000	9	526	32095	-1902183
15221000	10	525	35377	-1905698
15231000	9	525	32973	-1905969
15241000	11	525	40375	-1903992
15251000	13	524	45672	-1907028
15261000	12	528	41586	-1894295
15271000	7	524	24832	-1908344
15281000	10	528	36023	-1895019
15291000	11	529	38938	-1889988
15301000	6	529	23149	-1890446
15311000	11	528	40350	-1893366
15321000	7	528	25926	-1894787
15331000	10	530	36498	-1886587
15341000	11	529	39714	-1888988
15351000	9	530	30517	-1886340
15361000	10	529	34129	-1889694
15371000	10	533	34035	-1876255
15381000	10	533	33593	-1876069
15391000	8	531	28035	-1881887
15401000	11	531	38444	-1883207
15411000	8	532	28648	-1878550
15421000	11	534	36755	-1870297
15431000	8	532	27512	-1880992
15441000	8	534	28712	-1870713
15451000	5	532	18084	-1879875
15461000	9	532	31441	-1880813
15471000	8	533	27440	-1874177
15481000	7	533	26139	-1874777
15491000	11	533	37756	-1874542
15501000	9	534	32074	-1872785
15511000	8	534	28949	-1872572
15521000	8	535	28837	-1868059
15531000	8	535	26368	-1868917
15541000	6	536	22282	-1866762
15551000	10	536	34732	-1866125
15561000	7	535	24632	-1870405
15571000	8	537	28659	-1860354
15581000	8	537	27896	-1860612
15591000	8	537	26356	-1861045
15601000	8	540	26502	-1850328
15611000	9	532	30661	-1878212
15621000	10	539	34369	-1856310
15631000	5	540	17660	-1850233
15641000	6	536	22565	-1866687
15651000	10	541	35525	-1848733
15661000	9	539	32111	-1854384
15671000	9	543	30744	-1841553
15681000	6	542	19198	-1844684
15691000	9	545	29375	-1832804
15701000	8	544	27068	-1838689
15711000	9	541	31065	-1846230
15721000	11	546	36455	-1831052
15731000	8	539	28884	-1854344
15741000	11	547	38264	-1826671
15751000	10	548	33870	-1825344
15761000	15	554	49761	-1803154
15771000	9	551	29798	-1815755
15781000	12	553	38447	-1807888
15791000	10	552	31990	-1811688
15801000	8	552	26828	-1810155
15811000	10	557	32100	-1795881
15821000	14	555	46305	-1802208
15831000	10	558	33588	-1790857
15841000	12	559	38040	-1787625
15851000	12	561	36695	-1783114
15861000	13	561	41191	-1781799
15871000	15	560	47963	-1783939
15881000	13	559	41344	-1787813
15891000	11	561	35357	-1781159
15901000	9	562	28732	-1780281
15911000	13	563	42433	-1774929
15921000	14	565	43548	-1770403
15931000	12	565	38802	-1770080
15941000	14	571	43261	-1750110
15951000	14	567	44282	-1762711
15961000	12	566	37344	-1766218
15971000	15	566	48040	-1765516
15981000	13	566	41617	-1764526
15991000	13	568	41259	-1760414
16001000	15	570	45147	-1754230
16011000	14	570	41740	-1753766
16021000	15	562	46316	-1779217
16031000	16	572	47379	-1746936
16041000	13	571	41376	-1750589
16051000	13	571	40595	-1751340
16061000	15	573	46631	-1743869
16071000	14	575	41561	-1737719
16081000	14	567	42651	-1761935
16091000	12	574	35474	-1742769
16101000	14	574	43567	-1741902
16111000	13	574	40713	-1742056
16121000	14	573	41097	-1742865
16131000	12	574	37347	-1742152
16141000	14	573	41249	-1745034
16151000	11	581	31855	-1720783
16161000	12	571	37680	-1750418
16171000	13	574	39532	-1739888
16181000	11	577	33349	-1733066
16191000	12	576	34773	-1735431
16201000	10	575	29012	-1739115
16211000	11	578	33509	-1729928
16221000	12	577	35505	-1732317
16231000	13	576	39396	-1734578
16241000	11	575	32257	-1738090
16251000	13	576	37650	-1734729
16261000	11	579	32924	-1726966
16271000	9	581	25808	-1721402
16281000	12	576	35175	-1735698
16291000	12	580	36145	-1723855
16301000	11	578	34046	-1729351
16311000	13	579	39214	-1726791
16321000	14	578	42514	-1728977
16331000	11	579	34097	-1725235
16341000	9	582	25670	-1717061
16351000	10	577	31361	-1731324
16361000	12	578	35570	-1729411
16371000	11	579	32369	-1727774
16381000	11	580	33811	-1723625
16391000	10	580	31093	-1722929
16401000	11	578	32076	-1730587
16411000	5	576	15405	-1734553
16421000	6	585	17828	-1709838
16431000	11	582	32823	-1716417
16441000	10	580	30594	-1722785
16451000	13	581	37244	-1720167
16461000	10	581	29559	-1719298
16471000	12	578	37127	-1728319
16481000	9	581	27736	-1719963
16491000	12	582	33996	-1718051
16501000	10	582	29490	-1717163
16511000	14	582	42680	-1718069
16521000	11	581	31830	-1719760
16531000	10	581	30782	-1720321
16541000	9	584	25220	-1712317
16551000	9	585	27351	-1708010
16561000	11	585	30906	-1710061
16571000	13	578	38170	-1729640
16581000	12	586	34487	-1707199
16591000	12	585	35328	-1707603
16601000	12	583	35556	-1714400
16611000	9	586	27457	-1707240
16621000	11	587	30903	-1701594
16631000	11	586	31229	-1705925
16641000	8	591	23077	-1692915
16651000	11	587	31884	-1702323
16661000	11	591	31450	-1691460
16671000	9	590	25629	-1693951
16681000	8	586	24237	-1705824
16691000	11	589	32580	-1698606
16701000	13	592	36421	-1689064
16711000	11	591	30625	-1691590
16721000	11	591	30263	-1692496
16731000	12	592	33255	-1689138
16741000	11	592	31406	-1689512
16751000	10	590	29852	-1694509
16761000	10	592	28885	-1689723
16771000	15	591	41992	-1691009
