f/Hz	Re{Y}/µS	Im{Y}/µS	Re{Z}/mOhm	Im{Z}/mOhm
1000	17575916	-3320505	55	10
11000	13694676	-2847462	70	15
21000	10867382	-4597623	78	33
31000	9007656	-5539320	81	50
41000	8194128	-6252262	77	59
51000	6835234	-5671216	87	72
61000	6138980	-6401613	78	81
71000	4816690	-5844473	84	102
81000	3908399	-5444543	87	121
91000	3325553	-5454800	81	134
101000	2837134	-5124544	83	149
111000	2351633	-4707502	85	170
121000	2143092	-4402062	89	184
131000	2020322	-4375341	87	188
141000	1839961	-4227704	87	199
151000	1632542	-3959105	89	216
161000	1437693	-3753826	89	232
171000	1312740	-3546139	92	248
181000	1249245	-3430470	94	257
191000	1120810	-3234461	96	276
201000	988400	-3134599	91	290
211000	933793	-2969442	96	306
221000	880941	-2912721	95	315
231000	818055	-2819025	95	327
241000	737517	-2694185	95	345
251000	676406	-2579200	95	363
261000	622074	-2471114	96	381
271000	586703	-2417114	95	391
281000	541720	-2350875	93	404
291000	496329	-2255857	93	423
301000	493344	-2223906	95	429
311000	475239	-2172654	96	439
321000	443391	-2092202	97	457
331000	401131	-2054305	92	469
341000	383288	-1977831	94	487
351000	378324	-1932747	98	498
361000	365354	-1872529	100	514
371000	349205	-1823190	101	529
381000	323749	-1789362	98	541
391000	316306	-1741978	101	556
401000	301512	-1705166	101	569
411000	296143	-1685156	101	576
421000	293735	-1632615	107	593
431000	275840	-1601974	104	606
441000	254250	-1566892	101	622
451000	243448	-1526693	102	639
461000	235124	-1485574	104	657
471000	216653	-1448299	101	675
481000	213922	-1433717	102	682
491000	208437	-1409702	103	694
501000	207286	-1379675	106	709
511000	188909	-1358927	100	722
521000	190068	-1323970	106	740
531000	182333	-1301409	106	754
541000	181780	-1290378	107	760
551000	174688	-1269212	106	773
561000	171679	-1241540	109	790
571000	162862	-1217950	108	807
581000	162836	-1195022	112	822
591000	157659	-1179142	111	833
601000	156594	-1159500	114	847
611000	150063	-1139436	114	863
621000	141897	-1121340	111	878
631000	138617	-1101555	112	894
641000	136080	-1088467	113	905
651000	129683	-1079284	110	913
661000	124466	-1069883	107	922
671000	121188	-1038988	111	950
681000	122545	-1022997	115	964
691000	123544	-1011724	119	974
701000	122898	-1002901	120	982
711000	121050	-993878	121	991
721000	120733	-976556	125	1009
731000	113381	-965160	120	1022
741000	110307	-954183	120	1034
751000	106090	-935870	120	1055
761000	101152	-928522	116	1064
771000	99273	-916959	117	1078
781000	96308	-901863	117	1096
791000	96141	-892374	119	1108
801000	98825	-880035	126	1122
811000	94840	-871113	124	1135
821000	91761	-860672	122	1149
831000	90477	-850640	124	1162
841000	85829	-841919	120	1176
851000	82822	-833192	118	1188
861000	79574	-819861	117	1208
871000	77659	-811493	117	1221
881000	75620	-803609	116	1233
891000	79861	-792704	126	1249
901000	79825	-784519	128	1262
911000	79943	-774841	132	1277
921000	74154	-768991	124	1288
931000	72486	-761856	124	1301
941000	72583	-753265	127	1315
951000	72519	-744205	130	1331
961000	73446	-735467	134	1346
971000	71207	-727123	133	1362
981000	66654	-724091	126	1369
991000	64763	-718145	125	1381
1001000	66725	-709799	131	1397
1011000	64386	-703433	129	1410
1021000	65858	-697108	134	1422
1031000	62295	-688026	131	1442
1041000	60058	-682609	128	1454
1051000	60468	-674969	132	1470
1061000	59421	-668830	132	1483
1071000	59035	-664791	133	1492
1081000	57483	-656170	132	1512
1091000	55122	-651031	129	1525
1101000	53448	-647430	127	1534
1111000	55436	-640412	134	1550
1121000	55922	-634145	138	1565
1131000	56944	-629235	143	1576
1141000	56952	-624101	145	1589
1151000	53896	-621128	139	1598
1161000	53693	-616305	140	1610
1171000	51254	-610599	137	1626
1181000	50655	-605090	137	1641
1191000	50401	-598863	140	1658
1201000	49151	-593364	139	1674
1211000	46431	-590870	132	1682
1221000	46446	-585496	135	1697
1231000	46835	-580057	138	1713
1241000	46835	-576538	140	1723
1251000	47394	-571044	144	1739
1261000	47013	-566840	145	1752
1271000	44614	-564093	139	1762
1281000	45297	-558779	144	1778
1291000	43613	-554026	141	1794
1301000	42204	-551361	138	1803
1311000	42948	-546326	143	1819
1321000	40923	-541483	139	1836
1331000	39900	-538550	137	1847
1341000	40469	-529650	143	1877
1351000	40681	-529196	144	1879
1361000	40993	-525505	148	1891
1371000	39544	-521658	144	1906
1381000	38615	-518630	143	1918
1391000	37224	-514768	140	1933
1401000	37027	-510948	141	1947
1411000	36543	-508626	141	1956
1421000	37258	-503999	146	1973
1431000	37651	-501084	149	1984
1441000	36928	-498785	148	1994
1451000	36438	-495085	148	2009
1461000	35974	-491499	148	2024
1471000	35674	-487877	149	2039
1481000	35809	-484008	152	2055
1491000	35309	-481932	151	2064
1501000	35537	-478735	154	2077
1511000	35202	-475265	155	2093
1521000	33839	-472316	151	2106
1531000	33234	-469485	150	2119
1541000	32451	-465655	149	2137
1551000	31686	-463184	147	2149
1561000	31608	-461548	148	2157
1571000	31517	-457950	150	2173
1581000	30748	-454323	148	2191
1591000	31058	-450757	152	2208
1601000	30829	-448400	153	2220
1611000	30305	-446385	151	2230
1621000	31044	-443085	157	2246
1631000	31302	-440559	160	2258
1641000	29943	-438331	155	2271
1651000	29581	-434314	156	2292
1661000	28404	-432512	151	2302
1671000	27274	-430973	146	2311
1681000	28128	-428518	153	2324
1691000	28443	-426291	156	2335
1701000	28618	-423792	159	2349
1711000	28795	-421147	162	2363
1721000	28119	-418610	160	2378
1731000	27282	-416507	157	2391
1741000	27324	-413640	159	2407
1751000	26581	-412150	156	2416
1761000	26494	-410509	157	2426
1771000	26885	-407820	161	2441
1781000	26834	-405762	162	2454
1791000	26521	-404061	162	2464
1801000	27262	-401218	169	2481
1811000	27067	-399086	169	2494
1821000	26108	-395658	166	2516
1831000	26060	-394240	167	2525
1841000	25075	-392350	162	2538
1851000	25014	-390031	164	2553
1861000	25158	-387089	167	2573
1871000	24950	-384917	168	2587
1881000	24289	-382766	165	2602
1891000	23406	-381582	160	2611
1901000	23061	-380534	159	2618
1911000	23139	-378527	161	2632
1921000	23370	-376315	164	2647
1931000	23874	-374592	169	2659
1941000	24077	-372531	173	2673
1951000	23498	-370962	170	2685
1961000	23145	-368805	169	2701
1971000	22843	-366537	169	2718
1981000	22446	-364996	168	2729
1991000	22401	-363141	169	2743
2001000	22661	-361521	173	2755
2011000	22404	-360485	172	2763
2021000	22151	-358614	172	2778
2031000	22255	-356605	174	2793
2041000	21543	-354687	171	2809
2051000	22137	-352317	178	2827
2061000	21533	-350940	174	2839
2071000	20989	-349749	171	2849
2081000	21129	-347954	174	2863
2091000	20955	-346374	174	2877
2101000	20851	-345311	174	2885
2111000	20675	-343316	175	2902
2121000	20606	-341767	176	2915
2131000	19917	-340672	171	2925
2141000	19808	-338857	172	2941
2151000	19768	-336976	173	2957
2161000	19462	-335520	172	2970
2171000	19209	-333588	172	2988
2181000	19504	-332494	176	2997
2191000	19460	-331209	177	3009
2201000	19171	-329106	176	3028
2211000	18602	-327943	172	3040
2221000	18416	-326773	172	3051
2231000	18433	-325040	174	3067
2241000	18203	-323762	173	3079
2251000	17886	-322737	171	3089
2261000	18153	-321133	175	3104
2271000	18235	-319603	178	3119
2281000	18727	-317939	185	3134
2291000	18149	-316564	181	3149
2301000	18094	-315675	181	3157
2311000	17718	-314422	179	3170
2321000	17481	-312752	178	3187
2331000	17069	-311701	175	3199
2341000	16874	-310300	175	3213
2351000	17142	-308755	179	3229
2361000	16945	-308176	178	3235
2371000	16934	-306754	179	3250
2381000	17051	-305459	182	3264
2391000	17073	-304192	184	3277
2401000	16690	-302191	182	3299
2411000	16921	-301019	186	3312
2421000	16408	-300222	182	3321
2431000	16652	-298506	186	3340
2441000	16368	-297643	184	3350
2451000	16481	-296717	187	3360
2461000	16361	-295181	187	3377
2471000	16198	-294515	186	3385
2481000	16162	-293692	187	3395
2491000	16236	-292341	189	3410
2501000	16250	-290968	191	3426
2511000	16316	-289549	194	3443
2521000	16145	-288541	193	3455
2531000	15964	-287780	192	3464
2541000	15841	-286544	192	3479
2551000	15807	-285337	194	3494
2561000	15468	-284547	190	3504
2571000	15043	-283555	187	3517
2581000	15149	-282129	190	3534
2591000	14856	-281433	187	3543
2601000	14801	-280182	188	3559
2611000	14845	-278817	190	3576
2621000	14423	-278061	186	3587
2631000	14447	-276638	188	3605
2641000	14380	-275657	189	3618
2651000	14225	-274876	188	3628
2661000	13949	-273593	186	3646
2671000	14192	-272836	190	3655
2681000	14193	-271851	192	3668
2691000	14099	-271081	191	3679
2701000	14048	-269963	192	3694
2711000	13859	-269247	191	3704
2721000	13905	-268078	193	3720
2731000	13792	-266762	193	3739
2741000	13501	-265521	191	3756
2751000	13563	-264831	193	3766
2761000	13271	-264121	190	3777
2771000	13199	-263362	190	3788
2781000	13234	-262005	192	3807
2791000	13100	-260923	192	3823
2801000	13236	-259996	195	3836
2811000	13122	-259217	195	3848
2821000	13019	-258892	194	3853
2831000	13014	-258067	195	3865
2841000	13027	-256774	197	3884
2851000	13072	-256109	199	3894
2861000	13272	-255269	203	3907
2871000	13094	-254084	202	3925
2881000	13037	-253396	203	3936
2891000	12842	-252324	201	3953
2901000	12768	-251342	202	3968
2911000	12475	-250780	198	3978
2921000	12663	-249770	202	3993
2931000	12482	-249103	201	4004
2941000	12211	-248548	197	4014
2951000	12273	-247705	200	4027
2961000	12434	-246889	203	4040
2971000	12437	-245722	205	4059
2981000	12434	-244788	207	4075
2991000	12275	-244327	205	4083
3001000	12101	-243627	203	4095
3011000	11940	-242766	202	4109
3021000	12218	-241573	209	4129
3031000	12239	-240456	211	4148
3041000	12088	-239905	209	4158
3051000	11737	-239561	204	4164
3061000	11566	-239092	202	4173
3071000	11495	-238058	202	4191
3081000	11349	-237139	201	4207
3091000	11360	-236664	202	4216
3101000	11595	-235782	208	4231
3111000	11322	-235134	204	4243
3121000	11202	-234265	204	4259
3131000	11418	-233569	209	4271
3141000	11092	-232926	204	4283
3151000	10891	-232386	201	4294
3161000	11013	-231527	205	4309
3171000	10649	-230833	199	4323
3181000	10990	-230264	207	4333
3191000	10716	-229404	203	4350
3201000	10806	-228463	207	4367
3211000	10890	-227681	210	4382
3221000	10655	-226987	206	4396
3231000	10455	-226527	203	4405
3241000	10333	-225922	202	4417
3251000	10387	-225026	205	4434
3261000	10400	-224439	206	4446
3271000	10272	-223707	205	4461
3281000	10252	-222993	206	4475
3291000	10232	-222557	206	4484
3301000	9981	-221853	202	4498
3311000	10225	-221125	209	4513
3321000	10106	-220630	207	4523
3331000	10351	-219863	214	4538
3341000	10205	-219228	212	4552
3351000	10279	-218481	215	4567
3361000	10363	-217886	218	4579
3371000	10309	-216798	219	4602
3381000	10243	-216572	218	4607
3391000	10184	-216122	218	4617
3401000	10227	-215529	220	4629
3411000	10182	-214990	220	4641
3421000	10137	-214706	219	4647
3431000	10005	-213736	219	4668
3441000	10020	-212843	221	4688
3451000	10068	-212185	223	4702
3461000	9852	-211662	219	4714
3471000	9713	-211178	217	4725
3481000	9693	-210544	218	4740
3491000	9732	-209695	221	4759
3501000	9701	-209206	221	4770
3511000	9783	-208595	224	4783
3521000	9656	-208147	222	4794
3531000	9447	-207927	218	4799
3541000	9343	-207469	217	4810
3551000	9420	-206700	220	4828
3561000	9344	-206099	220	4842
3571000	9444	-205424	223	4858
3581000	9355	-204849	222	4871
3591000	9301	-204547	222	4879
3601000	9227	-203890	222	4895
3611000	9356	-203254	226	4910
3621000	8979	-202958	218	4918
3631000	9500	-202783	231	4921
3641000	8937	-201485	220	4953
3651000	9163	-201284	226	4958
3661000	9021	-200660	224	4974
3671000	9118	-199998	227	4990
3681000	9218	-199409	231	5004
3691000	8560	-198563	217	5027
3701000	9076	-198302	230	5032
3711000	8697	-197860	222	5044
3721000	8396	-197526	215	5054
3731000	8875	-196570	229	5077
3741000	8883	-196069	231	5090
3751000	8498	-195502	222	5105
3761000	8574	-195162	225	5114
3771000	8449	-194974	222	5119
3781000	8570	-194396	226	5134
3791000	8660	-193923	230	5146
3801000	8430	-193419	225	5160
3811000	8423	-192743	226	5178
3821000	8440	-192267	228	5191
3831000	7870	-191851	213	5204
3841000	8289	-191133	226	5222
3851000	8030	-190208	222	5248
3861000	8120	-190272	224	5246
3871000	8419	-189544	234	5265
3881000	8205	-189240	229	5274
3891000	7856	-188969	220	5283
3901000	8056	-188409	227	5298
3911000	8152	-187810	231	5315
3921000	8122	-187290	231	5329
3931000	7950	-186659	228	5348
3941000	8011	-186421	230	5354
3951000	7858	-186098	226	5364
3961000	7853	-185524	228	5381
3971000	7924	-184930	231	5398
3981000	8009	-184090	236	5422
3991000	7954	-183754	235	5432
4001000	7864	-183566	233	5438
4011000	7721	-183366	229	5444
4021000	7676	-182934	229	5457
4031000	7668	-182336	230	5475
4041000	7679	-182007	231	5485
4051000	7705	-181412	234	5502
4061000	7583	-180974	231	5516
4071000	7539	-180635	231	5526
4081000	7697	-180215	237	5539
4091000	7558	-179750	234	5553
4101000	7485	-179332	232	5567
4111000	7625	-178828	238	5582
4121000	7436	-178466	233	5594
4131000	7490	-178175	236	5603
4141000	7349	-177741	232	5617
4151000	7335	-177227	233	5633
4161000	7220	-176724	231	5649
4171000	7387	-176201	238	5665
4181000	7350	-175812	237	5678
4191000	7242	-175573	235	5686
4201000	7155	-175244	233	5697
4211000	7237	-174708	237	5714
4221000	7187	-174347	236	5726
4231000	7067	-173971	233	5739
4241000	7124	-173333	237	5759
4251000	7148	-173161	238	5765
4261000	7033	-172892	235	5774
4271000	6961	-172462	234	5789
4281000	6987	-171956	236	5806
4291000	6950	-171574	236	5819
4301000	7020	-171008	240	5838
4311000	6980	-170647	239	5850
4321000	6951	-170318	239	5862
4331000	6903	-169899	239	5876
4341000	6939	-169548	241	5888
4351000	6904	-169227	241	5899
4361000	6947	-168636	244	5920
4371000	6881	-168367	242	5929
4381000	6723	-168118	237	5939
4391000	6752	-167740	240	5952
4401000	6767	-167350	241	5966
4411000	6595	-166933	236	5981
4421000	6730	-166432	243	5999
4431000	6730	-166067	244	6012
4441000	6568	-165882	238	6019
4451000	6622	-165417	242	6036
4461000	6567	-165069	241	6049
4471000	6500	-164805	239	6058
4481000	6497	-164499	240	6070
4491000	6565	-163945	244	6090
4501000	6440	-163672	240	6100
4511000	6399	-163476	239	6108
4521000	6383	-163023	240	6125
4531000	6390	-162651	241	6139
4541000	6392	-162340	242	6150
4551000	6347	-161864	242	6169
4561000	6380	-161567	244	6180
4571000	6332	-161297	243	6190
4581000	6296	-160876	243	6206
4591000	6292	-160539	244	6219
4601000	6319	-160335	245	6227
4611000	6251	-159899	244	6244
4621000	6286	-159490	247	6260
4631000	6284	-159344	247	6266
4641000	6254	-158937	247	6282
4651000	6293	-158495	250	6299
4661000	6276	-158152	251	6313
4671000	6322	-157655	254	6333
4681000	6284	-157471	253	6340
4691000	6202	-157194	251	6352
4701000	6233	-157015	252	6359
4711000	6199	-156482	253	6381
4721000	6152	-156091	252	6397
4731000	6232	-155685	257	6413
4741000	6199	-155434	256	6423
4751000	6115	-155303	253	6429
4761000	6031	-155063	250	6439
4771000	6048	-154701	252	6454
4781000	6069	-154339	254	6469
4791000	5974	-154010	251	6483
4801000	6012	-153642	254	6499
4811000	5975	-153315	254	6513
4821000	5928	-153040	253	6524
4831000	5912	-152666	253	6540
4841000	5939	-152390	255	6552
4851000	5835	-152109	252	6565
4861000	5813	-151732	252	6581
4871000	5847	-151343	255	6598
4881000	5808	-151162	254	6606
4891000	5743	-150949	252	6615
4901000	5751	-150582	253	6631
4911000	5708	-150273	252	6645
4921000	5814	-149866	258	6663
4931000	5807	-149493	259	6679
4941000	5699	-149334	255	6687
4951000	5720	-149120	257	6696
4961000	5727	-148771	258	6712
4971000	5716	-148526	259	6723
4981000	5700	-148233	259	6736
4991000	5637	-147847	258	6754
5001000	5640	-147589	259	6766
5011000	5611	-147307	258	6779
5021000	5576	-147138	257	6787
5031000	5544	-146809	257	6802
5041000	5548	-146456	258	6818
5051000	5515	-146222	258	6829
5061000	5532	-145824	260	6848
5071000	5480	-145541	258	6861
5081000	5399	-145263	256	6875
5091000	5375	-144990	255	6888
5101000	5357	-144644	256	6904
5111000	5316	-144487	254	6912
5121000	5275	-144222	253	6924
5131000	5205	-143861	251	6942
5141000	5186	-143608	251	6954
5151000	5092	-143391	247	6965
5161000	5183	-143117	253	6978
5171000	5264	-142752	258	6996
5181000	5169	-142369	255	7015
5191000	5184	-142113	256	7027
5201000	5143	-141879	255	7039
5211000	5163	-141741	257	7046
5221000	5091	-141427	254	7062
5231000	5170	-141173	259	7074
5241000	5157	-140968	259	7084
5251000	5133	-140625	259	7102
5261000	5156	-140309	262	7118
5271000	5099	-140061	260	7130
5281000	5012	-139909	256	7138
5291000	5007	-139576	257	7155
5301000	5059	-139329	260	7168
5311000	5079	-139126	262	7178
5321000	5010	-138789	260	7196
5331000	4986	-138478	260	7212
5341000	4985	-138213	261	7226
5351000	4983	-137978	261	7238
5361000	4935	-137673	260	7254
5371000	4969	-137425	263	7267
5381000	4924	-137209	261	7279
5391000	4983	-136953	265	7292
5401000	4948	-136704	264	7306
5411000	4896	-136527	262	7315
5421000	4870	-136392	261	7322
5431000	4927	-136097	266	7338
5441000	4924	-135786	267	7355
5451000	4925	-135445	268	7373
5461000	4888	-135184	267	7388
5471000	4859	-135000	266	7398
5481000	4865	-134803	267	7409
5491000	4844	-134543	267	7423
5501000	4823	-134203	267	7442
5511000	4762	-133930	265	7457
5521000	4793	-133772	267	7466
5531000	4802	-133456	269	7483
5541000	4725	-133340	265	7490
5551000	4616	-133191	260	7499
5561000	4734	-133007	267	7509
5571000	4727	-132672	268	7528
5581000	4728	-132423	269	7542
5591000	4684	-132201	268	7555
5601000	4707	-131874	270	7573
5611000	4694	-131689	270	7584
5621000	4666	-131476	270	7596
5631000	4649	-131240	270	7610
5641000	4625	-130982	269	7625
5651000	4554	-130811	266	7635
5661000	4508	-130597	264	7648
5671000	4394	-130266	259	7668
5681000	4452	-130051	263	7680
5691000	4422	-129924	262	7688
5701000	4442	-129627	264	7705
5711000	4439	-129362	265	7721
5721000	4437	-129182	266	7732
5731000	4461	-128852	268	7752
5741000	4497	-128692	271	7761
5751000	4523	-128570	273	7768
5761000	4533	-128371	275	7780
5771000	4412	-128118	268	7796
5781000	4462	-127825	273	7814
5791000	4463	-127549	274	7831
5801000	4394	-127288	271	7847
5811000	4355	-127158	269	7855
5821000	4360	-126983	270	7866
5831000	4321	-126879	268	7872
5841000	4316	-126695	269	7884
5851000	4298	-126399	269	7902
5861000	4286	-126190	269	7915
5871000	4310	-125967	271	7929
5881000	4266	-125705	270	7946
5891000	4383	-125538	278	7956
5901000	4368	-125342	278	7968
5911000	4309	-125134	275	7982
5921000	4354	-124830	279	8001
5931000	4389	-124706	282	8009
5941000	4277	-124453	276	8026
5951000	4326	-124246	280	8039
5961000	4333	-124043	281	8052
5971000	4296	-123969	279	8057
5981000	4283	-123778	279	8069
5991000	4319	-123488	283	8088
6001000	4281	-123316	281	8099
6011000	4272	-122995	282	8121
6021000	4268	-122804	283	8133
6031000	4228	-122578	281	8148
6041000	4242	-122373	283	8162
6051000	4247	-122234	284	8171
6061000	4085	-122009	274	8187
6071000	4131	-121722	279	8206
6081000	4120	-121531	279	8219
6091000	4089	-121325	278	8233
6101000	4078	-121145	278	8245
6111000	4084	-121009	279	8254
6121000	4060	-120869	278	8264
6131000	4110	-120700	282	8275
6141000	4042	-120509	278	8289
6151000	4093	-120357	282	8299
6161000	4026	-120107	279	8317
6171000	3999	-119802	278	8338
6181000	3947	-119686	275	8346
6191000	3943	-119545	276	8356
6201000	3925	-119342	275	8370
6211000	3909	-119133	275	8385
6221000	3943	-118990	278	8395
6231000	4035	-118817	286	8407
6241000	4004	-118629	284	8420
6251000	3949	-118394	281	8437
6261000	3924	-118248	280	8447
6271000	3891	-118110	279	8458
6281000	3904	-117825	281	8478
6291000	3870	-117624	279	8492
6301000	3852	-117361	279	8512
6311000	3884	-117170	283	8525
6321000	3844	-117002	280	8538
6331000	3792	-116838	277	8550
6341000	3798	-116740	278	8557
6351000	3849	-116585	283	8568
6361000	3834	-116358	283	8585
6371000	3823	-116201	283	8597
6381000	3812	-116050	283	8608
6391000	3841	-115814	286	8625
6401000	3777	-115623	282	8640
6411000	3740	-115521	280	8647
6421000	3720	-115385	279	8658
6431000	3759	-115160	283	8674
6441000	3776	-114941	286	8691
6451000	3816	-114774	289	8703
6461000	3819	-114554	291	8720
6471000	3804	-114344	291	8736
6481000	3813	-114194	292	8747
6491000	3739	-114033	287	8760
6501000	3748	-113869	289	8773
6511000	3804	-113641	294	8790
6521000	3722	-113517	289	8800
6531000	3712	-113362	289	8812
6541000	3731	-113119	291	8831
6551000	3735	-112952	292	8844
6561000	3731	-112825	293	8854
6571000	3688	-112743	290	8860
6581000	3704	-112603	292	8871
6591000	3675	-112356	291	8891
6601000	3648	-112180	290	8905
6611000	3633	-111930	290	8925
6621000	3636	-111727	291	8941
6631000	3628	-111604	291	8951
6641000	3606	-111489	290	8960
6651000	3645	-111319	294	8974
6661000	3663	-111189	296	8984
6671000	3633	-111016	294	8998
6681000	3650	-110845	297	9012
6691000	3587	-110705	292	9024
6701000	3565	-110495	292	9041
6711000	3566	-110316	293	9055
6721000	3490	-110187	287	9066
6731000	3469	-110119	286	9072
6741000	3520	-109927	291	9088
6751000	3478	-109685	289	9108
6761000	3520	-109560	293	9118
6771000	3527	-109443	294	9128
6781000	3566	-109247	299	9144
6791000	3508	-109062	295	9160
6801000	3471	-108909	292	9173
6811000	3464	-108860	292	9177
6821000	3557	-108679	301	9192
6831000	3502	-108544	297	9203
6841000	3513	-108385	299	9217
6851000	3464	-108272	295	9227
6861000	3475	-108080	297	9243
6871000	3491	-107829	300	9264
6881000	3452	-107692	297	9276
6891000	3426	-107570	296	9287
6901000	3418	-107432	296	9299
6911000	3380	-107172	294	9322
6921000	3365	-107041	293	9333
6931000	3380	-106890	296	9346
6941000	3417	-106701	300	9362
6951000	3396	-106552	299	9376
6961000	3404	-106430	300	9386
6971000	3342	-106321	295	9396
6981000	3305	-106181	293	9409
6991000	3353	-105986	298	9426
7001000	3367	-105780	301	9444
7011000	3272	-105606	293	9460
7021000	3259	-105353	293	9483
7031000	3285	-105315	296	9486
7041000	3283	-105243	296	9493
7051000	3274	-105165	296	9500
7061000	3263	-105064	295	9509
7071000	3287	-104896	298	9524
7081000	3213	-104685	293	9544
7091000	3240	-104543	296	9556
7101000	3177	-104399	291	9570
7111000	3216	-104229	296	9585
7121000	3178	-104035	293	9603
7131000	3206	-103901	297	9615
7141000	3172	-103791	294	9626
7151000	3218	-103639	299	9640
7161000	3240	-103511	302	9651
7171000	3188	-103342	298	9667
7181000	3166	-103175	297	9683
7191000	3184	-103048	300	9695
7201000	3220	-102880	304	9711
7211000	3190	-102771	302	9721
7221000	3176	-102684	301	9729
7231000	3164	-102581	300	9739
7241000	3150	-102373	300	9759
7251000	3098	-102201	296	9776
7261000	3159	-102070	303	9788
7271000	3134	-101939	301	9801
7281000	3098	-101752	299	9819
7291000	3137	-101645	303	9829
7301000	3117	-101545	302	9839
7311000	3115	-101476	302	9845
7321000	3134	-101348	305	9858
7331000	3084	-101110	301	9881
7341000	3064	-100925	301	9899
7351000	3019	-100710	297	9921
7361000	3062	-100564	302	9935
7371000	3039	-100466	301	9944
7381000	3035	-100385	301	9953
7391000	3031	-100333	301	9958
7401000	3037	-100254	302	9966
7411000	3033	-100144	302	9976
7421000	3022	-99963	302	9995
7431000	3014	-99807	302	10010
7441000	2945	-99651	296	10026
7451000	3006	-99541	303	10037
7461000	2968	-99339	301	10058
7471000	3016	-99184	306	10073
7481000	2982	-99122	303	10079
7491000	3009	-99019	307	10090
7501000	2999	-98876	307	10104
7511000	3032	-98711	311	10121
7521000	3031	-98579	312	10135
7531000	3073	-98502	316	10142
7541000	3062	-98394	316	10153
7551000	2995	-98263	310	10167
7561000	2984	-98075	310	10187
7571000	2955	-97971	308	10198
7581000	2916	-97872	304	10208
7591000	2885	-97767	302	10220
7601000	2890	-97598	303	10237
7611000	2891	-97438	304	10254
7621000	2958	-97332	312	10265
7631000	2932	-97173	310	10282
7641000	2941	-97028	312	10297
7651000	2953	-96876	314	10313
7661000	2951	-96781	315	10323
7671000	2984	-96687	319	10333
7681000	3016	-96595	323	10342
7691000	2978	-96473	320	10356
7701000	2924	-96350	315	10369
7711000	2943	-96224	318	10383
7721000	2920	-96095	316	10397
7731000	2871	-95977	311	10410
7741000	2808	-95790	306	10431
7751000	2806	-95704	306	10440
7761000	2803	-95573	307	10454
7771000	2800	-95531	307	10459
7781000	2805	-95389	308	10474
7791000	2804	-95262	309	10488
7801000	2822	-95131	312	10503
7811000	2790	-95024	309	10515
7821000	2790	-94866	310	10532
7831000	2760	-94748	307	10545
7841000	2780	-94596	310	10562
7851000	2830	-94493	317	10573
7861000	2845	-94341	319	10590
7871000	2842	-94260	320	10599
7881000	2817	-94125	318	10615
7891000	2796	-94011	316	10628
7901000	2801	-93896	317	10641
7911000	2765	-93803	314	10651
7921000	2755	-93697	314	10663
7931000	2759	-93563	315	10679
7941000	2782	-93403	319	10697
7951000	2757	-93310	316	10708
7961000	2785	-93244	320	10715
7971000	2719	-93164	313	10725
7981000	2718	-93055	314	10737
7991000	2707	-92864	314	10759
8001000	2725	-92757	316	10772
8011000	2746	-92622	320	10787
8021000	2726	-92462	319	10806
8031000	2756	-92352	323	10819
8041000	2680	-92208	315	10836
8051000	2688	-92118	317	10846
8061000	2681	-92052	316	10854
8071000	2650	-91973	313	10864
8081000	2676	-91857	317	10877
8091000	2680	-91697	318	10896
8101000	2691	-91576	321	10910
8111000	2679	-91467	320	10924
8121000	2676	-91375	320	10934
8131000	2683	-91190	322	10957
8141000	2740	-91102	330	10967
8151000	2700	-91028	326	10976
8161000	2692	-90979	325	10982
8171000	2653	-90912	321	10990
8181000	2641	-90804	320	11003
8191000	2620	-90678	318	11019
8201000	2593	-90541	316	11036
8211000	2609	-90410	319	11051
8221000	2624	-90295	322	11066
8231000	2592	-90186	318	11079
8241000	2644	-90068	326	11093
8251000	2618	-89962	323	11106
8261000	2655	-89847	329	11120
8271000	2690	-89748	334	11132
8281000	2685	-89676	334	11141
8291000	2654	-89571	331	11155
8301000	2655	-89408	332	11175
8311000	2625	-89316	329	11187
8321000	2580	-89237	324	11197
8331000	2562	-89185	322	11203
8341000	2540	-89058	320	11220
8351000	2510	-88927	317	11236
8361000	2542	-88795	322	11253
8371000	2509	-88713	319	11263
8381000	2514	-88606	320	11277
8391000	2533	-88498	323	11290
8401000	2523	-88378	323	11306
8411000	2497	-88296	320	11316
8421000	2514	-88201	323	11329
8431000	2523	-88078	325	11344
8441000	2511	-87972	324	11358
8451000	2556	-87867	331	11371
8461000	2536	-87743	329	11387
8471000	2501	-87614	326	11404
8481000	2480	-87566	323	11411
8491000	2435	-87467	318	11424
8501000	2472	-87403	323	11432
8511000	2494	-87305	327	11445
8521000	2486	-87149	327	11465
8531000	2495	-87026	329	11481
8541000	2470	-86898	327	11498
8551000	2449	-86756	325	11517
8561000	2409	-86646	321	11532
8571000	2397	-86562	320	11544
8581000	2410	-86511	322	11550
8591000	2416	-86420	323	11562
8601000	2430	-86362	326	11570
8611000	2474	-86298	332	11578
8621000	2421	-86212	325	11590
8631000	2366	-86086	319	11607
8641000	2350	-85972	318	11623
8651000	2444	-85828	332	11642
8661000	2441	-85789	331	11647
8671000	2412	-85677	328	11663
8681000	2424	-85569	331	11677
8691000	2410	-85439	330	11695
8701000	2414	-85341	331	11708
8711000	2429	-85251	334	11721
8721000	2444	-85143	337	11735
8731000	2445	-85068	338	11746
8741000	2408	-85003	333	11755
8751000	2398	-84904	332	11769
8761000	2367	-84806	329	11782
8771000	2343	-84702	326	11797
8781000	2331	-84568	326	11816
8791000	2319	-84479	325	11828
8801000	2389	-84378	335	11842
8811000	2363	-84272	333	11857
8821000	2353	-84187	332	11869
8831000	2319	-84122	327	11879
8841000	2344	-84061	331	11887
8851000	2336	-83978	331	11899
8861000	2363	-83873	336	11913
8871000	2330	-83733	332	11933
8881000	2350	-83667	335	11943
8891000	2286	-83564	327	11958
8901000	2286	-83400	328	11981
8911000	2260	-83382	325	11984
8921000	2299	-83248	331	12003
8931000	2322	-83149	336	12017
8941000	2309	-83036	335	12034
8951000	2321	-82982	337	12041
8961000	2347	-82857	342	12059
8971000	2180	-82794	318	12070
8981000	2231	-82765	325	12074
8991000	2192	-82647	321	12091
9001000	2307	-82551	338	12104
9011000	2314	-82459	340	12118
9021000	2287	-82368	337	12131
9031000	2291	-82286	338	12143
9041000	2254	-82256	333	12148
9051000	2302	-82142	341	12165
9061000	2316	-82016	344	12183
9071000	2277	-81916	339	12198
9081000	2270	-81845	339	12209
9091000	2250	-81751	336	12223
9101000	2227	-81675	334	12235
9111000	2212	-81642	332	12240
9121000	2266	-81566	340	12250
9131000	2347	-81469	353	12265
9141000	2323	-81321	351	12287
9151000	2248	-81206	341	12305
9161000	2188	-81165	332	12312
9171000	2187	-81063	333	12327
9181000	2185	-80952	333	12344
9191000	2197	-80894	336	12353
9201000	2162	-80809	331	12366
9211000	2220	-80664	341	12388
9221000	2180	-80601	335	12398
9231000	2196	-80521	338	12410
9241000	2222	-80424	343	12425
9251000	2241	-80356	347	12435
9261000	2232	-80287	346	12446
9271000	2252	-80177	350	12463
9281000	2233	-80019	348	12487
9291000	2208	-80001	345	12490
9301000	2197	-79952	343	12498
9311000	2227	-79837	349	12516
9321000	2288	-79783	359	12524
9331000	2238	-79689	352	12539
9341000	2190	-79619	345	12550
9351000	2214	-79483	350	12572
9361000	2189	-79419	347	12582
9371000	2158	-79368	342	12590
9381000	2193	-79275	349	12605
9391000	2201	-79184	351	12619
9401000	2179	-79093	348	12634
9411000	2130	-79016	341	12646
9421000	2092	-78943	335	12659
9431000	2106	-78829	339	12677
9441000	2190	-78746	353	12689
9451000	2132	-78645	344	12706
9461000	2141	-78496	347	12730
9471000	2085	-78452	339	12738
9481000	2110	-78408	343	12745
9491000	2107	-78273	344	12767
9501000	2091	-78203	342	12778
9511000	2142	-78110	351	12793
9521000	2111	-78072	346	12799
9531000	2097	-78009	344	12810
9541000	2100	-77948	345	12820
9551000	2056	-77882	339	12831
9561000	2068	-77775	342	12849
9571000	2072	-77660	343	12867
9581000	2082	-77588	346	12879
9591000	2108	-77549	350	12886
9601000	2098	-77418	350	12907
9611000	2074	-77382	346	12914
9621000	2034	-77282	340	12931
9631000	2005	-77218	336	12942
9641000	2048	-77106	344	12960
9651000	2067	-77045	348	12970
9661000	2041	-76924	345	12991
9671000	2036	-76843	345	13004
9681000	1996	-76817	338	13009
9691000	2113	-76786	358	13013
9701000	2042	-76695	347	13030
9711000	2073	-76593	353	13046
9721000	2069	-76511	353	13060
9731000	2079	-76391	356	13081
9741000	2066	-76309	355	13095
9751000	2062	-76263	354	13103
9761000	2105	-76162	363	13120
9771000	2087	-76107	360	13130
9781000	2058	-76039	356	13142
9791000	2035	-75943	353	13158
9801000	2027	-75847	352	13175
9811000	2005	-75755	349	13191
9821000	2020	-75714	352	13198
9831000	2027	-75616	354	13215
9841000	2052	-75530	359	13230
9851000	2012	-75464	353	13242
9861000	2003	-75387	352	13256
9871000	2061	-75296	363	13271
9881000	2066	-75236	365	13281
9891000	2024	-75175	358	13293
9901000	2009	-75095	356	13307
9911000	1998	-75055	355	13314
9921000	1962	-74960	349	13331
9931000	1955	-74869	349	13348
9941000	1967	-74805	351	13359
9951000	1966	-74719	352	13374
9961000	1969	-74647	353	13387
9971000	1950	-74567	350	13402
9981000	1950	-74466	352	13420
9991000	1952	-74402	352	13431
10001000	1935	-74315	350	13447
10011000	1974	-74274	358	13454
10021000	1962	-74185	356	13470
10031000	1982	-74180	360	13471
10041000	1958	-74084	357	13489
10051000	1972	-74006	360	13503
10061000	1950	-73949	356	13513
10071000	1950	-73848	357	13532
10081000	1968	-73746	362	13550
10091000	1943	-73709	357	13557
10101000	1948	-73604	359	13577
10111000	1928	-73535	356	13590
10121000	1907	-73460	353	13604
10131000	1949	-73347	362	13624
10141000	1963	-73273	365	13638
10151000	1955	-73229	364	13646
10161000	1928	-73185	360	13655
10171000	1924	-73107	360	13669
10181000	1895	-73023	355	13685
10191000	1892	-72972	355	13695
10201000	1906	-72891	359	13710
10211000	1898	-72850	357	13718
10221000	1895	-72781	357	13730
10231000	1952	-72718	369	13742
10241000	1934	-72636	366	13757
10251000	1932	-72549	367	13774
10261000	1950	-72456	371	13791
10271000	1938	-72367	370	13808
10281000	1906	-72333	364	13815
10291000	1894	-72304	362	13821
10301000	1877	-72219	360	13837
10311000	1869	-72155	359	13850
10321000	1894	-72099	364	13860
10331000	1874	-72015	361	13877
10341000	1867	-71938	360	13891
10351000	1878	-71866	363	13905
10361000	1870	-71780	363	13922
10371000	1867	-71696	363	13938
10381000	1854	-71626	361	13952
10391000	1840	-71550	359	13967
10401000	1847	-71505	361	13976
10411000	1853	-71468	363	13983
10421000	1826	-71423	358	13992
10431000	1828	-71362	359	14004
10441000	1842	-71283	362	14019
10451000	1818	-71204	358	14035
10461000	1829	-71121	361	14051
10471000	1819	-71077	360	14060
10481000	1809	-71009	358	14074
10491000	1822	-70921	362	14091
10501000	1866	-70857	371	14103
10511000	1839	-70761	367	14123
10521000	1832	-70716	366	14132
10531000	1837	-70634	368	14148
10541000	1817	-70608	364	14153
10551000	1825	-70520	367	14171
10561000	1830	-70419	369	14191
10571000	1791	-70371	361	14201
10581000	1786	-70296	361	14216
10591000	1781	-70234	361	14229
10601000	1788	-70171	363	14242
10611000	1768	-70100	360	14256
10621000	1809	-70029	369	14270
10631000	1823	-69973	372	14281
10641000	1781	-69902	364	14296
10651000	1773	-69843	363	14309
10661000	1773	-69787	364	14320
10671000	1798	-69757	369	14326
10681000	1790	-69693	368	14339
10691000	1802	-69626	371	14353
10701000	1794	-69557	370	14367
10711000	1811	-69484	375	14382
10721000	1825	-69393	379	14401
10731000	1798	-69338	374	14412
10741000	1797	-69286	374	14423
10751000	1792	-69237	374	14433
10761000	1770	-69169	370	14448
10771000	1741	-69098	364	14463
10781000	1758	-69027	369	14478
10791000	1751	-68975	368	14489
10801000	1743	-68950	366	14494
10811000	1735	-68842	366	14517
10821000	1724	-68775	364	14531
10831000	1723	-68731	364	14540
10841000	1721	-68643	365	14559
10851000	1762	-68569	375	14574
10861000	1735	-68507	370	14588
10871000	1726	-68457	368	14598
10881000	1715	-68394	366	14612
10891000	1687	-68355	361	14621
10901000	1706	-68274	366	14638
10911000	1755	-68221	377	14648
10921000	1734	-68181	373	14657
10931000	1726	-68151	371	14664
10941000	1717	-68084	370	14678
10951000	1704	-68002	368	14696
10961000	1724	-67909	374	14716
10971000	1715	-67839	372	14731
10981000	1704	-67781	371	14744
10991000	1699	-67717	370	14758
11001000	1712	-67667	374	14769
11011000	1718	-67600	376	14783
11021000	1734	-67511	380	14803
11031000	1719	-67432	378	14820
11041000	1722	-67377	379	14832
11051000	1681	-67321	371	14845
11061000	1690	-67246	374	14861
11071000	1717	-67179	380	14876
11081000	1692	-67119	375	14889
11091000	1687	-67078	375	14899
11101000	1688	-67010	376	14914
11111000	1691	-66958	377	14925
11121000	1686	-66896	376	14939
11131000	1685	-66831	377	14954
11141000	1680	-66783	376	14964
11151000	1685	-66698	379	14983
11161000	1688	-66650	380	14994
11171000	1711	-66635	385	14997
11181000	1736	-66598	391	15005
11191000	1708	-66529	386	15021
11201000	1682	-66474	380	15034
11211000	1654	-66410	375	15049
11221000	1655	-66357	376	15061
11231000	1678	-66301	381	15073
11241000	1677	-66246	382	15086
11251000	1673	-66172	382	15103
11261000	1665	-66101	381	15119
11271000	1640	-66011	376	15140
11281000	1621	-65947	372	15154
11291000	1622	-65906	373	15164
11301000	1655	-65860	381	15174
11311000	1647	-65775	380	15194
11321000	1626	-65718	376	15207
11331000	1613	-65670	374	15219
11341000	1593	-65589	370	15238
11351000	1596	-65541	371	15249
11361000	1647	-65478	384	15263
11371000	1640	-65394	383	15282
11381000	1634	-65334	383	15296
11391000	1638	-65276	384	15310
11401000	1619	-65206	381	15326
11411000	1619	-65170	381	15335
11421000	1632	-65141	384	15342
11431000	1630	-65065	385	15360
11441000	1626	-65007	385	15373
11451000	1617	-64945	383	15388
11461000	1647	-64883	391	15402
11471000	1614	-64841	384	15413
11481000	1601	-64817	381	15419
11491000	1572	-64759	375	15433
11501000	1578	-64698	377	15447
11511000	1553	-64646	371	15460
11521000	1575	-64571	378	15478
11531000	1603	-64530	385	15487
11541000	1591	-64478	383	15500
11551000	1567	-64446	377	15508
11561000	1574	-64397	379	15519
11571000	1581	-64343	382	15532
11581000	1580	-64289	382	15545
11591000	1598	-64243	387	15556
11601000	1601	-64197	388	15567
11611000	1591	-64121	387	15586
11621000	1614	-64068	393	15599
11631000	1612	-64015	393	15611
11641000	1590	-63960	388	15625
11651000	1577	-63891	386	15642
11661000	1560	-63898	382	15641
11671000	1578	-63859	387	15650
11681000	1565	-63779	385	15670
11691000	1585	-63716	390	15685
11701000	1610	-63606	398	15712
11711000	1621	-63557	401	15724
11721000	1622	-63523	402	15732
11731000	1615	-63481	401	15743
11741000	1599	-63415	397	15759
11751000	1571	-63359	391	15773
11761000	1559	-63285	389	15792
11771000	1549	-63238	387	15804
11781000	1543	-63208	386	15811
11791000	1536	-63173	385	15820
11801000	1547	-63096	388	15839
11811000	1570	-63060	395	15848
11821000	1541	-62986	388	15867
11831000	1541	-62937	389	15879
11841000	1551	-62893	392	15890
11851000	1584	-62828	401	15906
11861000	1552	-62757	394	15925
11871000	1550	-62714	394	15936
11881000	1527	-62653	389	15952
11891000	1527	-62603	390	15964
11901000	1547	-62568	395	15973
11911000	1549	-62542	396	15979
11921000	1528	-62488	391	15994
11931000	1532	-62398	393	16017
11941000	1539	-62310	396	16039
11951000	1550	-62277	399	16047
11961000	1528	-62238	394	16058
11971000	1509	-62172	390	16075
11981000	1506	-62137	390	16084
11991000	1514	-62063	393	16103
12001000	1513	-61982	394	16124
12011000	1519	-61947	396	16133
12021000	1507	-61910	393	16143
12031000	1507	-61863	394	16155
12041000	1543	-61773	404	16178
12051000	1523	-61759	399	16182
12061000	1489	-61713	391	16195
12071000	1505	-61662	396	16208
12081000	1497	-61622	394	16218
12091000	1491	-61540	393	16240
12101000	1505	-61520	397	16245
12111000	1509	-61479	399	16256
12121000	1493	-61403	396	16276
12131000	1462	-61358	388	16289
12141000	1507	-61327	400	16296
12151000	1504	-61269	400	16312
12161000	1485	-61220	396	16325
12171000	1488	-61184	397	16334
12181000	1493	-61134	399	16348
12191000	1455	-61062	390	16368
12201000	1452	-61020	390	16379
12211000	1487	-60982	400	16388
12221000	1504	-60925	405	16404
12231000	1464	-60881	395	16416
12241000	1461	-60794	395	16440
12251000	1503	-60754	407	16450
12261000	1482	-60725	402	16458
12271000	1507	-60668	409	16473
12281000	1483	-60605	404	16490
12291000	1449	-60589	395	16495
12301000	1451	-60516	396	16515
12311000	1458	-60471	398	16527
12321000	1463	-60429	400	16539
12331000	1463	-60356	401	16559
12341000	1442	-60304	396	16573
12351000	1452	-60230	400	16593
12361000	1480	-60191	408	16604
12371000	1469	-60144	406	16617
12381000	1487	-60129	411	16621
12391000	1431	-60069	396	16638
12401000	1414	-60019	392	16652
12411000	1443	-59985	401	16661
12421000	1445	-59928	402	16677
12431000	1432	-59858	399	16697
12441000	1441	-59829	402	16705
12451000	1450	-59796	405	16714
12461000	1450	-59706	407	16739
12471000	1476	-59680	414	16746
12481000	1478	-59623	416	16762
12491000	1481	-59611	417	16765
12501000	1454	-59523	410	16790
12511000	1403	-59479	396	16803
12521000	1409	-59468	398	16806
12531000	1402	-59433	397	16816
12541000	1424	-59351	404	16839
12551000	1415	-59280	402	16860
12561000	1454	-59226	414	16874
12571000	1480	-59203	422	16881
12581000	1407	-59137	402	16900
12591000	1386	-59109	397	16909
12601000	1371	-59050	393	16926
12611000	1380	-59006	396	16938
12621000	1398	-59013	401	16936
12631000	1404	-58988	403	16943
12641000	1392	-58918	401	16963
12651000	1388	-58884	400	16973
12661000	1422	-58818	411	16992
12671000	1402	-58735	406	17016
12681000	1422	-58726	412	17018
12691000	1436	-58683	417	17031
12701000	1396	-58598	406	17056
12711000	1386	-58552	404	17069
12721000	1413	-58494	413	17086
12731000	1407	-58465	411	17094
12741000	1394	-58450	408	17099
12751000	1386	-58388	406	17117
12761000	1429	-58349	419	17128
12771000	1434	-58288	422	17146
12781000	1378	-58257	406	17156
12791000	1386	-58198	409	17173
12801000	1370	-58166	405	17183
12811000	1403	-58094	415	17203
12821000	1372	-58048	407	17218
12831000	1384	-58016	411	17227
12841000	1407	-57957	419	17244
12851000	1419	-57922	423	17254
12861000	1433	-57893	427	17263
12871000	1428	-57850	426	17276
12881000	1408	-57826	421	17283
12891000	1373	-57773	411	17299
12901000	1380	-57681	415	17327
12911000	1394	-57653	419	17335
12921000	1429	-57626	430	17343
12931000	1407	-57582	424	17356
12941000	1375	-57517	415	17376
12951000	1398	-57477	423	17388
12961000	1405	-57404	426	17410
12971000	1406	-57387	427	17415
12981000	1381	-57347	420	17428
12991000	1362	-57287	415	17446
13001000	1361	-57282	414	17448
13011000	1333	-57237	407	17462
13021000	1346	-57187	411	17477
13031000	1355	-57159	415	17485
13041000	1346	-57102	412	17503
13051000	1318	-57025	405	17527
13061000	1357	-56983	418	17539
13071000	1369	-56926	422	17557
13081000	1361	-56898	420	17565
13091000	1342	-56866	415	17575
13101000	1340	-56851	415	17580
13111000	1354	-56783	420	17601
13121000	1347	-56759	418	17608
13131000	1333	-56679	415	17634
13141000	1337	-56648	416	17643
13151000	1331	-56616	415	17653
13161000	1346	-56588	420	17662
13171000	1343	-56525	420	17681
13181000	1342	-56468	421	17699
13191000	1306	-56425	410	17713
13201000	1300	-56358	409	17734
13211000	1299	-56352	409	17736
13221000	1325	-56331	417	17742
13231000	1341	-56263	424	17764
13241000	1328	-56244	420	17770
13251000	1330	-56172	421	17793
13261000	1352	-56134	429	17804
13271000	1335	-56090	424	17818
13281000	1325	-56049	422	17832
13291000	1319	-55993	420	17849
13301000	1321	-55974	421	17856
13311000	1318	-55898	421	17880
13321000	1336	-55873	428	17887
13331000	1350	-55837	433	17899
13341000	1357	-55810	435	17907
13351000	1356	-55746	436	17928
13361000	1327	-55715	427	17938
13371000	1333	-55652	430	17959
13381000	1312	-55637	424	17964
13391000	1291	-55624	417	17968
13401000	1291	-55589	418	17980
13411000	1289	-55529	418	17999
13421000	1312	-55482	426	18014
13431000	1308	-55434	425	18029
13441000	1301	-55377	424	18048
13451000	1331	-55362	434	18052
13461000	1339	-55305	438	18071
13471000	1336	-55250	438	18089
13481000	1318	-55238	432	18093
13491000	1312	-55195	431	18107
13501000	1330	-55144	437	18124
13511000	1316	-55125	433	18130
13521000	1291	-55067	425	18150
13531000	1307	-55033	431	18161
13541000	1309	-54985	433	18176
13551000	1331	-54925	441	18196
13561000	1311	-54897	435	18206
13571000	1304	-54888	433	18209
13581000	1293	-54843	430	18224
13591000	1291	-54810	430	18235
13601000	1307	-54748	436	18255
13611000	1313	-54694	439	18273
13621000	1310	-54657	438	18285
13631000	1328	-54632	445	18293
13641000	1304	-54586	437	18309
13651000	1297	-54550	436	18321
13661000	1289	-54497	434	18340
13671000	1269	-54449	428	18356
13681000	1275	-54409	430	18369
13691000	1320	-54393	446	18374
13701000	1320	-54347	447	18389
13711000	1311	-54306	444	18403
13721000	1295	-54272	440	18415
13731000	1281	-54212	436	18436
13741000	1304	-54183	444	18445
13751000	1301	-54152	443	18456
13761000	1254	-54077	429	18482
13771000	1278	-54069	437	18484
13781000	1282	-54023	439	18500
13791000	1286	-53958	441	18522
13801000	1278	-53943	439	18528
13811000	1281	-53928	440	18533
13821000	1280	-53908	440	18540
13831000	1275	-53868	439	18553
13841000	1276	-53814	440	18572
13851000	1267	-53758	438	18591
13861000	1294	-53717	448	18605
13871000	1265	-53707	438	18609
13881000	1257	-53677	436	18620
13891000	1267	-53615	440	18641
13901000	1265	-53569	441	18657
13911000	1253	-53544	437	18666
13921000	1248	-53501	436	18681
13931000	1267	-53470	443	18692
13941000	1245	-53392	437	18719
13951000	1260	-53383	442	18722
13961000	1259	-53362	442	18729
13971000	1231	-53309	433	18749
13981000	1253	-53262	441	18765
13991000	1262	-53229	445	18776
14001000	1265	-53204	447	18785
14011000	1263	-53139	447	18808
14021000	1317	-53116	467	18815
14031000	1268	-53064	450	18835
14041000	1249	-53036	444	18845
14051000	1233	-53016	438	18852
14061000	1240	-52963	442	18871
14071000	1264	-52923	451	18884
14081000	1268	-52900	453	18893
14091000	1263	-52862	452	18906
14101000	1257	-52834	450	18917
14111000	1287	-52811	461	18924
14121000	1278	-52763	459	18941
14131000	1279	-52712	460	18960
14141000	1255	-52716	451	18959
14151000	1216	-52650	438	18983
14161000	1220	-52614	440	18996
14171000	1246	-52584	450	19006
14181000	1228	-52547	445	19020
14191000	1226	-52505	444	19035
14201000	1256	-52463	456	19050
14211000	1262	-52408	459	19070
14221000	1257	-52377	458	19081
14231000	1256	-52348	458	19092
14241000	1241	-52287	454	19114
14251000	1252	-52248	458	19128
14261000	1261	-52199	463	19146
14271000	1251	-52137	460	19169
14281000	1250	-52112	460	19179
14291000	1240	-52099	457	19183
14301000	1241	-52052	458	19201
14311000	1255	-51994	464	19222
14321000	1230	-51971	455	19231
14331000	1220	-51912	452	19253
14341000	1202	-51882	446	19264
14351000	1213	-51862	451	19272
14361000	1163	-51813	433	19290
14371000	1219	-51777	455	19303
14381000	1223	-51742	457	19316
14391000	1230	-51691	460	19335
14401000	1237	-51647	464	19351
14411000	1237	-51636	464	19355
14421000	1215	-51598	456	19370
14431000	1207	-51555	454	19386
14441000	1231	-51536	463	19393
14451000	1232	-51486	464	19412
14461000	1204	-51483	454	19413
14471000	1253	-51401	474	19443
14481000	1217	-51408	460	19441
14491000	1223	-51324	464	19473
14501000	1224	-51332	464	19470
14511000	1222	-51261	465	19497
14521000	1184	-51271	450	19494
14531000	1198	-51265	456	19496
14541000	1212	-51245	461	19503
14551000	1193	-51193	455	19523
14561000	1244	-51221	474	19512
14571000	1255	-51114	480	19552
14581000	1189	-51087	455	19564
14591000	1225	-51055	470	19575
14601000	1245	-51034	478	19583
14611000	1222	-50990	470	19600
14621000	1236	-50954	476	19614
14631000	1220	-50857	471	19652
14641000	1267	-50874	489	19644
14651000	1209	-50832	468	19661
14661000	1207	-50749	468	19694
14671000	1191	-50756	462	19691
14681000	1199	-50720	466	19705
14691000	1204	-50678	469	19721
14701000	1206	-50626	470	19742
14711000	1177	-50630	459	19740
14721000	1169	-50569	457	19764
14731000	1189	-50519	465	19784
14741000	1205	-50490	472	19795
14751000	1221	-50427	480	19819
14761000	1202	-50423	472	19821
14771000	1218	-50411	479	19825
14781000	1226	-50404	482	19828
14791000	1233	-50367	486	19842
14801000	1219	-50316	481	19863
14811000	1194	-50274	472	19880
14821000	1197	-50227	474	19898
14831000	1196	-50262	473	19884
14841000	1300	-50194	516	19909
14851000	1233	-50150	490	19928
14861000	1257	-50093	501	19950
14871000	1285	-50004	514	19985
14881000	1236	-50034	493	19974
14891000	1210	-50055	483	19966
14901000	1218	-49983	487	19995
14911000	1184	-49946	474	20010
14921000	1167	-49938	468	20014
14931000	1204	-49894	484	20031
14941000	1204	-49839	484	20053
14951000	1204	-49816	485	20062
14961000	1214	-49798	489	20069
14971000	1193	-49746	482	20090
14981000	1220	-49693	494	20111
14991000	1244	-49644	504	20131
15001000	1212	-49616	492	20143
15011000	1222	-49591	497	20153
15021000	1219	-49592	495	20152
15031000	1232	-49559	501	20166
15041000	1238	-49521	504	20181
15051000	1240	-49507	506	20186
15061000	1203	-49475	491	20200
15071000	1224	-49428	501	20219
15081000	1214	-49411	497	20226
15091000	1207	-49372	495	20242
15101000	1177	-49337	483	20257
15111000	1175	-49279	484	20281
15121000	1177	-49239	485	20298
15131000	1198	-49210	495	20309
15141000	1211	-49186	500	20319
15151000	1219	-49143	504	20336
15161000	1238	-49100	513	20354
15171000	1236	-49089	513	20358
15181000	1221	-49040	508	20379
15191000	1210	-49017	503	20389
15201000	1207	-48993	502	20399
15211000	1180	-48957	492	20414
15221000	1192	-48926	498	20427
15231000	1214	-48887	508	20443
15241000	1216	-48839	510	20463
15251000	1260	-48798	529	20479
15261000	1247	-48789	524	20483
15271000	1230	-48744	517	20502
15281000	1208	-48704	509	20520
15291000	1195	-48693	504	20525
15301000	1171	-48662	494	20538
15311000	1182	-48637	499	20548
15321000	1193	-48608	505	20560
15331000	1161	-48596	491	20566
15341000	1183	-48558	501	20582
15351000	1172	-48526	497	20595
15361000	1188	-48470	505	20619
15371000	1188	-48446	506	20629
15381000	1185	-48427	505	20637
15391000	1166	-48388	498	20654
15401000	1194	-48345	510	20672
15411000	1176	-48336	503	20676
15421000	1198	-48287	514	20697
15431000	1198	-48250	514	20713
15441000	1178	-48253	506	20712
15451000	1181	-48213	508	20729
15461000	1183	-48175	510	20745
15471000	1199	-48140	517	20760
15481000	1191	-48098	514	20778
15491000	1174	-48096	507	20779
15501000	1172	-48065	507	20793
15511000	1171	-48060	507	20795
15521000	1197	-48008	519	20817
15531000	1191	-47937	518	20848
15541000	1186	-47903	516	20863
15551000	1177	-47860	514	20881
15561000	1193	-47846	521	20887
15571000	1204	-47827	526	20895
15581000	1212	-47795	530	20909
15591000	1211	-47762	530	20924
15601000	1185	-47724	520	20941
15611000	1188	-47691	522	20955
15621000	1183	-47674	520	20963
15631000	1188	-47656	523	20971
15641000	1195	-47595	527	20997
15651000	1186	-47566	524	21011
15661000	1204	-47544	532	21020
15671000	1180	-47501	523	21039
15681000	1207	-47491	535	21043
15691000	1200	-47456	532	21059
15701000	1191	-47414	530	21078
15711000	1180	-47401	525	21084
15721000	1177	-47356	524	21104
15731000	1198	-47314	535	21122
15741000	1192	-47294	533	21131
15751000	1197	-47291	535	21132
15761000	1189	-47267	532	21143
15771000	1188	-47208	533	21169
15781000	1176	-47160	529	21191
15791000	1178	-47123	530	21208
15801000	1190	-47108	536	21214
15811000	1181	-47103	532	21217
15821000	1170	-47060	528	21236
15831000	1160	-47016	524	21256
15841000	1177	-46991	533	21267
15851000	1192	-46934	541	21293
15861000	1189	-46928	540	21296
15871000	1192	-46913	541	21302
15881000	1190	-46866	541	21324
15891000	1171	-46857	533	21328
15901000	1196	-46823	545	21343
15911000	1214	-46787	554	21359
15921000	1208	-46779	551	21363
15931000	1198	-46768	547	21368
15941000	1175	-46717	538	21392
15951000	1175	-46690	539	21404
15961000	1173	-46657	538	21419
15971000	1180	-46613	543	21440
15981000	1190	-46568	548	21460
15991000	1206	-46539	557	21473
16001000	1200	-46493	555	21494
16011000	1207	-46465	559	21507
16021000	1183	-46456	548	21512
16031000	1195	-46437	554	21520
16041000	1182	-46417	548	21530
16051000	1190	-46395	553	21540
16061000	1197	-46349	557	21561
16071000	1212	-46315	565	21577
16081000	1190	-46277	555	21595
16091000	1185	-46227	554	21618
16101000	1182	-46231	553	21616
16111000	1224	-46208	573	21626
16121000	1215	-46170	570	21644
16131000	1212	-46139	569	21658
16141000	1204	-46125	566	21665
16151000	1188	-46101	559	21677
16161000	1179	-46062	555	21696
16171000	1162	-46042	548	21706
16181000	1142	-46012	539	21720
16191000	1178	-45969	557	21739
16201000	1172	-45940	555	21753
16211000	1172	-45915	556	21765
16221000	1182	-45889	561	21777
16231000	1194	-45892	567	21775
16241000	1185	-45858	563	21792
16251000	1180	-45823	562	21809
16261000	1193	-45788	569	21825
16271000	1186	-45755	566	21841
16281000	1191	-45732	569	21852
16291000	1190	-45725	569	21855
16301000	1190	-45697	570	21869
16311000	1212	-45668	580	21882
16321000	1216	-45624	584	21903
16331000	1220	-45580	587	21924
16341000	1206	-45554	581	21937
16351000	1175	-45526	566	21951
16361000	1173	-45483	567	21972
16371000	1142	-45460	552	21983
16381000	1179	-45441	571	21992
16391000	1195	-45395	580	22014
16401000	1192	-45381	578	22020
16411000	1190	-45365	578	22028
16421000	1201	-45345	583	22038
16431000	1172	-45308	571	22056
16441000	1177	-45261	574	22079
16451000	1177	-45224	575	22097
16461000	1175	-45218	574	22100
16471000	1183	-45212	578	22103
16481000	1191	-45176	583	22120
16491000	1203	-45160	590	22128
16501000	1211	-45144	594	22135
16511000	1223	-45086	601	22164
16521000	1204	-45060	593	22177
16531000	1184	-45029	584	22192
16541000	1200	-45005	592	22204
16551000	1197	-44974	592	22219
16561000	1172	-44942	580	22236
16571000	1160	-44899	575	22257
16581000	1160	-44872	576	22271
16591000	1175	-44858	583	22277
16601000	1189	-44844	591	22284
16611000	1217	-44795	606	22308
16621000	1204	-44783	600	22314
16631000	1201	-44753	599	22329
16641000	1222	-44715	611	22347
16651000	1235	-44696	618	22356
16661000	1236	-44671	619	22369
16671000	1230	-44647	617	22381
16681000	1220	-44622	612	22394
16691000	1190	-44576	599	22418
16701000	1190	-44565	599	22423
16711000	1194	-44544	601	22434
16721000	1197	-44535	603	22438
16731000	1209	-44525	609	22443
16741000	1211	-44481	612	22465
16751000	1200	-44427	608	22492
16761000	1223	-44415	619	22498
16771000	1230	-44379	624	22516
