f/Hz	Re{Y}/µS	Im{Y}/µS	Re{Z}/mOhm	Im{Z}/mOhm
1000	6489911	-431687	153	10
11000	4054197	-2268801	188	105
21000	2385328	-2523117	198	209
31000	1480333	-2350663	192	305
41000	1045725	-2015502	203	391
51000	710824	-1746584	200	491
61000	506132	-1540847	192	586
71000	391251	-1364403	194	677
81000	316291	-1219382	199	768
91000	247976	-1089943	198	872
101000	204409	-993663	199	966
111000	171023	-909735	200	1062
121000	153734	-840981	210	1151
131000	129144	-776750	208	1253
141000	110235	-724545	205	1349
151000	102393	-680589	216	1437
161000	86405	-638034	208	1539
171000	77958	-603965	210	1629
181000	73107	-570844	221	1724
191000	63572	-543138	213	1816
201000	57368	-515372	213	1917
211000	53625	-493689	217	2002
221000	47247	-470036	212	2106
231000	42993	-451418	209	2195
241000	41641	-432902	220	2289
251000	37880	-417299	216	2377
261000	35535	-400645	220	2476
271000	33155	-386841	220	2566
281000	31387	-372567	225	2665
291000	29515	-360860	225	2753
301000	27317	-347791	224	2858
311000	26108	-337723	228	2943
321000	24168	-326827	225	3043
331000	22564	-317097	223	3138
341000	21449	-307681	225	3234
351000	20686	-299487	230	3323
361000	20082	-291189	236	3418
371000	18772	-283816	232	3508
381000	18721	-276376	244	3602
391000	17270	-269337	237	3698
401000	16885	-262498	244	3794
411000	15849	-256083	241	3890
421000	15480	-250114	247	3983
431000	14588	-244503	243	4075
441000	14366	-238696	251	4174
451000	13424	-233792	245	4263
461000	13372	-228414	255	4363
471000	12531	-223666	250	4457
481000	12219	-218999	254	4552
491000	11480	-214328	249	4652
501000	11297	-210071	255	4747
511000	11116	-206244	261	4835
521000	10543	-202128	257	4934
531000	10441	-198556	264	5022
541000	10008	-194848	263	5119
551000	9620	-191584	261	5207
561000	9255	-188223	261	5300
571000	9020	-184812	263	5398
581000	8994	-181993	271	5481
591000	8385	-178834	262	5580
601000	8320	-175823	269	5675
611000	8188	-173086	273	5765
621000	7968	-170114	275	5866
631000	7496	-167665	266	5952
641000	7390	-165164	270	6042
651000	7206	-162496	272	6142
661000	7118	-159926	278	6241
671000	6937	-157797	278	6325
681000	6781	-155359	280	6424
691000	6571	-153139	280	6518
701000	6559	-150984	287	6611
711000	6249	-148808	282	6708
721000	6019	-146892	278	6796
731000	6048	-144880	288	6890
741000	5884	-142925	288	6985
751000	5791	-140943	291	7083
761000	5500	-139129	284	7176
771000	5649	-137325	299	7270
781000	5374	-135669	292	7359
791000	5326	-133838	297	7460
801000	5194	-132156	297	7555
811000	5196	-130563	304	7647
821000	5057	-129097	303	7734
831000	4901	-127453	301	7834
841000	4848	-125977	305	7926
851000	4775	-124572	307	8016
861000	4719	-123220	310	8104
871000	4537	-121739	306	8203
881000	4431	-120345	306	8298
891000	4409	-119100	310	8385
901000	4299	-117841	309	8475
911000	4272	-116437	315	8577
921000	4238	-115303	318	8661
931000	4172	-113956	321	8764
941000	4019	-112841	315	8851
951000	3978	-111653	319	8945
961000	3856	-110473	316	9041
971000	3779	-109222	316	9145
981000	3723	-108259	317	9226
991000	3752	-107062	327	9329
1001000	3702	-106106	328	9413
1011000	3642	-104983	330	9514
1021000	3478	-104048	321	9600
1031000	3442	-103036	324	9694
1041000	3447	-102030	331	9790
1051000	3421	-101080	334	9882
1061000	3348	-100172	333	9972
1071000	3327	-99203	338	10069
1081000	3284	-98295	340	10162
1091000	3257	-97398	343	10256
1101000	3185	-96605	341	10340
1111000	3126	-95716	341	10436
1121000	3074	-94878	341	10529
1131000	3073	-94008	347	10626
1141000	3013	-93263	346	10711
1151000	3016	-92389	353	10812
1161000	2958	-91621	352	10903
1171000	2918	-90766	354	11006
1181000	2868	-90117	353	11085
1191000	2835	-89350	355	11181
1201000	2803	-88602	357	11275
1211000	2763	-87884	357	11367
1221000	2716	-87179	357	11460
1231000	2703	-86441	361	11557
1241000	2660	-85743	361	11652
1251000	2657	-85050	367	11746
1261000	2614	-84407	367	11836
1271000	2569	-83730	366	11932
1281000	2555	-83065	370	12027
1291000	2519	-82415	370	12122
1301000	2452	-81821	366	12211
1311000	2412	-81201	365	12304
1321000	2332	-80610	359	12395
1331000	2311	-80019	361	12487
1341000	2295	-79447	363	12577
1351000	2307	-78860	371	12670
1361000	2288	-78313	373	12758
1371000	2243	-77734	371	12854
1381000	2225	-77156	373	12950
1391000	2158	-76628	367	13040
1401000	2164	-76029	374	13142
1411000	2150	-75485	377	13237
1421000	2142	-74967	381	13328
1431000	2127	-74458	383	13419
1441000	2112	-73953	386	13511
1451000	2083	-73478	386	13599
1461000	2060	-72963	387	13695
1471000	2009	-72484	382	13786
1481000	2009	-72004	387	13877
1491000	1968	-71483	385	13979
1501000	1943	-71032	385	14068
1511000	1975	-70566	396	14160
1521000	1964	-70135	399	14247
1531000	1903	-69633	392	14350
1541000	1892	-69226	395	14435
1551000	1847	-68778	390	14529
1561000	1849	-68345	396	14621
1571000	1842	-67888	399	14719
1581000	1790	-67438	393	14818
1591000	1773	-67065	394	14900
1601000	1769	-66619	398	15000
1611000	1739	-66227	396	15089
1621000	1755	-65827	405	15180
1631000	1700	-65458	396	15267
1641000	1686	-65007	399	15373
1651000	1695	-64603	406	15469
1661000	1683	-64270	407	15549
1671000	1659	-63835	407	15655
1681000	1640	-63465	407	15746
1691000	1632	-63111	409	15834
1701000	1622	-62757	411	15924
1711000	1637	-62429	420	16007
1721000	1588	-62024	412	16112
1731000	1598	-61646	420	16211
1741000	1571	-61291	418	16305
1751000	1543	-60993	414	16385
1761000	1508	-60633	410	16483
1771000	1522	-60259	419	16585
1781000	1508	-59939	419	16673
1791000	1498	-59594	422	16770
1801000	1464	-59306	416	16851
1811000	1481	-58974	425	16946
1821000	1501	-58655	436	17038
1831000	1458	-58318	428	17137
1841000	1425	-57999	423	17231
1851000	1405	-57700	422	17321
1861000	1429	-57417	433	17406
1871000	1399	-57083	429	17508
1881000	1380	-56769	428	17605
1891000	1411	-56506	442	17686
1901000	1384	-56175	438	17791
1911000	1351	-55921	432	17872
1921000	1361	-55591	440	17978
1931000	1302	-55365	424	18052
1941000	1318	-55067	434	18149
1951000	1322	-54759	441	18251
1961000	1312	-54466	442	18349
1971000	1300	-54228	442	18430
1981000	1299	-53922	446	18534
1991000	1264	-53657	439	18627
2001000	1271	-53389	446	18720
2011000	1269	-53157	449	18801
2021000	1262	-52901	451	18893
2031000	1242	-52611	448	18997
2041000	1224	-52387	446	19078
2051000	1220	-52105	449	19181
2061000	1209	-51846	450	19278
2071000	1221	-51634	458	19356
2081000	1206	-51373	457	19455
2091000	1166	-51113	446	19554
2101000	1207	-50876	466	19645
2111000	1163	-50644	453	19735
2121000	1166	-50368	459	19843
2131000	1169	-50170	464	19921
2141000	1147	-49932	460	20017
2151000	1131	-49700	457	20110
2161000	1127	-49462	460	20207
2171000	1129	-49260	465	20290
2181000	1132	-49027	471	20386
2191000	1088	-48799	457	20482
2201000	1080	-48585	457	20572
2211000	1113	-48370	476	20663
2221000	1083	-48119	468	20771
2231000	1068	-47942	465	20848
2241000	1059	-47738	464	20937
2251000	1062	-47505	471	21040
2261000	1061	-47301	474	21130
2271000	1028	-47097	463	21223
2281000	1029	-46902	468	21311
2291000	1044	-46697	479	21404
2301000	1019	-46460	472	21513
2311000	1017	-46291	475	21592
2321000	1014	-46107	477	21678
2331000	1004	-45866	477	21792
2341000	991	-45690	475	21876
2351000	991	-45494	479	21971
2361000	994	-45311	484	22059
2371000	969	-45116	476	22155
2381000	978	-44927	484	22248
2391000	968	-44762	483	22330
2401000	958	-44564	482	22429
2411000	970	-44380	492	22522
2421000	953	-44207	488	22611
2431000	945	-44010	487	22712
2441000	944	-43840	491	22800
2451000	932	-43651	489	22899
2461000	924	-43473	488	22992
2471000	911	-43293	486	23088
2481000	938	-43134	504	23172
2491000	910	-42969	493	23262
2501000	889	-42768	486	23372
2511000	913	-42601	503	23463
2521000	897	-42462	498	23540
2531000	911	-42293	509	23633
2541000	890	-42103	502	23741
2551000	886	-41946	503	23830
2561000	874	-41772	501	23929
2571000	862	-41621	497	24016
2581000	839	-41458	488	24111
2591000	852	-41323	499	24189
2601000	851	-41145	503	24294
2611000	850	-40997	506	24382
2621000	851	-40820	510	24487
2631000	831	-40694	501	24563
2641000	839	-40529	511	24663
2651000	829	-40363	508	24765
2661000	822	-40209	508	24860
2671000	821	-40071	511	24945
2681000	806	-39926	506	25036
2691000	825	-39772	521	25132
2701000	805	-39629	513	25224
2711000	821	-39492	526	25311
2721000	803	-39326	519	25418
2731000	791	-39199	515	25501
2741000	781	-39044	512	25602
2751000	776	-38903	512	25695
2761000	781	-38755	520	25793
2771000	774	-38645	518	25866
2781000	787	-38490	531	25970
2791000	772	-38351	525	26064
2801000	783	-38232	535	26145
2811000	763	-38085	526	26246
2821000	746	-37955	517	26337
2831000	754	-37816	527	26433
2841000	753	-37685	530	26525
2851000	756	-37535	536	26631
2861000	733	-37441	523	26698
2871000	748	-37292	537	26805
2881000	734	-37165	531	26897
2891000	745	-37048	542	26981
2901000	717	-36902	526	27088
2911000	737	-36779	544	27178
2921000	702	-36631	523	27289
2931000	730	-36516	547	27374
2941000	704	-36394	531	27467
2951000	703	-36288	534	27547
2961000	700	-36167	535	27639
2971000	706	-36031	544	27743
2981000	691	-35922	535	27828
2991000	701	-35794	547	27927
3001000	694	-35686	545	28011
3011000	683	-35558	540	28113
3021000	692	-35420	551	28222
3031000	689	-35307	553	28313
3041000	668	-35214	538	28387
3051000	676	-35102	548	28478
3061000	667	-34979	545	28578
3071000	660	-34861	543	28675
3081000	654	-34748	542	28769
3091000	662	-34656	551	28845
3101000	649	-34519	545	28959
3111000	657	-34420	554	29042
3121000	647	-34302	549	29142
3131000	648	-34213	554	29219
3141000	645	-34096	555	29319
3151000	649	-33980	562	29418
3161000	659	-33880	574	29505
3171000	639	-33776	560	29596
3181000	628	-33665	554	29694
3191000	614	-33552	545	29795
3201000	619	-33465	553	29872
3211000	617	-33337	555	29986
3221000	620	-33257	560	30059
3231000	626	-33136	570	30168
3241000	615	-33026	564	30269
3251000	609	-32915	562	30371
3261000	612	-32842	567	30439
3271000	596	-32740	556	30534
3281000	612	-32635	575	30631
3291000	600	-32546	566	30715
3301000	602	-32437	571	30818
3311000	597	-32355	570	30896
3321000	581	-32251	558	30997
3331000	587	-32158	568	31086
3341000	581	-32039	566	31201
3351000	592	-31961	579	31277
3361000	583	-31865	574	31372
3371000	585	-31744	580	31491
3381000	578	-31661	577	31574
3391000	576	-31584	578	31651
3401000	568	-31489	573	31746
3411000	580	-31397	588	31839
3421000	566	-31311	577	31927
3431000	563	-31207	577	32034
3441000	555	-31110	573	32133
3451000	557	-31021	579	32226
3461000	569	-30938	594	32311
3471000	554	-30842	582	32413
3481000	567	-30769	598	32489
3491000	547	-30693	580	32571
3501000	561	-30585	600	32685
3511000	554	-30493	595	32783
3521000	541	-30401	585	32884
3531000	526	-30332	572	32959
3541000	545	-30249	596	33048
3551000	531	-30148	584	33159
3561000	535	-30070	591	33245
3571000	553	-30000	614	33322
3581000	534	-29919	596	33412
3591000	531	-29814	598	33531
3601000	529	-29747	597	33606
3611000	517	-29656	587	33709
3621000	507	-29578	579	33798
3631000	524	-29482	602	33909
3641000	509	-29403	589	34000
3651000	496	-29323	577	34094
3661000	523	-29253	611	34173
3671000	507	-29175	596	34266
3681000	519	-29086	614	34370
3691000	515	-29020	612	34448
3701000	511	-28931	610	34554
3711000	500	-28862	600	34637
3721000	499	-28775	603	34742
3731000	499	-28698	606	34835
3741000	494	-28634	602	34914
3751000	504	-28549	618	35016
3761000	508	-28466	627	35119
3771000	501	-28393	621	35209
3781000	486	-28323	606	35297
3791000	494	-28238	620	35402
3801000	474	-28173	596	35485
3811000	482	-28092	610	35587
3821000	477	-28008	608	35693
3831000	483	-27951	618	35766
3841000	489	-27882	629	35855
3851000	482	-27818	623	35938
3861000	492	-27720	640	36064
3871000	472	-27659	616	36145
3881000	459	-27572	604	36259
3891000	462	-27516	610	36332
3901000	477	-27457	632	36409
3911000	469	-27371	625	36525
3921000	454	-27306	608	36612
3931000	476	-27238	642	36703
3941000	461	-27184	624	36776
3951000	460	-27094	627	36898
3961000	463	-27025	634	36991
3971000	451	-26949	621	37097
3981000	451	-26886	624	37184
3991000	455	-26833	632	37257
4001000	450	-26754	629	37368
4011000	460	-26693	645	37452
4021000	446	-26625	628	37548
4031000	450	-26564	638	37634
4041000	447	-26490	637	37740
4051000	444	-26418	636	37842
4061000	442	-26366	635	37917
4071000	444	-26290	642	38026
4081000	427	-26234	620	38108
4091000	447	-26160	654	38216
4101000	434	-26080	638	38333
4111000	426	-26027	629	38411
4121000	443	-25958	658	38513
4131000	444	-25906	661	38590
4141000	447	-25843	669	38684
4151000	433	-25790	651	38763
4161000	424	-25717	641	38875
4171000	421	-25656	640	38967
4181000	428	-25600	652	39052
4191000	422	-25536	647	39150
4201000	420	-25481	647	39235
4211000	418	-25409	647	39345
4221000	415	-25361	645	39421
4231000	417	-25296	652	39521
4241000	421	-25224	662	39634
4251000	407	-25174	643	39713
4261000	411	-25104	651	39823
4271000	409	-25055	651	39901
4281000	408	-24999	653	39991
4291000	404	-24927	651	40107
4301000	399	-24888	644	40170
4311000	404	-24826	656	40269
4321000	412	-24774	671	40353
4331000	402	-24696	659	40481
4341000	417	-24636	687	40580
4351000	400	-24597	660	40644
4361000	404	-24529	672	40757
4371000	402	-24474	671	40848
4381000	399	-24417	669	40945
4391000	391	-24360	659	41040
4401000	396	-24319	669	41109
4411000	401	-24245	682	41234
4421000	395	-24187	674	41333
4431000	401	-24132	688	41427
4441000	386	-24082	666	41515
4451000	386	-24036	668	41593
4461000	382	-23971	664	41707
4471000	385	-23923	673	41791
4481000	395	-23863	694	41894
4491000	385	-23809	679	41990
4501000	381	-23773	674	42053
4511000	381	-23712	678	42162
4521000	373	-23657	667	42261
4531000	379	-23598	681	42366
4541000	388	-23550	699	42451
4551000	383	-23505	694	42532
4561000	382	-23449	695	42635
4571000	372	-23400	679	42724
4581000	369	-23342	677	42830
4591000	374	-23291	690	42925
4601000	376	-23246	696	43008
4611000	359	-23183	668	43124
4621000	367	-23152	684	43182
4631000	364	-23099	683	43282
4641000	367	-23040	692	43391
4651000	368	-22989	696	43488
4661000	365	-22928	694	43603
4671000	363	-22889	692	43678
4681000	362	-22851	692	43751
4691000	369	-22789	710	43869
4701000	355	-22743	686	43959
4711000	352	-22688	683	44066
4721000	370	-22652	721	44134
4731000	365	-22603	714	44230
4741000	356	-22545	700	44344
4751000	354	-22503	698	44428
4761000	355	-22461	703	44510
4771000	355	-22406	707	44619
4781000	341	-22357	683	44718
4791000	353	-22317	709	44797
4801000	357	-22260	721	44911
4811000	357	-22222	722	44989
4821000	347	-22161	706	45114
4831000	354	-22128	724	45181
4841000	351	-22080	720	45278
4851000	346	-22028	713	45386
4861000	349	-21983	722	45477
4871000	352	-21932	732	45583
4881000	349	-21895	729	45661
4891000	338	-21860	707	45734
4901000	341	-21806	717	45847
4911000	339	-21753	717	45959
4921000	346	-21719	732	46031
4931000	338	-21670	720	46136
4941000	343	-21622	733	46237
4951000	351	-21581	753	46324
4961000	348	-21527	751	46442
4971000	339	-21493	733	46515
4981000	330	-21441	718	46628
4991000	335	-21404	731	46708
5001000	320	-21367	700	46791
5011000	323	-21326	710	46881
5021000	333	-21272	735	46998
5031000	335	-21236	742	47078
5041000	328	-21181	732	47202
5051000	340	-21155	758	47257
5061000	325	-21113	729	47354
5071000	319	-21063	718	47465
5081000	332	-21013	752	47579
5091000	326	-20974	742	47667
5101000	325	-20934	743	47758
5111000	323	-20895	740	47847
5121000	326	-20848	750	47954
5131000	334	-20807	772	48048
5141000	331	-20768	768	48139
5151000	323	-20718	753	48257
5161000	318	-20693	742	48313
5171000	323	-20655	757	48402
5181000	323	-20604	760	48523
5191000	317	-20564	748	48617
5201000	322	-20530	763	48698
5211000	311	-20477	741	48824
5221000	321	-20441	767	48909
5231000	322	-20413	773	48976
5241000	317	-20362	764	49100
5251000	305	-20322	738	49197
5261000	304	-20292	738	49270
5271000	302	-20248	736	49377
5281000	310	-20206	760	49478
5291000	311	-20177	763	49551
5301000	303	-20133	747	49658
5311000	304	-20095	752	49753
5321000	298	-20059	741	49842
5331000	304	-20020	759	49939
5341000	313	-19980	785	50037
5351000	310	-19955	778	50100
5361000	310	-19901	782	50236
5371000	303	-19859	767	50342
5381000	307	-19838	781	50397
5391000	299	-19792	763	50513
5401000	304	-19749	779	50623
5411000	299	-19725	767	50685
5421000	294	-19682	759	50797
5431000	296	-19644	768	50894
5441000	294	-19613	764	50974
5451000	295	-19569	769	51089
5461000	297	-19526	778	51203
5471000	303	-19497	796	51277
5481000	298	-19461	788	51373
5491000	288	-19423	764	51475
5501000	290	-19397	770	51543
5511000	282	-19347	753	51675
5521000	285	-19321	763	51746
5531000	297	-19287	797	51837
5541000	291	-19247	787	51945
5551000	290	-19212	785	52040
5561000	291	-19176	790	52135
5571000	289	-19129	789	52264
5581000	286	-19106	783	52327
5591000	285	-19072	784	52420
5601000	287	-19030	794	52538
5611000	288	-18989	798	52649
5621000	295	-18961	820	52727
5631000	286	-18916	800	52852
5641000	292	-18896	819	52908
5651000	280	-18872	785	52976
5661000	293	-18835	825	53080
5671000	282	-18797	798	53189
5681000	286	-18763	812	53283
5691000	283	-18730	807	53379
5701000	284	-18692	813	53485
5711000	273	-18661	784	53577
5721000	275	-18636	791	53649
5731000	277	-18595	802	53766
5741000	268	-18562	777	53864
5751000	278	-18534	808	53943
5761000	279	-18489	817	54074
5771000	281	-18469	824	54133
5781000	277	-18431	816	54243
5791000	288	-18402	849	54328
5801000	275	-18368	815	54430
5811000	269	-18338	800	54520
5821000	271	-18303	809	54624
5831000	269	-18273	804	54713
5841000	269	-18246	807	54794
5851000	264	-18221	796	54871
5861000	265	-18178	801	55001
5871000	260	-18142	789	55110
5881000	264	-18116	803	55189
5891000	264	-18074	809	55315
5901000	267	-18047	819	55398
5911000	265	-18012	816	55508
5921000	263	-17993	812	55566
5931000	268	-17954	832	55685
5941000	264	-17921	823	55787
5951000	265	-17903	828	55844
5961000	265	-17858	831	55985
5971000	265	-17829	832	56076
5981000	270	-17800	851	56168
5991000	267	-17773	844	56252
6001000	263	-17734	838	56378
6011000	266	-17709	848	56456
6021000	271	-17682	866	56540
6031000	263	-17645	846	56662
6041000	266	-17622	857	56734
6051000	258	-17596	833	56819
6061000	258	-17562	837	56930
6071000	256	-17537	832	57011
6081000	260	-17504	848	57117
6091000	256	-17477	839	57206
6101000	254	-17442	834	57320
6111000	259	-17417	853	57402
6121000	259	-17386	857	57504
6131000	250	-17356	831	57604
6141000	248	-17327	824	57702
6151000	243	-17296	813	57807
6161000	241	-17273	806	57882
6171000	243	-17239	817	57998
6181000	246	-17218	829	58067
6191000	247	-17193	835	58151
6201000	244	-17159	827	58267
6211000	237	-17133	808	58356
6221000	239	-17102	816	58462
6231000	246	-17076	844	58551
6241000	236	-17042	814	58667
6251000	238	-17017	822	58752
6261000	247	-16989	857	58848
6271000	244	-16968	846	58924
6281000	242	-16932	844	59046
6291000	239	-16900	837	59159
6301000	248	-16879	871	59232
6311000	236	-16839	833	59374
6321000	242	-16825	855	59424
6331000	242	-16785	858	59564
6341000	250	-16772	889	59610
6351000	245	-16742	875	59716
6361000	249	-16721	890	59793
6371000	245	-16693	878	59892
6381000	240	-16652	865	60040
6391000	241	-16627	873	60132
6401000	239	-16608	868	60198
6411000	238	-16583	864	60292
6421000	239	-16552	874	60403
6431000	237	-16519	868	60525
6441000	229	-16494	842	60618
6451000	231	-16479	851	60671
6461000	226	-16447	836	60790
6471000	225	-16420	834	60889
6481000	216	-16395	803	60984
6491000	233	-16377	870	61048
6501000	227	-16339	851	61193
6511000	228	-16317	856	61274
6521000	227	-16296	853	61352
6531000	226	-16274	854	61437
6541000	220	-16239	833	61569
6551000	227	-16213	865	61667
6561000	229	-16193	872	61744
6571000	221	-16166	847	61847
6581000	226	-16139	866	61951
6591000	222	-16107	856	62073
6601000	225	-16093	867	62126
6611000	224	-16060	869	62255
6621000	220	-16038	854	62340
6631000	226	-16013	881	62436
6641000	220	-15994	858	62511
6651000	223	-15966	876	62620
6661000	224	-15953	880	62673
6671000	228	-15920	901	62802
6681000	225	-15903	889	62869
6691000	221	-15867	876	63011
6701000	214	-15842	854	63110
6711000	222	-15822	888	63190
6721000	225	-15801	900	63273
6731000	224	-15773	901	63388
6741000	222	-15745	895	63500
6751000	216	-15716	876	63617
6761000	225	-15699	911	63687
6771000	222	-15671	902	63799
6781000	221	-15657	901	63857
6791000	215	-15641	878	63921
6801000	221	-15616	904	64025
6811000	220	-15583	907	64160
6821000	215	-15559	888	64261
6831000	221	-15539	914	64340
6841000	222	-15519	923	64426
6851000	222	-15487	923	64556
6861000	217	-15461	907	64667
6871000	211	-15438	884	64765
6881000	214	-15421	901	64836
6891000	217	-15394	916	64946
6901000	218	-15375	922	65030
6911000	213	-15342	905	65166
6921000	213	-15329	906	65222
6931000	208	-15307	889	65320
6941000	210	-15273	901	65461
6951000	214	-15262	917	65510
6961000	214	-15235	923	65624
6971000	215	-15219	926	65695
6981000	203	-15191	881	65817
6991000	209	-15164	910	65933
7001000	206	-15140	898	66037
7011000	209	-15128	914	66089
7021000	205	-15096	899	66229
7031000	211	-15081	929	66296
7041000	214	-15057	944	66399
7051000	205	-15043	908	66463
7061000	212	-15018	941	66574
7071000	204	-14996	906	66672
7081000	203	-14966	908	66806
7091000	210	-14948	939	66886
7101000	206	-14925	925	66991
7111000	206	-14897	929	67113
7121000	205	-14881	926	67189
7131000	207	-14859	936	67284
7141000	211	-14845	958	67348
7151000	198	-14818	902	67472
7161000	204	-14798	930	67564
7171000	199	-14779	909	67653
7181000	203	-14760	932	67739
7191000	202	-14731	931	67871
7201000	194	-14712	896	67961
7211000	198	-14686	919	68080
7221000	202	-14663	939	68186
7231000	202	-14652	942	68238
7241000	201	-14629	940	68345
7251000	199	-14602	934	68472
7261000	194	-14583	913	68559
7271000	196	-14569	923	68628
7281000	195	-14544	922	68744
7291000	201	-14528	952	68817
7301000	198	-14515	941	68882
7311000	197	-14501	937	68950
7321000	199	-14466	949	69116
7331000	198	-14436	951	69260
7341000	196	-14428	941	69297
7351000	201	-14400	968	69432
7361000	204	-14388	987	69487
7371000	195	-14357	947	69637
7381000	187	-14338	908	69731
7391000	196	-14319	958	69822
7401000	197	-14299	962	69919
7411000	199	-14287	973	69980
7421000	197	-14259	970	70118
7431000	195	-14233	962	70244
7441000	195	-14208	968	70370
7451000	196	-14200	971	70410
7461000	198	-14179	985	70511
7471000	192	-14152	957	70648
7481000	200	-14141	1002	70703
7491000	199	-14125	1000	70784
7501000	204	-14106	1024	70878
7511000	195	-14078	985	71019
7521000	195	-14055	989	71133
7531000	193	-14038	981	71222
7541000	196	-14023	996	71296
7551000	202	-14013	1026	71349
7561000	193	-13978	986	71525
7571000	197	-13962	1008	71609
7581000	189	-13940	973	71721
7591000	187	-13923	964	71812
7601000	190	-13914	983	71857
7611000	186	-13883	964	72018
7621000	183	-13868	951	72097
7631000	177	-13848	921	72200
7641000	184	-13838	963	72251
7651000	180	-13815	946	72372
7661000	181	-13792	949	72493
7671000	185	-13778	976	72566
7681000	180	-13756	951	72684
7691000	186	-13745	984	72740
7701000	185	-13730	981	72818
7711000	177	-13704	944	72959
7721000	181	-13685	965	73062
7731000	189	-13662	1013	73181
7741000	190	-13652	1019	73235
7751000	186	-13628	999	73363
7761000	187	-13605	1008	73488
7771000	187	-13593	1012	73556
7781000	187	-13569	1016	73682
7791000	189	-13560	1030	73730
7801000	189	-13544	1028	73818
7811000	183	-13516	1004	73972
7821000	182	-13499	1001	74066
7831000	180	-13475	990	74199
7841000	181	-13469	998	74232
7851000	186	-13447	1030	74352
7861000	184	-13423	1021	74486
7871000	183	-13407	1018	74572
7881000	183	-13391	1018	74666
7891000	186	-13377	1040	74743
7901000	191	-13353	1072	74874
7911000	192	-13329	1081	75010
7921000	188	-13316	1060	75080
7931000	189	-13304	1065	75150
7941000	192	-13290	1089	75230
7951000	187	-13273	1059	75326
7961000	179	-13246	1018	75482
7971000	186	-13228	1063	75584
7981000	183	-13214	1046	75665
7991000	181	-13199	1036	75748
8001000	182	-13188	1048	75810
8011000	178	-13162	1028	75960
8021000	177	-13148	1024	76041
8031000	175	-13127	1013	76163
8041000	179	-13112	1039	76250
8051000	183	-13103	1067	76304
8061000	180	-13083	1054	76423
8071000	180	-13059	1055	76559
8081000	180	-13051	1057	76609
8091000	179	-13033	1051	76716
8101000	186	-13019	1098	76797
8111000	187	-13005	1107	76879
8121000	177	-12979	1051	77033
8131000	174	-12958	1036	77160
8141000	170	-12940	1017	77267
8151000	175	-12926	1044	77351
8161000	174	-12918	1041	77398
8171000	165	-12886	996	77589
8181000	166	-12874	1003	77662
8191000	168	-12864	1014	77726
8201000	169	-12850	1023	77809
8211000	172	-12837	1041	77883
8221000	167	-12815	1014	78021
8231000	170	-12799	1035	78117
8241000	172	-12776	1053	78256
8251000	172	-12755	1054	78386
8261000	178	-12744	1093	78452
8271000	178	-12727	1099	78556
8281000	176	-12706	1089	78685
8291000	181	-12702	1120	78715
8301000	182	-12686	1130	78814
8311000	183	-12669	1142	78917
8321000	179	-12655	1117	79006
8331000	176	-12636	1105	79124
8341000	171	-12614	1073	79265
8351000	169	-12599	1062	79359
8361000	166	-12583	1047	79457
8371000	170	-12576	1077	79500
8381000	170	-12559	1078	79607
8391000	166	-12540	1055	79730
8401000	166	-12525	1056	79829
8411000	169	-12510	1077	79923
8421000	163	-12490	1043	80050
8431000	172	-12477	1102	80130
8441000	173	-12465	1113	80207
8451000	167	-12445	1080	80341
8461000	172	-12429	1112	80442
8471000	164	-12414	1067	80540
8481000	166	-12398	1077	80643
8491000	172	-12387	1122	80713
8501000	167	-12364	1095	80866
8511000	161	-12343	1056	81002
8521000	166	-12337	1091	81040
8531000	172	-12324	1132	81129
8541000	177	-12303	1167	81264
8551000	177	-12297	1172	81301
8561000	178	-12274	1180	81454
8571000	177	-12259	1175	81553
8581000	177	-12246	1177	81645
8591000	172	-12229	1152	81759
8601000	170	-12216	1137	81842
8611000	171	-12201	1147	81942
8621000	168	-12178	1135	82098
8631000	167	-12169	1129	82163
8641000	168	-12159	1136	82226
8651000	169	-12147	1146	82307
8661000	167	-12129	1135	82433
8671000	170	-12122	1156	82480
8681000	164	-12102	1122	82614
8691000	163	-12084	1119	82738
8701000	158	-12060	1087	82902
8711000	163	-12049	1122	82981
8721000	165	-12039	1138	83051
8731000	165	-12031	1138	83105
8741000	161	-12007	1117	83267
8751000	161	-11995	1117	83351
8761000	159	-11986	1110	83415
8771000	153	-11965	1071	83560
8781000	157	-11957	1099	83617
8791000	162	-11950	1133	83670
8801000	158	-11929	1110	83816
8811000	155	-11911	1096	83943
8821000	153	-11893	1081	84069
8831000	156	-11876	1104	84187
8841000	159	-11869	1129	84237
8851000	162	-11857	1152	84321
8861000	159	-11830	1133	84516
8871000	158	-11816	1133	84617
8881000	160	-11803	1147	84710
8891000	155	-11791	1115	84799
8901000	154	-11781	1111	84868
8911000	158	-11774	1141	84914
8921000	152	-11756	1100	85046
8931000	149	-11738	1078	85176
8941000	151	-11731	1097	85233
8951000	146	-11713	1066	85362
8961000	149	-11701	1091	85446
8971000	153	-11693	1118	85509
8981000	155	-11675	1139	85641
8991000	148	-11652	1087	85806
9001000	151	-11641	1112	85888
9011000	156	-11629	1153	85975
9021000	151	-11616	1121	86077
9031000	153	-11606	1136	86148
9041000	156	-11595	1161	86227
9051000	150	-11576	1119	86369
9061000	152	-11562	1137	86472
9071000	151	-11551	1131	86558
9081000	153	-11532	1150	86703
9091000	154	-11524	1158	86760
9101000	157	-11512	1188	86853
9111000	157	-11490	1189	87016
9121000	154	-11473	1171	87143
9131000	157	-11465	1193	87203
9141000	156	-11455	1191	87285
9151000	152	-11448	1162	87339
9161000	153	-11436	1169	87428
9171000	148	-11426	1132	87508
9181000	144	-11406	1103	87660
9191000	143	-11394	1105	87752
9201000	142	-11379	1093	87865
9211000	140	-11358	1087	88028
9221000	144	-11353	1120	88065
9231000	147	-11342	1141	88150
9241000	148	-11318	1156	88337
9251000	144	-11304	1129	88447
9261000	147	-11296	1155	88510
9271000	152	-11294	1195	88526
9281000	150	-11283	1179	88613
9291000	149	-11269	1177	88726
9301000	146	-11254	1154	88846
9311000	144	-11239	1144	88965
9321000	145	-11220	1151	89111
9331000	149	-11206	1187	89220
9341000	148	-11191	1180	89342
9351000	153	-11176	1222	89461
9361000	156	-11166	1250	89539
9371000	159	-11156	1273	89619
9381000	151	-11141	1219	89742
9391000	147	-11123	1191	89885
9401000	149	-11114	1208	89961
9411000	145	-11100	1176	90074
9421000	143	-11093	1166	90132
9431000	146	-11085	1192	90199
9441000	149	-11077	1212	90257
9451000	142	-11053	1164	90460
9461000	140	-11041	1149	90553
9471000	136	-11021	1117	90719
9481000	135	-11009	1117	90817
9491000	140	-11002	1157	90874
9501000	145	-10996	1202	90924
9511000	149	-10985	1237	91020
9521000	141	-10963	1173	91200
9531000	137	-10955	1145	91266
9541000	143	-10947	1190	91338
9551000	142	-10925	1186	91521
9561000	143	-10909	1205	91654
9571000	153	-10908	1288	91659
9581000	157	-10898	1321	91744
9591000	154	-10880	1301	91895
9601000	150	-10863	1271	92034
9611000	152	-10855	1290	92107
9621000	148	-10839	1256	92239
9631000	146	-10829	1247	92325
9641000	146	-10825	1246	92360
9651000	149	-10816	1269	92437
9661000	141	-10794	1213	92624
9671000	141	-10781	1215	92738
9681000	147	-10775	1270	92792
9691000	150	-10763	1295	92894
9701000	148	-10749	1280	93014
9711000	145	-10737	1256	93115
9721000	150	-10733	1299	93149
9731000	144	-10719	1251	93276
9741000	140	-10705	1218	93396
9751000	139	-10693	1215	93507
9761000	132	-10675	1160	93660
9771000	129	-10666	1130	93743
9781000	134	-10657	1178	93816
9791000	141	-10645	1245	93922
9801000	141	-10629	1248	94062
9811000	142	-10616	1264	94183
9821000	143	-10604	1274	94290
9831000	146	-10597	1302	94351
9841000	144	-10583	1285	94478
9851000	141	-10569	1263	94599
9861000	142	-10563	1270	94656
9871000	147	-10559	1316	94690
9881000	137	-10544	1234	94824
9891000	134	-10533	1210	94924
9901000	133	-10524	1203	95003
9911000	133	-10515	1200	95085
9921000	130	-10504	1179	95190
9931000	135	-10493	1227	95290
9941000	138	-10482	1256	95384
9951000	138	-10465	1260	95536
9961000	136	-10443	1246	95738
9971000	137	-10438	1256	95786
9981000	139	-10428	1275	95874
9991000	133	-10416	1223	95989
10001000	129	-10405	1191	96093
10011000	134	-10397	1241	96161
10021000	143	-10387	1323	96259
10031000	144	-10370	1340	96417
10041000	143	-10353	1332	96574
10051000	143	-10342	1340	96675
10061000	139	-10327	1308	96813
10071000	137	-10316	1285	96923
10081000	137	-10313	1286	96946
10091000	141	-10307	1330	97003
10101000	139	-10296	1312	97108
10111000	131	-10281	1241	97250
10121000	135	-10271	1279	97349
10131000	137	-10267	1299	97383
10141000	144	-10259	1368	97456
10151000	143	-10250	1362	97542
10161000	142	-10237	1354	97669
10171000	139	-10227	1331	97766
10181000	135	-10209	1297	97937
10191000	128	-10197	1228	98054
10201000	126	-10187	1210	98147
10211000	127	-10177	1221	98245
10221000	126	-10163	1220	98377
10231000	125	-10156	1215	98452
10241000	131	-10152	1271	98486
10251000	135	-10137	1309	98627
10261000	130	-10118	1270	98815
10271000	133	-10102	1298	98970
10281000	135	-10095	1321	99046
10291000	138	-10086	1354	99129
10301000	134	-10075	1321	99235
10311000	140	-10069	1378	99297
10321000	139	-10061	1369	99380
10331000	135	-10051	1335	99479
10341000	134	-10038	1328	99607
10351000	130	-10022	1291	99763
10361000	129	-10014	1281	99844
10371000	126	-10002	1256	99967
10381000	125	-9987	1248	100112
10391000	127	-9980	1277	100186
10401000	130	-9973	1305	100250
10411000	138	-9965	1387	100337
10421000	134	-9952	1352	100464
10431000	126	-9934	1273	100648
10441000	125	-9929	1267	100696
10451000	130	-9928	1317	100707
10461000	132	-9919	1341	100797
10471000	131	-9908	1329	100915
10481000	134	-9896	1370	101033
10491000	141	-9887	1443	101124
10501000	133	-9876	1359	101234
10511000	126	-9859	1293	101414
10521000	127	-9849	1304	101517
10531000	130	-9842	1345	101588
10541000	125	-9831	1292	101703
10551000	125	-9824	1299	101780
10561000	123	-9820	1270	101819
10571000	122	-9810	1265	101920
10581000	121	-9802	1254	102008
10591000	117	-9784	1223	102195
10601000	119	-9772	1242	102321
10611000	119	-9761	1250	102434
10621000	120	-9746	1266	102594
10631000	119	-9733	1261	102727
10641000	118	-9725	1246	102809
10651000	119	-9719	1261	102875
10661000	123	-9715	1302	102919
10671000	124	-9709	1319	102984
10681000	117	-9695	1245	103134
10691000	120	-9683	1279	103255
10701000	118	-9670	1263	103394
10711000	117	-9656	1258	103544
10721000	120	-9641	1296	103705
10731000	127	-9638	1372	103739
10741000	129	-9633	1388	103788
10751000	129	-9624	1395	103886
10761000	124	-9611	1339	104033
10771000	117	-9597	1273	104182
10781000	120	-9594	1298	104214
10791000	123	-9589	1342	104265
10801000	122	-9582	1328	104344
10811000	118	-9573	1283	104444
10821000	117	-9562	1281	104560
10831000	119	-9558	1307	104604
10841000	128	-9552	1400	104676
10851000	121	-9533	1326	104885
10861000	119	-9518	1308	105049
10871000	122	-9512	1350	105110
10881000	121	-9499	1340	105261
10891000	122	-9486	1357	105400
10901000	119	-9474	1328	105530
10911000	120	-9469	1342	105590
10921000	126	-9461	1404	105674
10931000	127	-9450	1421	105801
10941000	122	-9432	1369	106008
10951000	120	-9426	1347	106071
10961000	124	-9415	1400	106192
10971000	125	-9414	1406	106201
10981000	124	-9408	1403	106271
10991000	120	-9398	1357	106384
11001000	118	-9391	1343	106465
11011000	123	-9384	1394	106547
11021000	121	-9378	1374	106615
11031000	116	-9366	1323	106749
11041000	115	-9354	1312	106895
11051000	117	-9342	1340	107022
11061000	116	-9332	1332	107137
11071000	111	-9313	1274	107357
11081000	113	-9307	1308	107428
11091000	116	-9303	1341	107478
11101000	118	-9297	1369	107541
11111000	120	-9288	1389	107644
11121000	111	-9275	1290	107799
11131000	110	-9264	1286	107932
11141000	111	-9259	1300	107990
11151000	116	-9247	1355	108123
11161000	120	-9237	1404	108240
11171000	123	-9219	1441	108449
11181000	120	-9209	1409	108568
11191000	126	-9205	1484	108616
11201000	128	-9200	1508	108675
11211000	123	-9188	1455	108822
11221000	117	-9180	1385	108920
11231000	118	-9174	1406	108983
11241000	117	-9166	1395	109080
11251000	115	-9156	1371	109199
11261000	111	-9147	1323	109307
11271000	112	-9144	1341	109344
11281000	116	-9136	1390	109440
11291000	123	-9129	1474	109521
11301000	120	-9114	1447	109703
11311000	115	-9098	1384	109902
11321000	112	-9087	1359	110030
11331000	113	-9083	1375	110078
11341000	114	-9077	1389	110153
11351000	111	-9064	1351	110306
11361000	113	-9055	1373	110414
11371000	115	-9047	1408	110513
11381000	115	-9045	1411	110536
11391000	123	-9038	1501	110620
11401000	117	-9026	1431	110770
11411000	117	-9014	1443	110922
11421000	119	-9006	1465	111016
11431000	116	-8995	1429	111155
11441000	112	-8985	1393	111281
11451000	109	-8977	1351	111374
11461000	108	-8971	1346	111457
11471000	111	-8968	1378	111487
11481000	110	-8961	1368	111573
11491000	108	-8953	1343	111673
11501000	106	-8941	1325	111823
11511000	103	-8930	1297	111973
11521000	111	-8922	1396	112060
11531000	114	-8913	1431	112171
11541000	118	-8909	1483	112227
11551000	121	-8902	1524	112308
11561000	122	-8900	1538	112337
11571000	120	-8890	1518	112465
11581000	115	-8883	1461	112557
11591000	112	-8872	1417	112696
11601000	112	-8862	1431	112827
11611000	107	-8846	1370	113024
11621000	110	-8836	1414	113152
11631000	115	-8826	1474	113281
11641000	114	-8818	1461	113384
11651000	116	-8805	1492	113547
11661000	117	-8803	1509	113582
11671000	117	-8800	1506	113620
11681000	116	-8793	1502	113710
11691000	115	-8786	1491	113802
11701000	109	-8773	1420	113967
11711000	103	-8760	1343	114136
11721000	101	-8754	1322	114219
11731000	102	-8753	1325	114235
11741000	102	-8745	1338	114334
11751000	105	-8736	1381	114458
11761000	105	-8725	1381	114600
11771000	115	-8716	1520	114713
11781000	113	-8707	1497	114827
11791000	118	-8703	1552	114888
11801000	116	-8688	1534	115084
11811000	110	-8680	1464	115182
11821000	113	-8669	1505	115331
11831000	113	-8664	1500	115402
11841000	112	-8653	1500	115554
11851000	110	-8637	1471	115764
11861000	111	-8625	1492	115928
11871000	115	-8621	1542	115970
11881000	120	-8615	1610	116052
11891000	119	-8611	1606	116102
11901000	114	-8604	1540	116208
11911000	113	-8598	1526	116289
11921000	109	-8587	1478	116435
11931000	110	-8583	1486	116491
11941000	110	-8577	1496	116569
11951000	114	-8569	1558	116677
11961000	113	-8563	1547	116756
11971000	115	-8555	1577	116869
11981000	116	-8547	1588	116982
11991000	116	-8539	1587	117082
12001000	116	-8529	1601	117229
12011000	111	-8522	1531	117327
12021000	106	-8510	1465	117495
12031000	106	-8505	1468	117566
12041000	104	-8500	1443	117633
12051000	106	-8488	1473	117800
12061000	103	-8480	1436	117908
12071000	102	-8473	1416	118003
12081000	108	-8462	1503	118160
12091000	109	-8460	1522	118180
12101000	118	-8453	1644	118276
12111000	116	-8441	1629	118449
12121000	113	-8428	1596	118626
12131000	109	-8415	1541	118811
12141000	109	-8409	1541	118903
12151000	109	-8404	1549	118968
12161000	109	-8398	1545	119058
12171000	107	-8391	1514	119159
12181000	103	-8385	1470	119246
12191000	104	-8375	1480	119387
12201000	105	-8372	1504	119425
12211000	106	-8368	1512	119481
12221000	109	-8360	1557	119600
12231000	112	-8352	1610	119713
12241000	103	-8339	1485	119899
12251000	107	-8332	1545	120003
12261000	106	-8325	1531	120104
12271000	104	-8314	1498	120267
12281000	97	-8308	1412	120352
12291000	98	-8300	1421	120464
12301000	104	-8295	1508	120534
12311000	103	-8288	1502	120642
12321000	112	-8283	1636	120712
12331000	111	-8274	1615	120832
12341000	109	-8259	1597	121062
12351000	106	-8244	1564	121279
12361000	106	-8239	1567	121347
12371000	111	-8236	1629	121396
12381000	109	-8231	1603	121470
12391000	106	-8226	1573	121550
12401000	102	-8216	1509	121700
12411000	98	-8211	1450	121775
12421000	96	-8207	1428	121828
12431000	102	-8207	1509	121830
12441000	105	-8204	1554	121878
12451000	101	-8200	1499	121931
12461000	100	-8187	1492	122133
12471000	100	-8174	1503	122317
12481000	99	-8165	1492	122463
12491000	104	-8160	1557	122529
12501000	105	-8151	1583	122662
12511000	98	-8142	1473	122798
12521000	100	-8135	1507	122907
12531000	101	-8131	1530	122971
12541000	101	-8126	1531	123048
12551000	103	-8121	1567	123115
12561000	103	-8114	1558	123224
12571000	100	-8098	1530	123465
12581000	97	-8087	1477	123641
12591000	100	-8075	1535	123815
12601000	107	-8065	1641	123977
12611000	108	-8061	1661	124036
12621000	111	-8059	1712	124062
12631000	112	-8053	1732	124161
12641000	109	-8046	1689	124257
12651000	106	-8039	1645	124372
12661000	105	-8034	1628	124449
12671000	108	-8030	1672	124515
12681000	107	-8026	1661	124576
12691000	102	-8017	1583	124710
12701000	99	-8009	1544	124833
12711000	98	-8004	1534	124926
12721000	99	-7994	1550	125070
12731000	98	-7989	1537	125153
12741000	91	-7972	1430	125419
12751000	94	-7962	1480	125578
12761000	96	-7958	1518	125642
12771000	100	-7952	1579	125737
12781000	102	-7948	1615	125802
12791000	105	-7943	1664	125871
12801000	106	-7935	1676	125996
12811000	99	-7917	1573	126287
12821000	95	-7914	1521	126343
12831000	100	-7905	1606	126486
12841000	104	-7897	1659	126605
12851000	106	-7893	1702	126678
12861000	104	-7885	1676	126796
12871000	100	-7876	1619	126953
12881000	101	-7868	1631	127083
12891000	100	-7866	1623	127106
12901000	101	-7868	1626	127081
12911000	102	-7860	1644	127213
12921000	102	-7856	1649	127263
12931000	100	-7854	1619	127302
12941000	95	-7840	1545	127539
12951000	94	-7834	1532	127637
12961000	96	-7825	1573	127776
12971000	99	-7818	1618	127892
12981000	101	-7811	1647	128011
12991000	99	-7802	1626	128151
13001000	99	-7795	1621	128262
13011000	97	-7789	1604	128360
13021000	103	-7785	1706	128427
13031000	105	-7782	1729	128471
13041000	102	-7778	1678	128540
13051000	98	-7768	1626	128721
13061000	96	-7757	1596	128890
13071000	91	-7746	1524	129083
13081000	93	-7734	1557	129283
13091000	98	-7730	1641	129340
13101000	96	-7726	1605	129415
13111000	106	-7714	1779	129606
13121000	104	-7706	1743	129740
13131000	104	-7697	1762	129894
13141000	98	-7690	1655	130011
13151000	105	-7686	1779	130079
13161000	106	-7685	1795	130091
13171000	107	-7684	1816	130121
13181000	107	-7676	1818	130244
13191000	104	-7668	1762	130392
13201000	101	-7661	1713	130508
13211000	97	-7656	1651	130604
13221000	97	-7649	1655	130719
13231000	98	-7644	1669	130802
13241000	97	-7633	1667	130991
13251000	95	-7625	1638	131119
13261000	96	-7620	1651	131221
13271000	102	-7607	1763	131440
13281000	100	-7606	1722	131452
13291000	103	-7602	1790	131519
13301000	105	-7596	1812	131623
13311000	104	-7592	1801	131695
13321000	100	-7583	1734	131851
13331000	95	-7570	1658	132087
13341000	97	-7560	1694	132249
13351000	97	-7557	1692	132299
13361000	105	-7553	1840	132376
13371000	101	-7541	1782	132579
13381000	104	-7535	1832	132692
13391000	99	-7522	1745	132917
13401000	101	-7519	1788	132972
13411000	103	-7516	1824	133028
13421000	106	-7515	1871	133049
13431000	110	-7508	1952	133161
13441000	109	-7504	1932	133236
13451000	107	-7497	1907	133351
13461000	103	-7489	1828	133511
13471000	100	-7478	1784	133700
13481000	101	-7473	1803	133795
13491000	102	-7473	1830	133796
13501000	102	-7464	1836	133946
13511000	99	-7457	1786	134071
13521000	100	-7450	1798	134208
13531000	97	-7445	1747	134301
13541000	99	-7439	1785	134400
13551000	102	-7438	1841	134423
13561000	102	-7436	1839	134454
13571000	101	-7430	1835	134568
13581000	98	-7422	1777	134719
13591000	92	-7413	1665	134876
13601000	88	-7399	1603	135133
13611000	91	-7394	1658	135221
13621000	91	-7391	1664	135288
13631000	93	-7386	1698	135367
13641000	98	-7379	1803	135498
13651000	104	-7372	1917	135619
13661000	97	-7364	1798	135781
13671000	101	-7355	1874	135941
13681000	101	-7351	1865	136013
13691000	103	-7345	1918	136112
13701000	101	-7344	1866	136141
13711000	104	-7340	1933	136216
13721000	103	-7338	1911	136258
13731000	98	-7326	1822	136477
13741000	95	-7320	1766	136588
13751000	96	-7317	1786	136636
13761000	93	-7311	1742	136765
13771000	93	-7303	1736	136909
13781000	87	-7296	1637	137049
13791000	86	-7288	1615	137199
13801000	84	-7277	1590	137401
13811000	90	-7272	1705	137498
13821000	92	-7267	1739	137589
13831000	95	-7258	1803	137764
13841000	99	-7254	1881	137831
13851000	94	-7250	1785	137912
13861000	96	-7239	1831	138111
13871000	92	-7234	1756	138219
13881000	94	-7228	1796	138330
13891000	91	-7220	1742	138489
13901000	92	-7214	1759	138599
13911000	99	-7209	1912	138696
13921000	103	-7200	1989	138855
13931000	107	-7194	2060	138982
13941000	110	-7188	2121	139087
13951000	109	-7188	2111	139095
13961000	107	-7180	2077	139252
13971000	107	-7175	2080	139346
13981000	105	-7172	2033	139399
13991000	102	-7168	1992	139479
14001000	104	-7163	2035	139573
14011000	103	-7159	2019	139651
14021000	102	-7153	1985	139764
14031000	97	-7145	1904	139939
14041000	99	-7139	1932	140052
14051000	94	-7130	1855	140234
14061000	97	-7123	1905	140372
14071000	100	-7115	1977	140524
14081000	98	-7110	1943	140617
14091000	98	-7101	1950	140798
14101000	94	-7093	1866	140956
14111000	95	-7088	1882	141049
14121000	96	-7086	1918	141096
14131000	96	-7087	1907	141082
14141000	99	-7084	1968	141139
14151000	99	-7081	1966	141193
14161000	94	-7072	1874	141387
14171000	92	-7063	1842	141559
14181000	85	-7054	1712	141748
14191000	82	-7050	1659	141824
14201000	83	-7042	1668	141985
14211000	89	-7037	1807	142093
14221000	97	-7029	1961	142236
14231000	93	-7019	1880	142450
14241000	96	-7012	1943	142585
14251000	97	-7004	1967	142758
14261000	96	-6995	1965	142939
14271000	95	-6991	1947	143005
14281000	99	-6985	2021	143133
14291000	100	-6982	2056	143193
14301000	103	-6983	2114	143181
14311000	105	-6981	2149	143213
14321000	100	-6975	2065	143348
14331000	99	-6967	2042	143500
14341000	93	-6962	1916	143616
14351000	95	-6956	1955	143738
14361000	93	-6950	1931	143861
14371000	92	-6942	1900	144033
14381000	93	-6938	1922	144106
14391000	90	-6930	1883	144276
14401000	88	-6916	1842	144562
14411000	92	-6918	1929	144535
14421000	94	-6907	1967	144761
14431000	91	-6907	1900	144748
14441000	95	-6904	1985	144816
14451000	94	-6901	1974	144874
14461000	95	-6897	2004	144962
14471000	98	-6894	2068	145031
14481000	96	-6888	2014	145145
14491000	90	-6874	1895	145461
14501000	88	-6866	1874	145614
14511000	88	-6855	1867	145861
14521000	95	-6851	2030	145926
14531000	97	-6847	2061	146021
14541000	99	-6844	2108	146087
14551000	104	-6844	2225	146089
14561000	102	-6838	2179	146213
14571000	103	-6833	2202	146320
14581000	102	-6827	2195	146451
14591000	99	-6822	2137	146545
14601000	99	-6814	2141	146718
14611000	103	-6815	2227	146710
14621000	101	-6814	2180	146718
14631000	102	-6811	2207	146798
14641000	101	-6807	2180	146885
14651000	100	-6797	2168	147089
14661000	100	-6788	2172	147277
14671000	91	-6778	1971	147507
14681000	96	-6775	2094	147573
14691000	97	-6763	2130	147841
14701000	98	-6763	2151	147843
14711000	94	-6755	2059	148002
14721000	90	-6748	1968	148156
14731000	88	-6742	1935	148303
14741000	92	-6740	2031	148341
14751000	92	-6736	2034	148426
14761000	95	-6736	2094	148428
14771000	95	-6731	2101	148527
14781000	93	-6733	2049	148486
14791000	96	-6725	2116	148678
14801000	97	-6716	2160	148856
14811000	95	-6707	2113	149077
14821000	94	-6696	2100	149307
14831000	90	-6684	2009	149575
14841000	95	-6677	2135	149735
14851000	93	-6671	2091	149878
14861000	96	-6672	2166	149857
14871000	95	-6667	2140	149956
14881000	97	-6664	2174	150027
14891000	98	-6661	2210	150096
14901000	98	-6653	2210	150275
14911000	96	-6650	2171	150351
14921000	94	-6645	2132	150455
14931000	91	-6638	2055	150621
14941000	92	-6634	2084	150707
14951000	93	-6633	2123	150741
14961000	96	-6631	2174	150767
14971000	96	-6625	2179	150905
14981000	95	-6625	2175	150920
14991000	94	-6616	2143	151115
15001000	95	-6605	2170	151360
15011000	92	-6595	2116	151607
15021000	94	-6593	2156	151647
15031000	96	-6584	2213	151849
15041000	97	-6580	2243	151944
15051000	92	-6572	2131	152140
15061000	83	-6567	1932	152254
15071000	85	-6557	1982	152488
15081000	83	-6554	1933	152544
15091000	89	-6549	2075	152665
15101000	85	-6547	1983	152710
15111000	94	-6541	2194	152855
15121000	102	-6533	2378	153027
15131000	102	-6532	2386	153052
15141000	105	-6521	2474	153308
15151000	105	-6518	2476	153383
15161000	100	-6513	2351	153498
15171000	100	-6508	2368	153627
15181000	93	-6500	2204	153824
15191000	89	-6493	2118	153994
15201000	89	-6494	2118	153961
15211000	89	-6488	2117	154102
15221000	90	-6488	2142	154101
15231000	92	-6482	2194	154247
15241000	88	-6479	2108	154325
15251000	91	-6474	2171	154426
15261000	86	-6469	2062	154548
15271000	84	-6463	2005	154705
15281000	87	-6458	2089	154819
15291000	91	-6448	2189	155047
15301000	91	-6451	2178	154988
15311000	97	-6444	2340	155158
15321000	96	-6438	2325	155288
15331000	98	-6435	2370	155358
15341000	101	-6430	2447	155481
15351000	95	-6425	2301	155610
15361000	94	-6418	2289	155772
15371000	91	-6414	2216	155868
15381000	91	-6408	2224	156016
15391000	89	-6403	2163	156141
15401000	93	-6403	2277	156156
15411000	94	-6397	2296	156282
15421000	93	-6392	2264	156407
15431000	96	-6383	2359	156627
15441000	92	-6372	2259	156899
15451000	95	-6365	2337	157063
15461000	94	-6359	2317	157223
15471000	101	-6351	2516	157428
15481000	106	-6349	2620	157450
15491000	102	-6343	2542	157623
15501000	106	-6342	2627	157630
15511000	106	-6340	2646	157687
15521000	108	-6334	2697	157823
15531000	106	-6336	2638	157797
15541000	100	-6326	2507	158041
15551000	96	-6319	2414	158225
15561000	92	-6312	2311	158400
15571000	90	-6305	2261	158577
15581000	90	-6306	2273	158534
15591000	92	-6301	2326	158672
15601000	88	-6301	2207	158664
15611000	93	-6290	2339	158940
15621000	93	-6287	2351	159026
15631000	93	-6280	2355	159193
15641000	89	-6273	2263	159371
15651000	93	-6268	2355	159497
15661000	91	-6262	2314	159651
15671000	89	-6260	2274	159712
15681000	92	-6257	2358	159790
15691000	96	-6252	2453	159921
15701000	96	-6250	2453	159970
15711000	95	-6251	2435	159928
15721000	100	-6245	2551	160098
15731000	97	-6240	2489	160208
15741000	99	-6234	2556	160364
15751000	100	-6224	2573	160630
15761000	101	-6219	2604	160762
15771000	98	-6209	2538	161018
15781000	98	-6205	2545	161117
15791000	101	-6204	2625	161154
15801000	96	-6200	2484	161240
15811000	97	-6193	2526	161430
15821000	91	-6187	2381	161596
15831000	89	-6182	2329	161726
15841000	85	-6178	2238	161837
15851000	88	-6174	2302	161931
15861000	89	-6172	2344	161979
15871000	89	-6167	2343	162114
15881000	91	-6166	2389	162136
15891000	91	-6165	2389	162169
15901000	93	-6162	2453	162244
15911000	96	-6154	2534	162464
15921000	97	-6150	2559	162571
15931000	98	-6145	2599	162703
15941000	99	-6133	2632	163003
15951000	93	-6131	2472	163069
15961000	94	-6124	2519	163260
15971000	90	-6118	2411	163417
15981000	86	-6113	2290	163561
15991000	87	-6108	2320	163688
16001000	88	-6109	2350	163649
16011000	90	-6108	2421	163693
16021000	87	-6101	2342	163880
16031000	94	-6095	2528	164017
16041000	87	-6090	2335	164175
16051000	92	-6080	2495	164423
16061000	95	-6071	2564	164676
16071000	97	-6068	2632	164759
16081000	96	-6062	2615	164933
16091000	98	-6056	2667	165091
16101000	102	-6055	2777	165115
16111000	102	-6051	2772	165216
16121000	100	-6045	2745	165377
16131000	99	-6045	2714	165386
16141000	105	-6042	2889	165468
16151000	97	-6037	2660	165595
16161000	95	-6033	2605	165723
16171000	94	-6029	2596	165825
16181000	91	-6023	2497	166001
16191000	89	-6021	2465	166056
16201000	92	-6017	2536	166145
16211000	92	-6017	2534	166154
16221000	97	-6006	2688	166455
16231000	92	-6005	2563	166492
16241000	91	-6000	2515	166640
16251000	92	-5990	2565	166917
16261000	90	-5980	2507	167173
16271000	90	-5975	2516	167335
16281000	97	-5976	2726	167291
16291000	96	-5971	2703	167430
16301000	96	-5968	2708	167525
16311000	101	-5963	2829	167646
16321000	98	-5964	2762	167623
16331000	98	-5957	2766	167835
16341000	105	-5952	2966	167960
16351000	105	-5942	2963	168238
16361000	103	-5935	2913	168451
16371000	101	-5922	2873	168816
16381000	98	-5921	2803	168856
16391000	96	-5909	2748	169201
16401000	94	-5908	2681	169221
16411000	98	-5904	2809	169322
16421000	93	-5905	2672	169297
16431000	96	-5902	2743	169398
16441000	100	-5900	2862	169453
16451000	98	-5896	2814	169560
16461000	95	-5895	2723	169583
16471000	97	-5894	2796	169623
16481000	99	-5885	2852	169877
16491000	100	-5881	2883	169996
16501000	96	-5874	2773	170185
16511000	95	-5872	2762	170264
16521000	99	-5863	2882	170517
16531000	101	-5863	2944	170517
16541000	99	-5866	2873	170419
16551000	99	-5857	2873	170678
16561000	100	-5856	2916	170712
16571000	100	-5854	2916	170768
16581000	102	-5852	2966	170830
16591000	102	-5851	2980	170852
16601000	96	-5847	2815	170987
16611000	93	-5835	2745	171349
16621000	98	-5830	2873	171467
16631000	93	-5819	2732	171809
16641000	95	-5811	2813	172046
16651000	96	-5804	2840	172240
16661000	95	-5800	2832	172356
16671000	101	-5795	3017	172522
16681000	98	-5787	2940	172760
16691000	94	-5779	2808	173007
16701000	93	-5773	2781	173185
16711000	91	-5774	2717	173157
16721000	91	-5766	2746	173401
16731000	93	-5769	2802	173305
16741000	96	-5764	2878	173456
16751000	98	-5760	2941	173557
16761000	95	-5762	2856	173506
16771000	97	-5761	2913	173547
