f/Hz	Re{Y}/µS	Im{Y}/µS	Re{Z}/mOhm	Im{Z}/mOhm
1000	3099771	-303625	320	31
11000	1265151	-1310647	381	395
21000	535262	-1064858	377	750
31000	285218	-811677	385	1097
41000	170462	-640908	388	1457
51000	118628	-528338	405	1802
61000	79784	-447624	386	2165
71000	61224	-388947	395	2509
81000	47115	-341706	396	2872
91000	37384	-306188	393	3218
101000	30856	-276352	399	3574
111000	26039	-252555	404	3918
121000	21654	-232078	399	4272
131000	18790	-214255	406	4632
141000	15872	-199297	397	4986
151000	14292	-186164	410	5340
161000	12743	-174998	414	5684
171000	11421	-164430	420	6052
181000	10306	-155760	423	6392
191000	9174	-147550	420	6751
201000	8152	-140217	413	7108
211000	7659	-133569	428	7462
221000	7045	-127721	431	7806
231000	6442	-122213	430	8160
241000	6003	-117170	436	8512
251000	5509	-112497	434	8868
261000	5145	-108172	439	9224
271000	4796	-104263	440	9571
281000	4463	-100575	440	9923
291000	4182	-97080	443	10282
301000	3926	-93918	444	10629
311000	3782	-90908	457	10981
321000	3591	-87995	463	11345
331000	3382	-85403	463	11691
341000	3202	-82929	465	12041
351000	3077	-80617	473	12386
361000	2899	-78415	471	12735
371000	2753	-76286	472	13092
381000	2620	-74307	474	13441
391000	2492	-72414	475	13793
401000	2383	-70623	477	14144
411000	2328	-68876	490	14502
421000	2233	-67258	493	14852
431000	2109	-65706	488	15204
441000	2028	-64213	491	15558
451000	1982	-62844	501	15897
461000	1865	-61461	493	16256
471000	1858	-60148	513	16610
481000	1781	-58879	513	16969
491000	1704	-57707	511	17314
501000	1632	-56545	510	17670
511000	1600	-55407	521	18033
521000	1558	-54387	526	18372
531000	1511	-53370	530	18722
541000	1462	-52375	532	19078
551000	1423	-51421	538	19432
561000	1375	-50564	537	19762
571000	1340	-49676	543	20116
581000	1295	-48811	543	20473
591000	1263	-48002	548	20818
601000	1211	-47215	543	21166
611000	1185	-46394	550	21541
621000	1164	-45674	558	21880
631000	1146	-44954	567	22231
641000	1121	-44256	572	22581
651000	1064	-43576	560	22935
661000	1047	-42893	569	23300
671000	1040	-42292	581	23631
681000	989	-41655	570	23993
691000	979	-41060	580	24341
701000	937	-40494	571	24682
711000	939	-39922	589	25035
721000	940	-39357	607	25394
731000	887	-38826	588	25743
741000	888	-38316	605	26085
751000	860	-37790	602	26448
761000	841	-37310	604	26789
771000	838	-36830	617	27138
781000	807	-36362	610	27488
791000	786	-35896	610	27845
801000	775	-35438	616	28205
811000	764	-35019	623	28542
821000	738	-34588	616	28899
831000	744	-34175	637	29247
841000	715	-33753	627	29614
851000	706	-33377	633	29947
861000	705	-32975	648	30312
871000	674	-32622	633	30641
881000	660	-32244	635	31001
891000	659	-31888	648	31346
901000	650	-31520	654	31713
911000	633	-31180	650	32059
921000	618	-30854	649	32397
931000	614	-30530	658	32742
941000	626	-30195	687	33103
951000	586	-29885	656	33449
961000	580	-29572	663	33803
971000	596	-29275	695	34145
981000	572	-28972	681	34503
991000	555	-28678	675	34857
1001000	553	-28406	685	35191
1011000	548	-28126	692	35541
1021000	553	-27841	713	35904
1031000	518	-27573	681	36255
1041000	521	-27310	698	36604
1051000	514	-27039	703	36970
1061000	501	-26790	697	37314
1071000	503	-26543	714	37661
1081000	490	-26301	709	38008
1091000	490	-26066	721	38351
1101000	475	-25823	712	38712
1111000	477	-25602	728	39046
1121000	469	-25364	728	39412
1131000	461	-25127	729	39784
1141000	460	-24937	740	40087
1151000	447	-24698	732	40476
1161000	446	-24498	743	40805
1171000	440	-24294	746	41148
1181000	437	-24078	754	41519
1191000	440	-23877	771	41867
1201000	427	-23685	761	42208
1211000	416	-23489	753	42561
1221000	422	-23296	778	42912
1231000	422	-23109	790	43258
1241000	400	-22915	761	43627
1251000	399	-22739	771	43963
1261000	404	-22557	794	44318
1271000	386	-22371	771	44687
1281000	388	-22194	787	45044
1291000	388	-22038	799	45361
1301000	385	-21859	805	45735
1311000	391	-21686	831	46097
1321000	366	-21529	789	46435
1331000	363	-21376	794	46767
1341000	376	-21213	834	47126
1351000	353	-21050	797	47494
1361000	354	-20893	810	47850
1371000	348	-20750	807	48179
1381000	345	-20605	812	48518
1391000	349	-20457	833	48869
1401000	331	-20294	803	49262
1411000	331	-20154	815	49604
1421000	334	-20028	833	49917
1431000	339	-19874	857	50301
1441000	331	-19743	849	50636
1451000	322	-19610	838	50982
1461000	322	-19467	849	51354
1471000	315	-19324	844	51736
1481000	318	-19205	862	52055
1491000	319	-19078	877	52401
1501000	306	-18952	851	52752
1511000	308	-18827	869	53100
1521000	297	-18703	848	53453
1531000	305	-18590	882	53779
1541000	301	-18466	883	54138
1551000	298	-18344	885	54499
1561000	291	-18229	877	54844
1571000	290	-18120	884	55173
1581000	292	-17992	903	55566
1591000	277	-17882	866	55910
1601000	284	-17771	900	56256
1611000	277	-17665	888	56595
1621000	290	-17549	943	56968
1631000	275	-17442	903	57317
1641000	270	-17338	898	57663
1651000	270	-17233	907	58014
1661000	276	-17123	943	58385
1671000	265	-17020	915	58741
1681000	266	-16923	927	59078
1691000	257	-16822	909	59431
1701000	254	-16719	907	59799
1711000	255	-16623	923	60145
1721000	259	-16514	950	60540
1731000	250	-16436	924	60827
1741000	255	-16333	957	61212
1751000	249	-16234	946	61583
1761000	246	-16152	943	61898
1771000	256	-16058	994	62258
1781000	256	-15973	1002	62591
1791000	242	-15877	961	62969
1801000	237	-15789	949	63321
1811000	240	-15697	973	63693
1821000	234	-15607	962	64059
1831000	231	-15524	959	64402
1841000	234	-15443	981	64741
1851000	231	-15353	980	65119
1861000	232	-15267	996	65487
1871000	237	-15187	1029	65831
1881000	233	-15104	1022	66190
1891000	223	-15026	988	66536
1901000	225	-14958	1003	66839
1911000	216	-14868	975	67244
1921000	214	-14797	978	67567
1931000	217	-14713	1004	67951
1941000	209	-14643	973	68277
1951000	209	-14564	987	68650
1961000	212	-14482	1008	69037
1971000	211	-14411	1016	69378
1981000	215	-14347	1046	69687
1991000	211	-14272	1036	70050
2001000	207	-14199	1027	70411
2011000	200	-14125	1002	70784
2021000	204	-14058	1031	71117
2031000	195	-13987	996	71483
2041000	192	-13920	993	71826
2051000	190	-13846	989	72212
2061000	193	-13782	1018	72545
2071000	190	-13710	1009	72925
2081000	191	-13643	1028	73281
2091000	195	-13588	1054	73580
2101000	192	-13519	1050	73955
2111000	190	-13454	1051	74315
2121000	191	-13399	1066	74618
2131000	190	-13322	1072	75050
2141000	185	-13261	1054	75395
2151000	194	-13215	1113	75657
2161000	189	-13140	1093	76089
2171000	192	-13071	1123	76487
2181000	187	-13022	1102	76778
2191000	183	-12953	1092	77186
2201000	178	-12894	1073	77541
2211000	189	-12844	1148	77842
2221000	183	-12782	1119	78216
2231000	181	-12728	1117	78548
2241000	176	-12673	1098	78890
2251000	179	-12612	1127	79270
2261000	178	-12558	1128	79617
2271000	174	-12499	1114	79990
2281000	172	-12453	1110	80287
2291000	167	-12387	1090	80713
2301000	169	-12326	1110	81114
2311000	166	-12282	1097	81406
2321000	163	-12225	1092	81783
2331000	165	-12176	1116	82111
2341000	173	-12128	1173	82435
2351000	164	-12078	1126	82781
2361000	157	-12020	1086	83184
2371000	151	-11965	1053	83561
2381000	161	-11919	1130	83888
2391000	162	-11864	1149	84270
2401000	167	-11816	1197	84615
2411000	168	-11762	1213	85001
2421000	165	-11720	1199	85304
2431000	161	-11664	1186	85717
2441000	165	-11622	1222	86025
2451000	157	-11573	1174	86395
2461000	156	-11529	1177	86721
2471000	153	-11471	1163	87163
2481000	155	-11429	1185	87480
2491000	148	-11384	1141	87827
2501000	146	-11343	1136	88148
2511000	143	-11287	1120	88585
2521000	141	-11246	1119	88909
2531000	144	-11206	1150	89220
2541000	152	-11164	1216	89557
2551000	147	-11105	1189	90037
2561000	146	-11065	1189	90360
2571000	144	-11023	1187	90704
2581000	147	-10983	1218	91033
2591000	142	-10932	1189	91458
2601000	141	-10898	1188	91740
2611000	149	-10849	1267	92154
2621000	148	-10809	1268	92500
2631000	146	-10757	1257	92942
2641000	146	-10722	1269	93245
2651000	139	-10680	1217	93619
2661000	142	-10646	1256	93915
2671000	141	-10601	1254	94312
2681000	140	-10568	1256	94611
2691000	138	-10517	1243	95070
2701000	142	-10488	1287	95326
2711000	145	-10449	1332	95685
2721000	132	-10401	1218	96132
2731000	136	-10367	1267	96441
2741000	130	-10331	1222	96779
2751000	135	-10299	1269	97084
2761000	131	-10251	1244	97537
2771000	125	-10215	1197	97884
2781000	135	-10179	1304	98228
2791000	134	-10132	1305	98682
2801000	140	-10098	1370	99008
2811000	131	-10058	1298	99403
2821000	131	-10027	1302	99717
2831000	124	-9992	1243	100069
2841000	131	-9963	1320	100350
2851000	130	-9931	1319	100675
2861000	123	-9886	1255	101139
2871000	128	-9849	1322	101515
2881000	123	-9816	1272	101854
2891000	123	-9785	1281	102178
2901000	126	-9756	1324	102487
2911000	118	-9712	1252	102947
2921000	124	-9671	1323	103389
2931000	125	-9641	1349	103710
2941000	123	-9607	1328	104077
2951000	117	-9579	1274	104381
2961000	112	-9548	1224	104725
2971000	116	-9518	1284	105052
2981000	118	-9491	1309	105341
2991000	112	-9447	1254	105839
3001000	113	-9410	1275	106254
3011000	117	-9388	1326	106502
3021000	110	-9353	1260	106903
3031000	109	-9325	1251	107224
3041000	112	-9289	1298	107643
3051000	109	-9260	1270	107971
3061000	117	-9228	1378	108349
3071000	117	-9192	1389	108767
3081000	112	-9161	1332	109144
3091000	114	-9142	1364	109367
3101000	109	-9101	1313	109865
3111000	107	-9081	1293	110106
3121000	105	-9053	1286	110441
3131000	101	-9015	1246	110916
3141000	105	-8979	1303	111355
3151000	112	-8962	1401	111568
3161000	108	-8927	1349	112003
3171000	108	-8903	1365	112300
3181000	116	-8874	1470	112665
3191000	109	-8838	1400	113134
3201000	105	-8811	1358	113479
3211000	110	-8792	1424	113724
3221000	98	-8751	1285	114260
3231000	98	-8733	1288	114496
3241000	102	-8703	1342	114888
3251000	100	-8677	1329	115235
3261000	98	-8649	1315	115611
3271000	99	-8621	1331	115981
3281000	100	-8600	1349	116270
3291000	91	-8570	1243	116669
3301000	102	-8530	1401	117211
3311000	108	-8518	1495	117378
3321000	104	-8484	1443	117852
3331000	103	-8455	1436	118260
3341000	107	-8439	1508	118478
3351000	98	-8405	1382	118967
3361000	99	-8387	1407	119214
3371000	95	-8362	1360	119576
3381000	98	-8335	1418	119963
3391000	96	-8307	1398	120366
3401000	93	-8281	1359	120747
3411000	95	-8261	1391	121031
3421000	92	-8228	1365	121520
3431000	99	-8203	1465	121888
3441000	100	-8178	1491	122263
3451000	96	-8157	1449	122573
3461000	96	-8134	1448	122919
3471000	91	-8110	1385	123292
3481000	94	-8093	1441	123548
3491000	88	-8057	1363	124098
3501000	88	-8034	1362	124460
3511000	86	-8011	1346	124811
3521000	93	-7996	1447	125044
3531000	91	-7970	1427	125451
3541000	88	-7941	1400	125911
3551000	93	-7919	1489	126259
3561000	101	-7898	1623	126595
3571000	92	-7868	1487	127074
3581000	96	-7859	1548	127224
3591000	92	-7834	1491	127626
3601000	90	-7810	1480	128026
3611000	85	-7787	1400	128402
3621000	83	-7762	1375	128817
3631000	95	-7743	1582	129130
3641000	88	-7713	1479	129630
3651000	88	-7696	1482	129928
3661000	96	-7672	1622	130317
3671000	95	-7648	1627	130738
3681000	96	-7624	1658	131151
3691000	87	-7602	1508	131531
3701000	84	-7580	1458	131903
3711000	88	-7563	1539	132208
3721000	86	-7545	1513	132523
3731000	86	-7518	1515	132997
3741000	89	-7506	1571	133213
3751000	90	-7487	1605	133540
3761000	84	-7466	1499	133917
3771000	78	-7439	1417	134420
3781000	75	-7425	1365	134674
3791000	87	-7399	1583	135135
3801000	91	-7380	1673	135474
3811000	84	-7350	1546	136028
3821000	85	-7332	1580	136378
3831000	81	-7312	1512	136752
3841000	83	-7306	1547	136863
3851000	79	-7281	1483	137322
3861000	80	-7259	1512	137747
3871000	80	-7232	1539	138264
3881000	83	-7220	1584	138486
3891000	81	-7203	1571	138815
3901000	78	-7179	1521	139270
3911000	86	-7163	1670	139578
3921000	86	-7143	1693	139974
3931000	91	-7125	1787	140324
3941000	82	-7107	1626	140689
3951000	77	-7089	1540	141054
3961000	77	-7073	1530	141371
3971000	75	-7058	1505	141665
3981000	79	-7037	1595	142098
3991000	74	-7012	1514	142589
4001000	76	-6994	1556	142964
4011000	75	-6978	1533	143288
4021000	75	-6966	1542	143530
4031000	82	-6951	1701	143850
4041000	72	-6921	1510	144464
4051000	80	-6898	1681	144946
4061000	77	-6879	1630	145343
4071000	81	-6871	1718	145527
4081000	77	-6852	1636	145930
4091000	70	-6832	1498	146363
4101000	71	-6818	1520	146652
4111000	69	-6800	1490	147053
4121000	75	-6784	1637	147397
4131000	78	-6767	1712	147747
4141000	71	-6749	1548	148162
4151000	72	-6731	1586	148556
4161000	77	-6713	1704	148953
4171000	76	-6696	1694	149332
4181000	78	-6675	1755	149799
4191000	71	-6654	1610	150273
4201000	72	-6643	1631	150510
4211000	65	-6629	1486	150832
4221000	63	-6617	1447	151112
4231000	71	-6603	1617	151420
4241000	71	-6585	1647	151846
4251000	70	-6568	1633	152241
4261000	64	-6543	1496	152810
4271000	66	-6535	1538	153002
4281000	71	-6522	1677	153303
4291000	74	-6498	1758	153882
4301000	74	-6475	1753	154418
4311000	80	-6467	1922	154619
4321000	78	-6455	1881	154906
4331000	78	-6437	1883	155330
4341000	79	-6425	1915	155612
4351000	72	-6408	1762	156033
4361000	70	-6388	1704	156518
4371000	67	-6378	1649	156772
4381000	68	-6363	1671	157129
4391000	71	-6348	1773	157515
4401000	70	-6330	1751	157950
4411000	67	-6311	1694	158434
4421000	69	-6299	1728	158728
4431000	74	-6281	1877	159198
4441000	77	-6262	1960	159678
4451000	77	-6252	1980	159916
4461000	75	-6237	1921	160304
4471000	71	-6216	1827	160864
4481000	67	-6201	1731	161234
4491000	68	-6187	1787	161607
4501000	71	-6179	1867	161829
4511000	71	-6165	1859	162197
4521000	68	-6147	1793	162657
4531000	61	-6133	1629	163028
4541000	63	-6128	1676	163159
4551000	68	-6112	1811	163587
4561000	70	-6098	1878	163975
4571000	76	-6083	2052	164359
4581000	75	-6070	2040	164730
4591000	70	-6049	1907	165305
4601000	67	-6037	1826	165633
4611000	63	-6024	1728	165987
4621000	65	-6016	1786	166209
4631000	64	-6001	1771	166607
4641000	59	-5990	1642	166924
4651000	55	-5963	1547	167677
4661000	62	-5950	1742	168045
4671000	66	-5939	1880	168348
4681000	58	-5927	1640	168700
4691000	63	-5909	1805	169205
4701000	70	-5903	2021	169388
4711000	69	-5884	2005	169936
4721000	66	-5867	1917	170432
4731000	63	-5853	1843	170826
4741000	58	-5842	1706	171165
4751000	63	-5831	1866	171465
4761000	65	-5822	1926	171739
4771000	67	-5810	1973	172103
4781000	59	-5789	1763	172720
4791000	61	-5777	1835	173078
4801000	60	-5772	1803	173246
4811000	57	-5754	1726	173781
4821000	55	-5745	1681	174049
4831000	60	-5738	1811	174267
4841000	69	-5722	2098	174751
4851000	66	-5705	2024	175249
4861000	66	-5687	2053	175820
4871000	65	-5675	2031	176203
4881000	63	-5663	1954	176554
4891000	65	-5656	2017	176783
4901000	62	-5650	1950	176971
4911000	61	-5636	1917	177411
4921000	56	-5615	1780	178061
4931000	57	-5607	1811	178316
4941000	62	-5595	1970	178703
4951000	60	-5585	1929	179042
4961000	58	-5573	1856	179421
4971000	64	-5561	2072	179805
4981000	65	-5547	2107	180252
4991000	66	-5533	2151	180705
5001000	62	-5518	2027	181203
5011000	63	-5509	2079	181497
5021000	53	-5492	1768	182052
5031000	54	-5488	1795	182211
5041000	55	-5479	1818	182492
5051000	55	-5470	1830	182798
5061000	58	-5456	1942	183260
5071000	53	-5439	1788	183843
5081000	55	-5430	1875	184134
5091000	55	-5418	1882	184560
5101000	52	-5404	1774	185016
5111000	50	-5396	1727	185303
5121000	53	-5389	1830	185554
5131000	62	-5374	2137	186041
5141000	63	-5359	2185	186584
5151000	58	-5342	2038	187158
5161000	58	-5335	2050	187404
5171000	55	-5323	1929	187844
5181000	52	-5315	1857	188140
5191000	53	-5311	1896	188283
5201000	54	-5302	1929	188594
5211000	56	-5287	1990	189116
5221000	50	-5274	1791	189575
5231000	49	-5259	1786	190150
5241000	54	-5250	1964	190445
5251000	53	-5236	1927	190978
5261000	51	-5226	1855	191347
5271000	51	-5215	1869	191739
5281000	59	-5204	2169	192125
5291000	63	-5195	2329	192448
5301000	61	-5186	2283	192797
5311000	55	-5169	2063	193433
5321000	55	-5164	2063	193642
5331000	53	-5156	1985	193922
5341000	44	-5143	1675	194415
5351000	48	-5134	1830	194765
5361000	51	-5128	1940	194982
5371000	55	-5118	2101	195372
5381000	56	-5105	2145	195850
5391000	45	-5089	1753	196494
5401000	48	-5082	1857	196750
5411000	49	-5073	1916	197091
5421000	48	-5063	1883	197485
5431000	49	-5048	1907	198077
5441000	54	-5038	2110	198463
5451000	61	-5028	2414	198840
5461000	62	-5020	2468	199161
5471000	63	-5010	2515	199588
5481000	53	-4995	2141	200192
5491000	52	-4987	2083	200487
5501000	51	-4980	2041	200802
5511000	49	-4973	1970	201076
5521000	50	-4960	2015	201589
5531000	51	-4955	2067	201810
5541000	58	-4944	2379	202256
5551000	58	-4934	2366	202649
5561000	51	-4921	2090	203175
5571000	46	-4911	1911	203600
5581000	48	-4898	1997	204164
5591000	51	-4892	2147	204411
5601000	58	-4882	2448	204810
5611000	58	-4871	2447	205251
5621000	56	-4858	2359	205826
5631000	57	-4853	2430	206008
5641000	56	-4850	2388	206158
5651000	56	-4838	2376	206649
5661000	50	-4831	2139	206980
5671000	42	-4818	1807	207547
5681000	46	-4812	1996	207790
5691000	46	-4796	1995	208503
5701000	45	-4785	1976	208948
5711000	48	-4779	2117	209221
5721000	49	-4774	2136	209466
5731000	50	-4767	2193	209745
5741000	51	-4760	2234	210077
5751000	44	-4745	1938	210720
5761000	47	-4733	2105	211270
5771000	48	-4723	2166	211720
5781000	53	-4710	2382	212299
5791000	54	-4708	2417	212389
5801000	52	-4699	2352	212802
5811000	53	-4692	2417	213112
5821000	50	-4685	2289	213416
5831000	51	-4679	2341	213704
5841000	50	-4672	2269	213998
5851000	46	-4662	2100	214468
5861000	44	-4647	2032	215154
5871000	46	-4638	2127	215568
5881000	49	-4625	2275	216174
5891000	46	-4620	2158	216439
5901000	47	-4607	2208	217050
5911000	47	-4600	2227	217362
5921000	52	-4591	2463	217781
5931000	57	-4584	2701	218104
5941000	59	-4576	2799	218517
5951000	51	-4563	2471	219141
5961000	48	-4551	2338	219697
5971000	44	-4543	2126	220081
5981000	47	-4540	2289	220225
5991000	49	-4533	2392	220555
6001000	46	-4525	2246	220949
6011000	44	-4513	2169	221566
6021000	45	-4502	2243	222088
6031000	50	-4501	2453	222123
6041000	51	-4493	2518	222540
6051000	51	-4487	2523	222830
6061000	47	-4478	2326	223270
6071000	43	-4470	2153	223713
6081000	39	-4463	1955	224066
6091000	42	-4449	2138	224759
6101000	40	-4442	2014	225113
6111000	39	-4429	2012	225749
6121000	45	-4419	2322	226248
6131000	50	-4416	2555	226430
6141000	50	-4408	2567	226829
6151000	52	-4403	2661	227100
6161000	51	-4396	2617	227446
6171000	46	-4385	2399	228004
6181000	41	-4378	2129	228410
6191000	40	-4368	2082	228905
6201000	42	-4364	2196	229124
6211000	48	-4358	2532	229429
6221000	45	-4353	2384	229701
6231000	46	-4344	2416	230182
6241000	50	-4332	2663	230798
6251000	49	-4326	2631	231138
6261000	56	-4318	2993	231569
6271000	58	-4311	3119	231943
6281000	58	-4303	3117	232371
6291000	58	-4290	3126	233053
6301000	53	-4279	2921	233641
6311000	56	-4276	3084	233841
6321000	53	-4268	2902	234292
6331000	44	-4260	2431	234719
6341000	45	-4250	2468	235266
6351000	44	-4245	2444	235523
6361000	48	-4239	2651	235868
6371000	48	-4236	2659	236064
6381000	50	-4227	2819	236561
6391000	50	-4219	2805	236995
6401000	46	-4209	2576	237559
6411000	41	-4197	2313	238226
6421000	38	-4194	2186	238398
6431000	39	-4188	2207	238749
6441000	40	-4182	2305	239122
6451000	43	-4177	2493	239395
6461000	45	-4173	2584	239626
6471000	48	-4158	2780	240470
6481000	49	-4149	2868	241001
6491000	48	-4141	2807	241478
6501000	49	-4137	2847	241666
6511000	51	-4131	3000	242032
6521000	48	-4127	2806	242248
6531000	46	-4119	2724	242728
6541000	42	-4110	2489	243307
6551000	39	-4100	2309	243910
6561000	38	-4100	2234	243896
6571000	34	-4086	2036	244724
6581000	39	-4078	2321	245222
6591000	40	-4069	2415	245741
6601000	38	-4065	2320	246002
6611000	45	-4057	2739	246469
6621000	46	-4054	2800	246626
6631000	47	-4049	2875	246943
6641000	46	-4040	2789	247500
6651000	44	-4029	2711	248199
6661000	44	-4018	2746	248856
6671000	43	-4010	2647	249321
6681000	39	-4005	2449	249695
6691000	44	-4002	2772	249861
6701000	41	-3996	2593	250249
6711000	38	-3988	2401	250759
6721000	36	-3985	2237	250949
6731000	36	-3977	2288	251443
6741000	35	-3973	2187	251653
6751000	41	-3968	2577	252003
6761000	42	-3962	2666	252372
6771000	45	-3957	2865	252675
6781000	44	-3950	2796	253138
6791000	42	-3940	2731	253777
6801000	39	-3926	2519	254706
6811000	37	-3924	2395	254837
6821000	37	-3919	2403	255112
6831000	40	-3915	2606	255395
6841000	39	-3902	2569	256274
6851000	40	-3897	2631	256589
6861000	43	-3888	2857	257184
6871000	46	-3880	3055	257664
6881000	52	-3872	3445	258220
6891000	52	-3870	3445	258353
6901000	51	-3865	3393	258663
6911000	48	-3859	3232	259065
6921000	44	-3853	2932	259476
6931000	38	-3843	2588	260212
6941000	35	-3835	2349	260740
6951000	38	-3830	2572	261104
6961000	34	-3828	2336	261231
6971000	37	-3819	2540	261855
6981000	40	-3812	2780	262293
6991000	42	-3807	2917	262671
7001000	37	-3799	2574	263170
7011000	36	-3793	2509	263620
7021000	38	-3787	2629	264030
7031000	38	-3782	2674	264417
7041000	46	-3774	3255	264946
7051000	50	-3772	3520	265079
7061000	50	-3761	3534	265830
7071000	49	-3752	3503	266482
7081000	45	-3745	3189	266949
7091000	47	-3740	3328	267357
7101000	43	-3733	3118	267867
7111000	42	-3729	3015	268121
7121000	41	-3720	2931	268753
7131000	39	-3717	2787	269027
7141000	37	-3709	2667	269564
7151000	39	-3702	2831	270089
7161000	39	-3700	2812	270237
7171000	43	-3697	3164	270457
7181000	42	-3692	3087	270836
7191000	42	-3688	3054	271138
7201000	43	-3685	3191	271329
7211000	38	-3680	2811	271694
7221000	36	-3670	2642	272452
7231000	33	-3664	2476	272877
7241000	34	-3652	2570	273821
7251000	36	-3644	2717	274408
7261000	42	-3638	3176	274838
7271000	44	-3633	3351	275179
7281000	46	-3626	3479	275711
7291000	44	-3625	3370	275857
7301000	42	-3617	3216	276430
7311000	40	-3609	3049	277043
7321000	39	-3605	3032	277358
7331000	38	-3602	2901	277601
7341000	38	-3602	2959	277555
7351000	38	-3597	2945	277977
7361000	41	-3592	3167	278388
7371000	39	-3586	3030	278831
7381000	36	-3582	2825	279176
7391000	38	-3570	2947	280102
7401000	38	-3561	3011	280789
7411000	38	-3557	2993	281098
7421000	38	-3554	3009	281366
7431000	37	-3546	2937	282013
7441000	38	-3539	3051	282528
7451000	39	-3531	3133	283199
7461000	44	-3524	3512	283762
7471000	39	-3522	3155	283924
7481000	44	-3513	3537	284619
7491000	49	-3509	3993	284942
7501000	46	-3506	3752	285167
7511000	47	-3502	3858	285517
7521000	48	-3497	3933	285921
7531000	44	-3490	3614	286454
7541000	46	-3486	3770	286780
7551000	36	-3474	2949	287801
7561000	34	-3469	2851	288202
7571000	38	-3461	3168	288874
7581000	37	-3458	3123	289178
7591000	41	-3454	3430	289497
7601000	42	-3451	3515	289726
7611000	43	-3446	3582	290135
7621000	38	-3443	3221	290440
7631000	38	-3439	3198	290758
7641000	36	-3436	3068	291026
7651000	36	-3429	3022	291570
7661000	37	-3425	3114	291921
7671000	36	-3419	3043	292446
7681000	39	-3415	3363	292768
7691000	45	-3411	3887	293080
7701000	46	-3397	3984	294346
7711000	45	-3391	3924	294859
7721000	43	-3386	3778	295315
7731000	41	-3380	3600	295826
7741000	41	-3373	3628	296471
7751000	41	-3371	3620	296633
7761000	39	-3365	3407	297146
7771000	39	-3362	3452	297394
7781000	33	-3354	2903	298119
7791000	32	-3347	2852	298718
7801000	30	-3348	2695	298625
7811000	30	-3344	2725	299060
7821000	33	-3338	2960	299537
7831000	36	-3332	3273	300128
7841000	41	-3327	3708	300507
7851000	43	-3318	3938	301304
7861000	42	-3320	3775	301155
7871000	42	-3314	3837	301692
7881000	40	-3309	3628	302168
7891000	40	-3300	3684	302980
7901000	38	-3292	3476	303709
7911000	38	-3282	3532	304664
7921000	42	-3273	3944	305522
7931000	44	-3269	4096	305884
7941000	45	-3265	4246	306263
7951000	46	-3263	4292	306364
7961000	45	-3261	4244	306614
7971000	46	-3261	4336	306615
7981000	44	-3255	4120	307168
7991000	44	-3253	4124	307332
8001000	43	-3250	4107	307680
8011000	41	-3245	3934	308140
8021000	44	-3238	4163	308818
8031000	45	-3235	4277	309066
8041000	46	-3230	4389	309488
8051000	45	-3225	4349	310047
8061000	46	-3222	4478	310316
8071000	44	-3216	4229	310873
8081000	44	-3211	4266	311359
8091000	39	-3206	3805	311911
8101000	35	-3202	3396	312278
8111000	35	-3196	3381	312900
8121000	36	-3188	3512	313681
8131000	35	-3185	3431	313886
8141000	34	-3183	3384	314095
8151000	32	-3172	3161	315253
8161000	40	-3161	3995	316351
8171000	38	-3158	3808	316613
8181000	39	-3155	3894	316900
8191000	38	-3151	3870	317292
8201000	38	-3151	3818	317314
8211000	41	-3145	4097	317959
8221000	39	-3146	3961	317837
8231000	40	-3142	4082	318249
8241000	37	-3139	3762	318544
8251000	36	-3135	3694	318910
8261000	36	-3130	3708	319457
8271000	35	-3125	3567	319928
8281000	34	-3121	3510	320334
8291000	32	-3111	3333	321447
8301000	28	-3100	2938	322550
8311000	29	-3095	3030	323060
8321000	35	-3092	3678	323369
8331000	35	-3088	3655	323773
8341000	33	-3084	3464	324261
8351000	34	-3081	3550	324549
8361000	34	-3077	3547	324924
8371000	35	-3072	3741	325492
8381000	32	-3064	3453	326373
8391000	32	-3059	3467	326896
8401000	36	-3050	3850	327815
8411000	35	-3049	3807	327943
8421000	40	-3044	4328	328446
8431000	38	-3044	4048	328435
8441000	38	-3041	4091	328797
8451000	37	-3040	3956	328913
8461000	40	-3036	4318	329335
8471000	37	-3033	4002	329657
8481000	37	-3028	4004	330155
8491000	32	-3024	3469	330663
8501000	33	-3020	3640	331033
8511000	32	-3011	3530	332093
8521000	35	-3008	3824	332434
8531000	30	-3006	3360	332624
8541000	30	-2998	3291	333540
8551000	30	-2995	3304	333857
8561000	32	-2992	3582	334200
8571000	30	-2980	3367	335491
8581000	28	-2975	3127	336105
8591000	28	-2973	3205	336312
8601000	30	-2971	3360	336540
8611000	28	-2969	3193	336834
8621000	35	-2961	4014	337677
8631000	35	-2960	4022	337818
8641000	39	-2953	4481	338633
8651000	42	-2946	4870	339421
8661000	47	-2941	5376	339926
8671000	44	-2938	5119	340279
8681000	46	-2934	5308	340733
8691000	43	-2931	5042	341163
8701000	40	-2926	4639	341730
8711000	36	-2919	4173	342554
8721000	34	-2914	3969	343094
8731000	32	-2910	3837	343629
8741000	32	-2906	3830	344100
8751000	32	-2905	3802	344178
8761000	32	-2902	3789	344553
8771000	33	-2898	3953	345055
8781000	32	-2895	3845	345379
8791000	36	-2889	4259	346121
8801000	32	-2887	3896	346327
8811000	33	-2877	4040	347589
8821000	34	-2872	4095	348174
8831000	33	-2870	4035	348396
8841000	32	-2868	3914	348599
8851000	34	-2864	4093	349090
8861000	34	-2859	4115	349703
8871000	37	-2857	4580	349977
8881000	41	-2853	5068	350410
8891000	41	-2851	5000	350626
8901000	43	-2848	5325	351044
8911000	47	-2843	5829	351639
8921000	45	-2838	5577	352257
8931000	43	-2833	5353	352872
8941000	39	-2829	4931	353467
8951000	42	-2826	5244	353826
8961000	35	-2818	4419	354785
8971000	33	-2813	4132	355486
8981000	33	-2812	4183	355597
8991000	37	-2812	4679	355545
9001000	34	-2810	4311	355767
9011000	32	-2803	4048	356659
9021000	32	-2800	4044	357040
9031000	30	-2796	3822	357675
9041000	34	-2794	4403	357881
9051000	29	-2790	3750	358321
9061000	33	-2781	4271	359547
9071000	33	-2780	4288	359637
9081000	33	-2778	4222	359861
9091000	39	-2777	5066	360031
9101000	36	-2771	4668	360779
9111000	36	-2768	4745	361195
9121000	35	-2764	4558	361770
9131000	34	-2766	4506	361446
9141000	38	-2757	5060	362680
9151000	35	-2754	4584	363020
9161000	36	-2749	4815	363680
9171000	36	-2746	4817	364043
9181000	37	-2732	4892	365982
9191000	33	-2724	4500	367018
9201000	35	-2721	4740	367506
9211000	33	-2716	4535	368142
9221000	34	-2713	4557	368550
9231000	34	-2712	4586	368690
9241000	35	-2713	4748	368489
9251000	33	-2708	4448	369161
9261000	34	-2706	4599	369487
9271000	33	-2706	4489	369470
9281000	33	-2705	4476	369684
9291000	33	-2700	4498	370329
9301000	31	-2697	4319	370721
9311000	31	-2695	4219	370979
9321000	31	-2692	4269	371391
9331000	31	-2687	4260	372096
9341000	32	-2680	4503	373114
9351000	35	-2677	4818	373546
9361000	34	-2673	4796	374044
9371000	39	-2668	5453	374766
9381000	39	-2663	5565	375375
9391000	41	-2661	5735	375686
9401000	37	-2656	5213	376367
9411000	40	-2654	5721	376649
9421000	41	-2650	5860	377231
9431000	39	-2641	5545	378531
9441000	38	-2638	5520	379047
9451000	38	-2630	5423	380177
9461000	40	-2623	5878	381093
9471000	37	-2621	5347	381487
9481000	39	-2618	5637	381936
9491000	39	-2618	5699	381816
9501000	37	-2606	5495	383592
9511000	34	-2604	4992	383949
9521000	33	-2604	4924	383915
9531000	32	-2604	4683	384029
9541000	30	-2601	4382	384487
9551000	29	-2591	4371	385858
9561000	31	-2593	4608	385538
9571000	31	-2588	4675	386283
9581000	31	-2585	4667	386757
9591000	33	-2580	4975	387507
9601000	34	-2577	5076	387946
9611000	36	-2576	5468	388091
9621000	35	-2573	5260	388511
9631000	36	-2574	5459	388492
9641000	36	-2568	5473	389271
9651000	37	-2568	5645	389287
9661000	40	-2565	6023	389726
9671000	36	-2563	5451	390129
9681000	36	-2560	5528	390542
9691000	33	-2556	5038	391153
9701000	28	-2545	4350	392876
9711000	27	-2543	4184	393187
9721000	26	-2539	4071	393782
9731000	30	-2534	4691	394650
9741000	30	-2531	4711	395044
9751000	30	-2527	4636	395654
9761000	36	-2517	5611	397155
9771000	36	-2514	5668	397634
9781000	38	-2513	6069	397781
9791000	38	-2508	6044	398628
9801000	37	-2506	5917	398940
9811000	35	-2505	5614	399093
9821000	35	-2500	5670	399840
9831000	33	-2495	5288	400725
9841000	31	-2494	4918	400885
9851000	29	-2490	4748	401540
9861000	31	-2490	4994	401504
9871000	31	-2485	5013	402318
9881000	32	-2485	5224	402357
9891000	29	-2483	4737	402646
9901000	31	-2483	4953	402614
9911000	32	-2479	5211	403241
9921000	35	-2473	5687	404244
9931000	38	-2471	6264	404595
9941000	40	-2466	6630	405431
9951000	36	-2467	5988	405234
9961000	42	-2460	6867	406305
9971000	37	-2463	6017	405905
9981000	36	-2457	5905	406849
9991000	34	-2453	5580	407664
10001000	35	-2447	5893	408568
10011000	34	-2441	5672	409577
10021000	33	-2437	5475	410243
10031000	32	-2430	5482	411455
10041000	35	-2425	6013	412201
10051000	37	-2422	6365	412754
10061000	38	-2419	6414	413251
10071000	37	-2415	6304	413909
10081000	38	-2413	6514	414281
10091000	36	-2413	6247	414391
10101000	33	-2407	5671	415397
10111000	32	-2407	5520	415389
10121000	30	-2404	5172	415920
10131000	29	-2404	5082	415873
10141000	30	-2401	5208	416346
10151000	29	-2402	5076	416342
10161000	28	-2397	4876	417080
10171000	31	-2395	5415	417495
10181000	29	-2394	5098	417650
10191000	32	-2391	5544	418203
10201000	33	-2389	5722	418590
10211000	34	-2384	5924	419345
10221000	36	-2381	6375	419903
10231000	37	-2379	6606	420263
10241000	38	-2373	6836	421342
10251000	34	-2370	6111	421843
10261000	36	-2367	6473	422399
10271000	32	-2359	5808	423840
10281000	30	-2361	5328	423432
10291000	30	-2357	5415	424272
10301000	29	-2353	5217	424981
10311000	23	-2349	4230	425626
10321000	22	-2347	4032	425997
10331000	26	-2340	4748	427356
10341000	27	-2338	4968	427743
10351000	25	-2335	4568	428305
10361000	33	-2328	6076	429412
10371000	31	-2324	5741	430306
10381000	33	-2320	6176	430907
10391000	32	-2314	5984	432057
10401000	35	-2315	6460	431919
10411000	37	-2309	6852	432925
10421000	31	-2306	5857	433655
10431000	32	-2303	6066	434086
10441000	31	-2303	5763	434194
10451000	30	-2301	5666	434536
10461000	27	-2295	5074	435682
10471000	26	-2295	4843	435696
10481000	28	-2292	5362	436307
10491000	25	-2292	4821	436229
10501000	26	-2292	5034	436272
10511000	27	-2287	5170	437113
10521000	28	-2288	5275	436910
10531000	31	-2284	5965	437754
10541000	29	-2285	5599	437485
10551000	35	-2279	6664	438751
10561000	35	-2272	6795	439994
10571000	35	-2271	6811	440227
10581000	36	-2267	6988	441084
10591000	35	-2267	6753	441046
10601000	36	-2261	7078	442242
10611000	35	-2257	6836	443057
10621000	34	-2257	6643	443064
10631000	33	-2249	6529	444553
10641000	32	-2249	6350	444497
10651000	30	-2242	5919	445894
10661000	29	-2240	5697	446257
10671000	34	-2233	6834	447823
10681000	33	-2231	6688	448199
10691000	34	-2226	6925	449041
10701000	32	-2224	6504	449637
10711000	32	-2219	6491	450653
10721000	32	-2215	6470	451344
10731000	30	-2214	6066	451544
10741000	28	-2208	5795	452828
10751000	26	-2209	5263	452697
10761000	28	-2205	5760	453351
10771000	25	-2204	5090	453741
10781000	25	-2202	5113	453987
10791000	24	-2199	5056	454672
10801000	27	-2198	5588	454905
10811000	26	-2198	5442	454897
10821000	23	-2200	4816	454404
10831000	28	-2197	5720	455149
10841000	29	-2195	5971	455569
10851000	30	-2190	6208	456484
10861000	30	-2189	6285	456704
10871000	32	-2186	6778	457383
10881000	35	-2181	7389	458376
10891000	32	-2181	6741	458356
10901000	35	-2177	7360	459333
10911000	34	-2173	7222	460183
10921000	35	-2170	7481	460650
10931000	34	-2166	7191	461557
10941000	30	-2164	6478	461975
10951000	30	-2159	6424	463079
10961000	26	-2151	5655	464884
10971000	24	-2154	5273	464136
10981000	22	-2151	4802	464743
10991000	24	-2146	5271	465854
11001000	24	-2141	5228	466986
11011000	25	-2137	5485	467965
11021000	25	-2136	5445	468159
11031000	28	-2131	6081	469192
11041000	27	-2128	6056	469911
11051000	29	-2124	6509	470696
11061000	33	-2118	7314	472134
11071000	30	-2118	6639	472084
11081000	32	-2111	7232	473599
11091000	31	-2109	7009	474097
11101000	30	-2107	6859	474537
11111000	30	-2104	6805	475291
11121000	29	-2101	6543	475795
11131000	29	-2100	6560	476041
11141000	30	-2097	6711	476687
11151000	30	-2098	6719	476503
11161000	29	-2096	6493	476952
11171000	29	-2095	6557	477156
11181000	30	-2093	6811	477682
11191000	30	-2094	6862	477509
11201000	34	-2090	7788	478360
11211000	31	-2088	7198	478730
11221000	33	-2086	7504	479252
11231000	31	-2087	7021	479047
11241000	35	-2080	8130	480687
11251000	35	-2081	8165	480484
11261000	35	-2077	8200	481233
11271000	37	-2077	8514	481309
11281000	39	-2070	9192	482902
11291000	38	-2071	8753	482596
11301000	40	-2066	9279	483848
11311000	39	-2066	9070	483797
11321000	40	-2062	9330	484802
11331000	35	-2059	8233	485472
11341000	33	-2055	7912	486470
11351000	31	-2050	7312	487747
11361000	32	-2045	7530	488775
11371000	31	-2041	7355	489740
11381000	34	-2035	8272	491167
11391000	36	-2027	8652	493124
11401000	35	-2030	8447	492575
11411000	35	-2026	8474	493336
11421000	39	-2022	9438	494273
11431000	38	-2019	9425	495064
11441000	38	-2014	9448	496393
11451000	37	-2012	9224	496882
11461000	37	-2011	9259	497172
11471000	33	-2010	8256	497330
11481000	37	-2010	9105	497450
11491000	34	-2007	8517	498232
11501000	36	-2003	8977	499164
11511000	32	-2002	7978	499315
11521000	34	-1999	8595	500172
11531000	32	-1998	8051	500443
11541000	35	-1995	8814	501147
11551000	33	-1992	8363	501881
11561000	35	-1993	8929	501699
11571000	33	-1992	8366	501944
11581000	37	-1988	9391	502913
11591000	36	-1986	9141	503429
11601000	40	-1983	10139	504081
11611000	38	-1983	9782	504009
11621000	41	-1980	10341	504888
11631000	36	-1979	9247	505063
11641000	39	-1980	9857	504879
11651000	39	-1973	9983	506654
11661000	40	-1974	10135	506376
11671000	39	-1972	9973	506910
11681000	40	-1969	10252	507566
11691000	36	-1965	9297	508630
11701000	33	-1964	8480	509146
11711000	29	-1960	7582	510210
11721000	27	-1959	7036	510477
11731000	21	-1950	5423	512632
11741000	24	-1952	6396	512215
11751000	27	-1947	7211	513441
11761000	26	-1943	6854	514579
11771000	26	-1942	6950	514938
11781000	29	-1937	7708	516230
11791000	30	-1929	8068	518352
11801000	29	-1927	7734	518952
11811000	32	-1924	8653	519641
11821000	33	-1924	9044	519679
11831000	35	-1920	9580	520694
11841000	34	-1920	9265	520719
11851000	35	-1917	9506	521444
11861000	36	-1915	9777	522119
11871000	35	-1917	9612	521531
11881000	36	-1914	9943	522178
11891000	34	-1912	9410	522968
11901000	34	-1912	9231	522944
11911000	32	-1910	8897	523538
11921000	31	-1908	8575	524090
11931000	32	-1909	8666	523818
11941000	32	-1904	8874	525135
11951000	30	-1903	8227	525380
11961000	27	-1901	7362	525881
11971000	30	-1899	8352	526598
11981000	28	-1894	7928	527846
11991000	30	-1890	8470	528907
12001000	27	-1891	7561	528803
12011000	32	-1885	9030	530275
12021000	28	-1889	7943	529240
12031000	34	-1880	9601	531666
12041000	35	-1881	9752	531361
12051000	36	-1875	10333	533047
12061000	32	-1877	9208	532635
12071000	42	-1869	11893	534849
12081000	36	-1872	10342	534100
12091000	37	-1867	10579	535489
12101000	34	-1867	9708	535450
12111000	39	-1862	11284	536897
12121000	39	-1861	11296	537250
12131000	36	-1863	10394	536592
12141000	36	-1854	10461	539294
12151000	36	-1849	10642	540631
12161000	38	-1845	11238	541725
12171000	37	-1840	11072	543390
12181000	38	-1838	11097	543749
12191000	34	-1832	10044	545621
12201000	34	-1830	10293	546345
12211000	36	-1830	10698	546327
12221000	37	-1824	11227	548127
12231000	35	-1825	10612	547776
12241000	35	-1821	10503	548828
12251000	32	-1818	9787	549769
12261000	33	-1819	9985	549471
12271000	30	-1814	9223	551114
12281000	32	-1812	9821	551620
12291000	31	-1813	9279	551280
12301000	28	-1810	8569	552236
12311000	31	-1805	9457	553803
12321000	25	-1801	7586	555058
12331000	28	-1804	8456	554186
12341000	24	-1800	7343	555443
12351000	26	-1796	7998	556618
12361000	28	-1792	8606	557803
12371000	25	-1791	7922	558115
12381000	26	-1789	8162	558910
12391000	28	-1787	8855	559458
12401000	29	-1785	9235	560198
12411000	29	-1785	8993	560213
12421000	30	-1778	9482	562129
12431000	29	-1781	9232	561455
12441000	31	-1777	9911	562677
12451000	33	-1776	10352	562799
12461000	32	-1778	10053	562144
12471000	30	-1776	9633	562895
12481000	33	-1774	10490	563388
12491000	32	-1774	10138	563415
12501000	31	-1772	9767	564167
12511000	33	-1770	10465	564624
12521000	31	-1772	9860	564244
12531000	32	-1766	10325	566211
12541000	33	-1765	10704	566311
12551000	33	-1765	10547	566255
12561000	36	-1762	11580	567171
12571000	31	-1757	9948	568893
12581000	35	-1757	11433	568763
12591000	37	-1751	11987	570772
12601000	37	-1747	12222	572312
12611000	33	-1737	11069	575651
12621000	29	-1738	9623	575147
12631000	32	-1731	10606	577566
12641000	29	-1731	9550	577465
12651000	35	-1724	11690	579724
12661000	33	-1726	10978	579300
12671000	31	-1721	10404	580844
12681000	31	-1722	10492	580559
12691000	31	-1718	10366	581797
12701000	31	-1713	10649	583423
12711000	31	-1716	10482	582693
12721000	33	-1714	11239	583287
12731000	31	-1713	10552	583666
12741000	32	-1710	10847	584564
12751000	32	-1711	10910	584305
12761000	30	-1706	10332	585874
12771000	31	-1707	10647	585570
12781000	32	-1707	11025	585720
12791000	30	-1702	10448	587315
12801000	32	-1706	11087	585914
12811000	34	-1702	11808	587282
12821000	33	-1700	11292	588115
12831000	32	-1696	11171	589388
12841000	34	-1698	11811	588763
12851000	33	-1696	11378	589550
12861000	37	-1688	13042	592297
12871000	33	-1692	11592	590916
12881000	33	-1688	11530	592181
12891000	34	-1688	11919	592302
12901000	37	-1681	13242	594614
12911000	35	-1678	12375	595805
12921000	36	-1677	12795	595901
12931000	35	-1677	12519	595913
12941000	37	-1679	13139	595288
12951000	34	-1674	12093	597285
12961000	35	-1671	12386	598262
12971000	36	-1670	12807	598452
12981000	36	-1671	12985	598160
12991000	37	-1668	13344	599118
13001000	39	-1664	14020	600558
13011000	41	-1659	15021	602483
13021000	41	-1657	14996	603021
13031000	41	-1656	14970	603507
13041000	40	-1650	14700	605684
13051000	44	-1645	16195	607288
13061000	45	-1646	16409	606995
13071000	46	-1646	16883	607105
13081000	44	-1638	16538	610160
13091000	46	-1637	17145	610282
13101000	47	-1634	17472	611342
13111000	41	-1629	15496	613381
13121000	43	-1631	16032	612709
13131000	41	-1626	15432	614456
13141000	40	-1624	15071	615349
13151000	38	-1622	14496	616299
13161000	37	-1618	14292	617727
13171000	37	-1614	14118	619151
13181000	36	-1614	13801	619231
13191000	35	-1610	13616	620648
13201000	34	-1608	12996	621586
13211000	39	-1601	15369	624265
13221000	35	-1604	13433	623192
13231000	35	-1602	13453	623758
13241000	38	-1599	14714	624926
13251000	36	-1599	14244	624953
13261000	37	-1597	14565	626026
13271000	35	-1595	13778	626503
13281000	36	-1593	14024	627573
13291000	37	-1592	14564	627736
13301000	34	-1591	13606	628200
13311000	35	-1586	13809	630216
13321000	31	-1586	12452	630177
13331000	32	-1583	12741	631302
13341000	30	-1582	11815	631749
13351000	31	-1582	12447	631929
13361000	31	-1578	12337	633418
13371000	26	-1577	10430	633747
13381000	26	-1578	10554	633370
13391000	30	-1577	11993	633760
13401000	28	-1575	11405	634770
13411000	29	-1576	11476	634443
13421000	27	-1571	10862	636314
13431000	26	-1573	10684	635477
13441000	27	-1570	11037	636642
13451000	31	-1572	12570	636038
13461000	24	-1571	9697	636194
13471000	29	-1568	11917	637698
13481000	25	-1563	10221	639490
13491000	32	-1560	12945	640572
13501000	31	-1557	12854	642122
13511000	33	-1555	13743	642897
13521000	36	-1551	15132	644212
13531000	37	-1552	15210	643911
13541000	39	-1544	16143	647184
13551000	37	-1548	15414	645807
13561000	40	-1541	17017	648648
13571000	40	-1540	16700	648719
13581000	40	-1538	17026	649940
13591000	41	-1537	17494	650201
13601000	41	-1533	17333	651850
13611000	40	-1533	16899	651903
13621000	40	-1530	17227	653139
13631000	39	-1528	16640	654203
13641000	42	-1530	17893	653030
13651000	39	-1531	16515	652932
13661000	33	-1522	14455	656776
13671000	35	-1524	15087	656031
13681000	33	-1522	14041	656531
13691000	27	-1517	11646	658899
13701000	28	-1519	12314	658064
13711000	26	-1515	11509	660065
13721000	27	-1515	11693	659694
13731000	23	-1511	9868	661688
13741000	20	-1512	8882	661120
13751000	22	-1508	9603	662949
13761000	24	-1510	10425	662260
13771000	21	-1506	9245	663804
13781000	23	-1504	10198	664579
13791000	18	-1504	7947	664898
13801000	20	-1502	8893	665784
13811000	22	-1497	9761	667679
13821000	23	-1491	10346	670639
13831000	22	-1491	9730	670742
13841000	23	-1490	10244	671036
13851000	26	-1489	11908	671515
13861000	24	-1488	10871	672026
13871000	26	-1482	11965	674585
13881000	27	-1481	12466	674871
13891000	28	-1482	12617	674568
13901000	30	-1476	13904	677172
13911000	29	-1470	13357	680003
13921000	28	-1472	12958	678994
13931000	26	-1473	12123	678522
13941000	29	-1470	13625	680079
13951000	27	-1465	12674	682275
13961000	28	-1468	12918	680857
13971000	27	-1462	12443	683702
13981000	29	-1459	13855	685314
13991000	27	-1458	12644	685850
14001000	24	-1454	11212	687453
14011000	25	-1451	11730	688855
14021000	22	-1448	10400	690509
14031000	28	-1448	13244	690135
14041000	28	-1443	13411	692653
14051000	29	-1439	14226	694744
14061000	30	-1433	14388	697335
14071000	26	-1431	12463	698393
14081000	27	-1431	13118	698690
14091000	28	-1430	13752	699041
14101000	28	-1434	13717	696870
14111000	27	-1424	13442	701748
14121000	27	-1429	13205	699598
14131000	27	-1426	13487	701078
14141000	27	-1428	13144	700074
14151000	28	-1427	13849	700368
14161000	32	-1426	15555	700938
14171000	28	-1426	13737	700839
14181000	28	-1427	13836	700532
14191000	31	-1423	15433	702209
14201000	30	-1427	14525	700509
14211000	29	-1425	14370	701248
14221000	31	-1425	15030	701651
14231000	31	-1422	15473	703119
14241000	31	-1420	15288	703887
14251000	32	-1419	15860	704230
14261000	29	-1418	14643	704821
14271000	32	-1416	15726	705945
14281000	34	-1412	17226	707596
14291000	32	-1414	16119	707005
14301000	33	-1411	16570	708437
14311000	34	-1406	17419	710685
14321000	34	-1402	17042	712698
14331000	31	-1401	15622	713271
14341000	34	-1400	17452	713850
14351000	33	-1397	16676	715222
14361000	31	-1395	15841	716574
14371000	31	-1392	16165	718060
14381000	33	-1391	16816	718418
14391000	29	-1385	15129	721473
14401000	28	-1385	14577	721640
14411000	28	-1384	14375	722507
14421000	24	-1384	12504	722355
14431000	31	-1381	16109	724001
14441000	26	-1380	13653	724382
14451000	25	-1380	12949	724534
14461000	27	-1374	14140	727579
14471000	28	-1379	14718	724726
14481000	27	-1373	14116	728111
14491000	27	-1374	14187	727712
14501000	24	-1369	12962	730293
14511000	28	-1370	15093	729716
14521000	32	-1362	17117	733607
14531000	27	-1358	14690	736036
14541000	25	-1362	13721	734097
14551000	30	-1353	16143	738845
14561000	26	-1357	13930	736686
14571000	29	-1350	15732	740663
14581000	27	-1349	15096	740818
14591000	31	-1344	17330	743534
14601000	24	-1344	13357	743685
14611000	28	-1335	15773	748583
14621000	29	-1332	16087	750274
14631000	32	-1331	18028	750956
14641000	29	-1328	16230	752941
14651000	27	-1331	15265	751001
14661000	28	-1326	16115	753540
14671000	28	-1325	16014	754507
14681000	32	-1323	18114	755242
14691000	31	-1322	18000	756218
14701000	23	-1319	13434	757635
14711000	27	-1320	15635	757030
14721000	26	-1320	14895	757198
14731000	30	-1315	17309	760086
14741000	29	-1317	16866	758921
14751000	26	-1316	15238	759593
14761000	27	-1313	15593	761424
14771000	29	-1314	16655	760526
14781000	25	-1311	14735	762617
14791000	26	-1314	15017	760826
14801000	28	-1312	16166	762090
14811000	25	-1312	14245	761999
14821000	27	-1308	15896	764106
14831000	26	-1308	15089	764234
14841000	29	-1307	17127	764990
14851000	30	-1303	17559	766868
14861000	29	-1302	17302	767886
14871000	30	-1301	17871	768304
14881000	30	-1303	17429	767083
14891000	33	-1299	19324	769273
14901000	31	-1297	18278	770834
14911000	33	-1297	19700	770737
14921000	32	-1293	19157	773099
14931000	34	-1286	20740	776759
14941000	32	-1291	19212	773875
14951000	36	-1285	22057	777770
14961000	36	-1287	21519	776391
14971000	34	-1288	20284	775737
14981000	34	-1285	20695	777653
14991000	35	-1282	21093	779535
15001000	34	-1280	20783	780523
15011000	34	-1281	20907	780181
15021000	35	-1280	21641	780683
15031000	35	-1278	21458	781753
15041000	38	-1274	23267	783937
15051000	33	-1274	20090	784364
15061000	38	-1272	23751	785570
15071000	36	-1271	22062	786332
15081000	35	-1267	21511	788886
15091000	39	-1264	24172	790518
15101000	37	-1267	23257	788395
15111000	31	-1256	19417	795747
15121000	35	-1253	22083	797444
15131000	36	-1251	23302	798859
15141000	38	-1246	24364	801825
15151000	33	-1244	21602	803240
15161000	31	-1242	20381	804957
15171000	31	-1240	20104	806085
15181000	29	-1237	19099	807865
15191000	23	-1234	15412	809859
15201000	29	-1236	18918	808613
15211000	28	-1234	18573	809745
15221000	27	-1234	17795	809946
15231000	28	-1237	18217	808020
15241000	26	-1231	17184	812260
15251000	25	-1229	16871	813394
15261000	26	-1229	17084	813031
15271000	24	-1227	16004	814876
15281000	29	-1226	19186	815162
15291000	27	-1226	18240	815347
15301000	26	-1226	17334	815535
15311000	27	-1225	17986	816095
15321000	27	-1225	18116	815707
15331000	28	-1224	18807	816286
15341000	28	-1223	18580	817466
15351000	28	-1223	18694	817089
15361000	28	-1224	18808	816713
15371000	29	-1219	19684	819827
15381000	29	-1221	19139	818432
15391000	31	-1217	21055	820984
15401000	33	-1212	22184	824244
15411000	33	-1217	21950	821183
15421000	34	-1214	23260	822744
15431000	33	-1210	22711	825594
15441000	33	-1208	22422	826872
15451000	34	-1208	23073	827406
15461000	34	-1204	23297	829575
15471000	31	-1203	21436	830473
15481000	32	-1202	22231	831074
15491000	36	-1197	24845	834690
15501000	36	-1198	24854	834227
15511000	37	-1195	26178	835851
15521000	31	-1196	21967	835374
15531000	36	-1193	25031	837404
15541000	35	-1195	24356	835863
15551000	35	-1192	24683	838081
15561000	34	-1192	23792	838348
15571000	34	-1189	24198	840688
15581000	34	-1189	24250	840218
15591000	33	-1189	23326	840423
15601000	33	-1183	23306	844540
15611000	29	-1184	20589	844381
15621000	32	-1182	22984	845289
15631000	30	-1180	21566	847141
15641000	31	-1179	22385	847804
15651000	33	-1176	23799	849556
15661000	30	-1175	21691	850381
15671000	30	-1172	21975	852636
15681000	28	-1173	20327	851908
15691000	29	-1172	21101	852600
15701000	32	-1167	23826	856434
15711000	33	-1166	24517	857002
15721000	29	-1168	21204	855761
15731000	41	-1149	31300	869021
15741000	39	-1151	29541	868152
15751000	39	-1149	29180	869461
15761000	39	-1142	29842	874993
15771000	37	-1151	27582	868278
15781000	38	-1150	28412	868970
15791000	42	-1147	31594	871054
15801000	38	-1143	28981	873859
15811000	41	-1141	31651	874966
15821000	43	-1143	32796	873793
15831000	40	-1142	30607	874744
15841000	39	-1142	29554	874987
15851000	43	-1138	32873	877273
15861000	40	-1139	31151	876497
15871000	41	-1139	31820	877055
15881000	40	-1139	30723	877258
15891000	43	-1137	33462	878471
15901000	40	-1137	30580	878360
15911000	41	-1135	32034	880146
15921000	42	-1134	32771	880828
15931000	42	-1134	32830	880427
15941000	33	-1134	25809	881358
15951000	40	-1134	30732	881030
15961000	42	-1134	32638	880935
15971000	41	-1132	32233	882350
15981000	40	-1132	31133	882667
15991000	42	-1133	32376	881547
16001000	39	-1128	30331	885481
16011000	37	-1128	29224	885784
16021000	38	-1127	30085	886582
16031000	38	-1123	30472	889245
16041000	36	-1125	28573	888232
16051000	37	-1120	29657	891999
16061000	39	-1121	30948	890906
16071000	37	-1115	29637	896247
16081000	40	-1113	32370	897326
16091000	36	-1111	28817	899068
16101000	37	-1110	29739	900014
16111000	35	-1106	28800	903553
16121000	35	-1100	28628	908140
16131000	35	-1101	28650	907531
16141000	35	-1101	28711	907090
16151000	31	-1098	25774	910155
16161000	35	-1091	29583	915933
16171000	31	-1095	26041	912367
16181000	27	-1093	22354	914230
16191000	32	-1088	26787	918216
16201000	35	-1086	29627	919500
16211000	34	-1082	28604	923047
16221000	33	-1084	27931	921323
16231000	31	-1082	26149	923673
16241000	35	-1077	30564	927590
16251000	36	-1077	30620	927072
16261000	34	-1073	29697	930825
16271000	34	-1070	30012	933851
16281000	33	-1073	28476	930703
16291000	28	-1076	24326	928980
16301000	30	-1069	26138	934539
16311000	39	-1060	34511	941883
16321000	37	-1062	32358	940881
16331000	37	-1058	32655	943790
16341000	39	-1058	34851	943796
16351000	36	-1053	32537	948657
16361000	37	-1052	33435	949540
16371000	32	-1050	29350	951385
16381000	37	-1051	33026	950514
16391000	40	-1049	36092	951984
16401000	34	-1049	31159	952626
16411000	38	-1041	35406	959007
16421000	40	-1043	36883	957668
16431000	36	-1043	33337	957580
16441000	33	-1042	30616	958931
16451000	36	-1042	32910	958916
16461000	40	-1042	36620	957898
16471000	30	-1040	27350	960981
16481000	31	-1037	29019	963349
16491000	28	-1036	26181	964438
16501000	35	-1036	32203	964198
16511000	34	-1038	31427	962362
16521000	31	-1033	28870	967341
16531000	29	-1033	27515	967704
16541000	29	-1029	27726	970808
16551000	25	-1026	24192	974173
16561000	29	-1028	27203	972022
16571000	27	-1032	25537	968575
16581000	34	-1028	31898	972122
16591000	28	-1023	26984	976356
16601000	27	-1023	25603	976873
16611000	31	-1019	29633	980002
16621000	29	-1023	27988	976398
16631000	30	-1014	29311	984879
16641000	28	-1016	26962	983754
16651000	30	-1011	29629	987861
16661000	35	-1010	34443	988592
16671000	32	-1009	31417	989703
16681000	31	-1011	30640	987876
16691000	32	-1006	31824	992933
16701000	32	-1007	31866	992334
16711000	32	-1005	31267	994097
16721000	32	-1005	31308	993560
16731000	33	-1004	32208	994601
16741000	31	-1000	30978	999014
16751000	33	-1001	32568	997553
16761000	33	-1002	32627	997193
16771000	34	-1000	33573	998446
