f/Hz	Re{Y}/µS	Im{Y}/µS	Re{Z}/mOhm	Im{Z}/mOhm
1000	6	-7	75743090	77954617
11000	-11	0	-89748819	-290746
21000	-8	0	-123628986	-1946380
31000	-7	0	-137051655	-5234020
41000	-8	1	-123066754	-21518631
51000	-9	2	-107140616	-19288364
61000	-8	2	-114884840	-26220300
71000	-7	2	-124286313	-36248757
81000	-7	2	-133661203	-49813931
91000	-7	4	-99218902	-59014776
101000	-4	4	-127048144	-125569377
111000	-8	1	-120207417	-9460479
121000	-9	4	-88690421	-43220676
131000	-6	5	-100105824	-73977098
141000	-10	4	-85479708	-36151205
151000	-10	7	-66745719	-47737989
161000	-10	5	-81993185	-39509672
171000	-10	8	-63219539	-48930270
181000	-11	8	-60176259	-44411111
191000	-10	8	-59797265	-49808326
201000	-9	9	-58413932	-55569784
211000	-10	11	-47098530	-50715057
221000	-11	7	-63160943	-43912611
231000	-11	9	-56796855	-45833021
241000	-11	13	-36732509	-45836119
251000	-9	8	-65699992	-55965574
261000	-29	13	-28762928	-12905390
271000	-13	11	-45621815	-37024676
281000	-10	10	-49038178	-51519695
291000	-4	11	-29814040	-76058781
301000	-11	12	-42572349	-47241355
311000	-11	12	-41715974	-43830876
321000	-11	13	-37546443	-43508585
331000	-11	13	-39466205	-43871637
341000	-8	14	-30976121	-54829092
351000	-9	12	-37969920	-54235790
361000	-13	13	-39443267	-38426985
371000	-10	13	-37570887	-46890946
381000	-10	14	-33712916	-45792997
391000	-10	14	-31749294	-48136153
401000	-9	17	-24834464	-47341079
411000	-10	13	-35265913	-49550363
421000	-10	17	-25787453	-42454175
431000	-10	18	-24056334	-43924406
441000	-10	17	-25303774	-44665685
451000	-8	16	-23738599	-49602027
461000	-7	18	-17834971	-47348679
471000	-8	17	-22271006	-48431761
481000	-8	18	-19881217	-46273214
491000	-6	18	-17379643	-50576635
501000	-2	15	-7968153	-67755877
511000	-8	20	-16912654	-43198101
521000	-9	19	-20597958	-44062816
531000	-5	20	-12392133	-47106787
541000	-5	21	-11134883	-44688099
551000	-6	21	-12446790	-43261165
561000	-5	20	-12400601	-46937524
571000	-6	24	-10274398	-39448885
581000	-5	21	-11667202	-45625710
591000	-10	23	-15992307	-37429451
601000	-7	23	-12240920	-39866986
611000	-7	22	-12851392	-40671749
621000	-8	24	-12111427	-37034593
631000	-10	24	-14751334	-35986594
641000	-8	25	-11626140	-36249538
651000	-6	25	-9769489	-38297961
661000	-5	27	-7359631	-36073911
671000	-9	26	-11843771	-34402036
681000	-11	27	-12604478	-31859990
691000	-9	27	-11407957	-33741179
701000	-11	28	-12139498	-31277336
711000	-12	28	-12627494	-30335980
721000	-9	25	-12812948	-35447664
731000	-13	29	-13408228	-28522093
741000	-11	27	-12580651	-31624937
751000	-10	24	-14610990	-35456997
761000	-13	30	-12199880	-28526853
771000	-12	30	-11375786	-28891744
781000	-14	31	-11772812	-26995990
791000	-14	31	-12136170	-27339170
801000	-13	31	-11399994	-27690630
811000	-14	29	-12925199	-28030014
821000	-13	30	-12148483	-28433215
831000	-15	34	-11287215	-24605793
841000	-15	33	-11611115	-24864493
851000	-15	32	-12027542	-26111396
861000	-14	32	-11354384	-26460168
871000	-14	33	-10704877	-25751299
881000	-13	33	-10070728	-26033561
891000	-14	35	-9570209	-24464606
901000	-15	34	-10743669	-24772288
911000	-14	34	-10100831	-25041163
921000	-15	36	-9584604	-23585281
931000	-15	36	-9855502	-23839914
941000	-14	34	-10108680	-24989070
951000	-15	36	-9602449	-23530632
961000	-14	37	-9051344	-23751593
971000	-13	35	-9230261	-24833421
981000	-13	38	-8036646	-23307676
991000	-15	43	-7279304	-20700731
1001000	-11	37	-7551399	-24502066
1011000	-13	45	-5848154	-20796566
1021000	-12	39	-7512913	-23394692
1031000	-12	41	-6445164	-22646339
1041000	-10	42	-5293257	-22509675
1051000	-10	40	-5884014	-23670577
1061000	-9	40	-5360040	-23739126
1071000	-10	42	-5339961	-22459781
1081000	-9	41	-5237273	-23362895
1091000	-8	43	-4373087	-22485762
1101000	-8	42	-4484993	-22756574
1111000	-8	42	-4604326	-23037689
1121000	-7	43	-3498058	-22720280
1131000	-6	43	-3029923	-22684816
1141000	-7	42	-3707725	-23315624
1151000	-5	43	-2628773	-22932830
1161000	-7	44	-3384612	-22105642
1171000	-5	44	-2603356	-22588255
1181000	-5	45	-2483773	-21978563
1191000	-5	43	-2743970	-23147900
1201000	-7	44	-3506193	-22312277
1211000	-4	44	-2181954	-22452585
1221000	-6	44	-3129737	-22524212
1231000	-9	44	-4369547	-21965118
1241000	-5	43	-2727899	-22742608
1251000	-5	45	-2613551	-22134448
1261000	-7	44	-3547978	-22196580
1271000	-7	45	-3390263	-21633252
1281000	-7	45	-3484005	-21891844
1291000	-8	45	-3858623	-21597596
1301000	-7	43	-3676470	-22407725
1311000	-7	43	-3771759	-22678442
1321000	2	40	1550648	-24875519
1331000	-8	46	-3732730	-20989329
1341000	-9	45	-4362519	-21458067
1351000	-9	44	-4472041	-21712432
1361000	-9	45	-4270272	-21158660
1371000	-11	47	-4809165	-20349161
1381000	-12	45	-5459376	-20753524
1391000	-10	45	-4852508	-21352378
1401000	-11	45	-5187615	-21037345
1411000	-11	46	-4947462	-20519245
1421000	-11	46	-5072251	-20726000
1431000	-13	47	-5531674	-19904670
1441000	-13	46	-5669673	-20112170
1451000	-12	48	-4946357	-19509882
1461000	-12	48	-5065822	-19709282
1471000	-13	46	-5701532	-20068706
1481000	-13	46	-5830277	-20268512
1491000	-15	49	-5811205	-18820892
1501000	-13	50	-5013028	-18757552
1511000	-14	50	-5257030	-18493222
1521000	-15	50	-5485829	-18224045
1531000	-12	48	-4732081	-19644986
1541000	-13	48	-5482044	-19495636
1551000	-13	49	-5263298	-19069198
1561000	-15	50	-5625552	-18323270
1571000	-13	49	-5038309	-19290874
1581000	-15	53	-4809259	-17480603
1591000	-15	52	-5316778	-17749473
1601000	-12	51	-4325259	-18494764
1611000	-14	52	-4700509	-17831490
1621000	-12	54	-4003750	-17708771
1631000	-11	52	-3933261	-18271191
1641000	-13	53	-4331144	-17658054
1651000	-13	56	-3960678	-16811592
1661000	-11	55	-3385847	-17530694
1671000	-12	55	-3620575	-17325121
1681000	-12	56	-3499072	-16981870
1691000	-8	56	-2536777	-17476387
1701000	-9	56	-2779988	-17302493
1711000	-10	55	-3195416	-17652783
1721000	-11	57	-3246798	-16948749
1731000	-7	61	-1778742	-16221304
1741000	-9	58	-2704621	-16914513
1751000	-9	59	-2614434	-16563658
1761000	-9	60	-2536810	-16245261
1771000	-7	61	-1832014	-16321397
1781000	-6	59	-1673092	-16761502
1791000	-9	59	-2391227	-16502753
1801000	-7	61	-1862934	-16284245
1811000	-9	62	-2262979	-15861431
1821000	-9	59	-2438687	-16459411
1831000	-5	63	-1373709	-15862947
1841000	-7	60	-1945101	-16388130
1851000	-6	62	-1629418	-15879135
1861000	-6	63	-1401544	-15821164
1871000	-7	62	-1877965	-15875461
1881000	-9	61	-2360203	-15911807
1891000	-4	61	-1018263	-16300180
1901000	-7	61	-1723746	-16126575
1911000	-6	63	-1429980	-15635615
1921000	-4	63	-1024239	-15814776
1931000	-7	63	-1679970	-15648876
1941000	-7	63	-1713240	-15777742
1951000	-7	62	-1752186	-15916229
1961000	-6	61	-1610435	-16318270
1971000	-7	63	-1752836	-15745420
1981000	-7	64	-1710856	-15438335
1991000	-8	61	-2099250	-16186185
2001000	-8	62	-2044822	-15867635
2011000	-9	56	-2934540	-17358500
2021000	-9	65	-2093788	-15034923
2031000	-6	66	-1490461	-15069961
2041000	-10	63	-2444175	-15417536
2051000	-9	67	-2034324	-14604088
2061000	-10	66	-2314313	-14867078
2071000	-13	66	-2875986	-14618487
2081000	-10	66	-2310572	-14721708
2091000	-10	68	-2018785	-14326780
2101000	-10	64	-2251084	-15194725
2111000	-11	66	-2325794	-14674252
2121000	-11	68	-2271986	-14418051
2131000	-11	67	-2312760	-14534992
2141000	-12	69	-2382001	-14063939
2151000	-11	69	-2202904	-14051980
2161000	-12	70	-2368409	-13937884
2171000	-10	58	-3038061	-16758817
2181000	-10	69	-2104332	-14248283
2191000	-12	70	-2392938	-13911899
2201000	-8	70	-1528107	-14040129
2211000	-13	71	-2490156	-13556099
2221000	-11	73	-2114257	-13427834
2231000	-12	71	-2357741	-13636861
2241000	-13	72	-2503635	-13512785
2251000	-12	73	-2132166	-13387495
2261000	-9	73	-1650046	-13442232
2271000	-13	74	-2225246	-13077188
2281000	-10	75	-1762241	-13137938
2291000	-13	77	-2121251	-12668254
2301000	-10	75	-1756395	-13011465
2311000	-10	78	-1658045	-12528869
2321000	-10	78	-1689267	-12610780
2331000	-4	81	-554318	-12273783
2341000	-12	83	-1669063	-11816093
2351000	-10	79	-1552068	-12461729
2361000	-9	79	-1418023	-12431443
2371000	-8	80	-1282533	-12404635
2381000	-7	81	-997732	-12257212
2391000	-6	81	-870663	-12220895
2401000	-8	81	-1153034	-12274153
2411000	-7	81	-1023901	-12231484
2421000	-8	82	-1155994	-12158122
2431000	-7	84	-996774	-11872307
2441000	-8	84	-1123989	-11813429
2451000	-7	82	-1032887	-12034182
2461000	-7	82	-1052935	-12109270
2471000	-8	82	-1186140	-12037965
2481000	-6	83	-805953	-12030841
2491000	-8	86	-1021470	-11584862
2501000	-6	83	-817696	-11931951
2511000	-7	84	-949510	-11869410
2521000	-8	84	-1077230	-11808162
2531000	-9	86	-1164463	-11495147
2541000	-8	86	-1049880	-11465374
2551000	-8	86	-1069679	-11541764
2561000	-7	86	-951425	-11506442
2571000	-7	88	-942287	-11345200
2581000	-8	88	-1058767	-11280282
2591000	-9	86	-1209793	-11444373
2601000	-10	87	-1326291	-11377891
2611000	-8	88	-1086677	-11261417
2621000	-9	88	-1204241	-11205554
2631000	-7	89	-872751	-11209509
2641000	-8	89	-987617	-11157112
2651000	-9	89	-1105120	-11096072
2661000	-0	91	-11316	-10986053
2671000	-9	90	-1109415	-10999257
2681000	-22	89	-2642761	-10517103
2691000	-10	90	-1235862	-11008198
2701000	-11	90	-1343718	-10946807
2711000	-10	90	-1241520	-10915352
2721000	-10	90	-1264274	-10980777
2731000	-10	94	-1097614	-10546863
2741000	-11	92	-1229956	-10691273
2751000	-10	91	-1166592	-10866787
2761000	-9	95	-1007370	-10439766
2771000	-11	96	-1187054	-10276163
2781000	-10	96	-1093876	-10254028
2791000	-10	97	-1004553	-10230363
2801000	-11	96	-1206132	-10258994
2811000	-10	97	-1007217	-10159757
2821000	-12	99	-1172869	-9997111
2831000	-10	98	-1008445	-10075998
2841000	-10	100	-997423	-9949888
2851000	-10	99	-1009639	-10008643
2861000	-11	99	-1097905	-9962758
2871000	-11	100	-1086146	-9843400
2881000	-12	101	-1172081	-9789262
2891000	-11	101	-1087487	-9772135
2901000	-10	101	-931166	-9843927
2911000	-12	104	-1066222	-9538487
2921000	-12	101	-1108491	-9752055
2931000	-8	104	-747695	-9514851
2941000	-14	105	-1213339	-9332771
2951000	-10	105	-917473	-9428223
2961000	-9	104	-862771	-9565498
2971000	-9	104	-785198	-9541814
2981000	-10	103	-959768	-9571461
2991000	-10	106	-864029	-9384389
3001000	-20	114	-1503038	-8476081
3011000	0	111	34902	-9044953
3021000	-9	107	-797056	-9299710
3031000	-9	106	-805409	-9344720
3041000	-10	107	-887789	-9304760
3051000	-10	106	-898465	-9347249
3061000	-12	107	-1043915	-9216266
3071000	-10	105	-925165	-9440072
3081000	-11	105	-1007286	-9397236
3091000	-12	104	-1113110	-9514381
3101000	-11	106	-1012465	-9340356
3111000	-10	105	-868025	-9407948
3121000	-12	105	-1043025	-9428710
3131000	-12	106	-1034927	-9317387
3141000	-10	106	-892738	-9385393
3151000	-11	104	-996575	-9503313
3161000	-12	106	-1054730	-9299289
3171000	-11	103	-1026383	-9592121
3181000	-10	105	-925793	-9410565
3191000	-11	106	-1007784	-9367951
3201000	-11	105	-1023628	-9414780
3211000	-11	105	-945277	-9393639
3221000	-12	106	-1025690	-9349440
3231000	-12	105	-1041779	-9394714
3241000	-12	105	-1056700	-9442999
3251000	-11	107	-956574	-9264790
3261000	-12	104	-1087593	-9534243
3271000	-11	106	-989911	-9355768
3281000	-10	106	-914620	-9327794
3291000	-11	107	-911765	-9214785
3301000	-11	106	-1010285	-9326646
3311000	-12	107	-1002151	-9222298
3321000	-13	107	-1082012	-9179774
3331000	-10	108	-859911	-9174058
3341000	-6	109	-489293	-9166446
3351000	-14	108	-1161153	-9071296
3361000	-10	108	-877011	-9158562
3371000	-10	108	-888757	-9203213
3381000	-10	108	-816129	-9180801
3391000	-9	110	-729258	-9005556
3401000	-11	110	-889222	-9037542
3411000	-10	110	-823562	-9010258
3421000	-9	113	-665120	-8785293
3431000	-9	112	-749483	-8890665
3441000	-9	112	-685270	-8865870
3451000	-10	111	-773106	-8970657
3461000	-10	115	-745733	-8593593
3471000	-9	112	-708919	-8848639
3481000	-7	114	-568323	-8759036
3491000	-10	116	-764979	-8582345
3501000	-10	115	-776272	-8620459
3511000	-8	116	-583832	-8602808
3521000	-9	118	-641749	-8443456
3531000	-8	116	-590951	-8551138
3541000	-11	118	-776516	-8381040
3551000	-12	119	-842510	-8353550
3561000	-9	120	-591192	-8290429
3571000	-10	120	-653586	-8264769
3581000	-10	120	-663301	-8301249
3591000	-11	119	-795703	-8324382
3601000	-10	120	-672471	-8245484
3611000	-12	122	-791607	-8146236
3621000	-9	120	-627272	-8252827
3631000	-9	122	-625984	-8165079
3641000	-11	123	-742697	-8069842
3651000	-11	123	-691731	-8052090
3661000	-11	123	-701034	-8089762
3671000	-12	121	-778674	-8172897
3681000	-8	125	-532532	-7994774
3691000	-13	125	-821879	-7942548
3701000	-11	126	-711255	-7875400
3711000	-13	125	-835579	-7893589
3721000	-12	124	-792888	-7994198
3731000	-14	125	-902383	-7898926
3741000	-13	125	-801519	-7940671
3751000	-11	126	-686754	-7869902
3761000	-14	126	-855694	-7828825
3771000	-12	128	-742868	-7767846
3781000	-11	126	-701119	-7861259
3791000	-14	128	-856548	-7711530
3801000	-14	124	-898191	-7961199
3811000	-14	128	-816303	-7725412
3821000	-14	129	-811198	-7648803
3831000	-13	126	-787593	-7847952
3841000	-15	125	-910655	-7865760
3851000	-15	130	-872884	-7572169
3861000	-15	130	-884631	-7602342
3871000	-14	128	-851595	-7691145
3881000	-13	129	-800057	-7675521
3891000	-14	128	-810740	-7704512
3901000	-12	130	-702584	-7642237
3911000	-12	131	-700439	-7564226
3921000	-12	131	-712330	-7591878
3931000	-11	132	-608237	-7527910
3941000	-13	130	-774593	-7597200
3951000	-13	130	-785656	-7627741
3961000	-12	129	-689164	-7663287
3971000	-9	135	-471087	-7397783
3981000	-11	133	-630589	-7467523
3991000	-12	133	-683785	-7443910
4001000	2	138	124128	-7222818
4011000	-8	141	-392614	-7050217
4021000	-9	134	-502390	-7451210
4031000	-8	137	-406203	-7286098
4041000	-9	135	-462510	-7359374
4051000	-10	136	-516912	-7335265
4061000	-6	139	-329720	-7177901
4071000	-6	137	-335687	-7298146
4081000	-7	138	-342162	-7225519
4091000	-7	138	-350152	-7253975
4101000	-5	139	-261097	-7188856
4111000	-6	141	-313322	-7080661
4121000	-6	141	-276490	-7060789
4131000	-8	140	-418072	-7128831
4141000	-5	139	-282993	-7202660
4151000	-5	143	-248430	-7002251
4161000	-5	145	-215157	-6896262
4171000	-5	144	-217306	-6918959
4181000	-5	141	-265572	-7075279
4191000	-6	144	-273058	-6923656
4201000	-3	141	-135445	-7077746
4211000	-20	140	-1001055	-6998876
4221000	-3	144	-156309	-6953461
4231000	-3	143	-161721	-6979749
4241000	-4	144	-212339	-6960011
4251000	-5	142	-257329	-7032234
4261000	-12	134	-648640	-7422635
4271000	-5	143	-268955	-6995660
4281000	-6	144	-274912	-6936528
4291000	-7	142	-322058	-7004025
4301000	-10	150	-450523	-6651088
4311000	-8	146	-376341	-6833793
4321000	-8	142	-383484	-7032500
4331000	-12	151	-503609	-6588901
4341000	-7	150	-309486	-6655451
4351000	-10	140	-494322	-7103244
4361000	-6	145	-273069	-6909438
4371000	-4	148	-197215	-6763851
4381000	-8	150	-364824	-6626960
4391000	-3	149	-123428	-6726530
4401000	-7	149	-333789	-6714701
4411000	-8	149	-379370	-6693619
4421000	-8	148	-343996	-6755933
4431000	-9	150	-388635	-6658684
4441000	-8	150	-351796	-6643680
4451000	-9	150	-395376	-6625936
4461000	-6	149	-281465	-6688441
4471000	-9	151	-406752	-6589678
4481000	-8	151	-332638	-6611687
4491000	-9	153	-375469	-6516716
4501000	-9	154	-379405	-6464153
4511000	-6	155	-269471	-6447118
4521000	-6	151	-274613	-6625248
4531000	-9	154	-394123	-6450629
4541000	-11	155	-438469	-6430848
4551000	-9	156	-365714	-6381734
4561000	-9	154	-372602	-6478515
4571000	-9	157	-375835	-6350951
4581000	-9	156	-382088	-6370746
4591000	-7	157	-278558	-6354574
4601000	-9	160	-355550	-6231870
4611000	-8	157	-323022	-6361595
4621000	-4	158	-146935	-6337543
4631000	-5	158	-190701	-6320659
4641000	-7	159	-269328	-6269430
4651000	-7	157	-272317	-6365135
4661000	1	155	26264	-6443619
4671000	-4	155	-161929	-6444532
4681000	-8	161	-322647	-6177970
4691000	-7	160	-290811	-6231552
4701000	-9	162	-333636	-6146886
4711000	-11	170	-367950	-5871335
4721000	-13	156	-532224	-6364560
4731000	-7	166	-243538	-6031250
4741000	-7	162	-281457	-6151289
4751000	-5	163	-183242	-6132874
4761000	-7	162	-255941	-6155811
4771000	-7	163	-263489	-6108010
4781000	-7	163	-265853	-6123497
4791000	-4	162	-164790	-6171932
4801000	-6	161	-234797	-6195955
4811000	-5	163	-179440	-6142954
4821000	-7	164	-251836	-6097017
4831000	-5	163	-187395	-6115622
4841000	-5	157	-216834	-6380126
4851000	-8	165	-302157	-6051477
4861000	-7	165	-240111	-6068030
4871000	-8	165	-277398	-6056582
4881000	-4	165	-147019	-6072288
4891000	-8	165	-285822	-6030237
4901000	-6	163	-222922	-6113011
4911000	-6	165	-229616	-6063551
4921000	-5	163	-198819	-6114570
4931000	-7	165	-239021	-6034128
4941000	-6	164	-209105	-6085773
4951000	-5	163	-178658	-6134740
4961000	-5	166	-189707	-6019490
4971000	-9	162	-356496	-6143817
4981000	-7	163	-261826	-6126177
4991000	-3	155	-108321	-6430310
5001000	0	169	9476	-5915808
5011000	-8	164	-313080	-6086551
5021000	-5	164	-177539	-6096587
5031000	-5	167	-189074	-5983642
5041000	-6	168	-197232	-5935778
5051000	-8	167	-297823	-5990229
5061000	-6	166	-233897	-6005561
5071000	-5	170	-180767	-5889448
5081000	-6	168	-214050	-5938848
5091000	-4	168	-153004	-5954760
5101000	-3	171	-99315	-5841933
5111000	-5	170	-166458	-5865505
5121000	-6	169	-198867	-5913655
5131000	-7	169	-235938	-5900502
5141000	-5	171	-182312	-5851830
5151000	-4	169	-148922	-5900209
5161000	-4	178	-119544	-5611461
5171000	-2	175	-80221	-5713245
5181000	-3	175	-85953	-5729323
5191000	-6	172	-204269	-5814580
5201000	-6	174	-183589	-5738584
5211000	-6	182	-174242	-5495001
5221000	-5	174	-159682	-5739261
5231000	-4	173	-135091	-5782751
5241000	-3	176	-90044	-5675657
5251000	-2	180	-72404	-5545383
5261000	-4	182	-110460	-5480278
5271000	-3	178	-106415	-5609585
5281000	-4	177	-133635	-5652547
5291000	-3	186	-83022	-5366247
5301000	0	175	14258	-5701839
5311000	-9	172	-297323	-5802355
5321000	-8	181	-245516	-5526444
5331000	-20	178	-617747	-5558124
5341000	1	181	29854	-5534519
5351000	-4	179	-109980	-5592151
5361000	-5	181	-146184	-5526042
5371000	-1	192	-20660	-5219004
5381000	-22	177	-698722	-5566754
5391000	-10	183	-305133	-5434592
5401000	-3	184	-89136	-5439236
5411000	-4	179	-137555	-5568883
5421000	-6	183	-177763	-5447550
5431000	-3	184	-101409	-5429544
5441000	-6	185	-162745	-5394098
5451000	-2	187	-64827	-5346327
5461000	-4	175	-118260	-5727830
5471000	-10	192	-262210	-5205126
5481000	-6	177	-187490	-5650646
5491000	-5	187	-131575	-5353535
5501000	-1	179	-29580	-5598406
5511000	1	197	26416	-5063879
5521000	-9	193	-232899	-5169420
5531000	-5	186	-146354	-5359176
5541000	12	189	332568	-5266232
5551000	-9	187	-264982	-5338654
5561000	-4	189	-111532	-5294559
5571000	-20	186	-579614	-5304794
5581000	-4	191	-97664	-5245737
5591000	-1	191	-25441	-5226333
5601000	-1	191	-29959	-5238003
5611000	-1	184	-39488	-5435206
5621000	-3	200	-86879	-5002378
5631000	-2	190	-66414	-5254522
5641000	2	191	53469	-5227799
5651000	1	183	34249	-5458409
5661000	-4	191	-106357	-5222683
5671000	-3	195	-69528	-5131689
5681000	10	194	273343	-5132701
5691000	0	187	2895	-5354264
5701000	-5	188	-136691	-5306070
5711000	-11	196	-275984	-5096521
5721000	-0	187	-10465	-5342690
5731000	-3	200	-80607	-4992889
5741000	-3	194	-68143	-5149759
5751000	-2	193	-44493	-5188063
5761000	4	198	104596	-5056780
5771000	2	190	58970	-5249384
5781000	-0	189	-8500	-5302176
5791000	-4	204	-85017	-4908216
5801000	-2	197	-47321	-5080934
5811000	4	196	114016	-5088628
5821000	-2	202	-48380	-4942916
5831000	6	196	161621	-5100838
5841000	2	196	56775	-5088724
5851000	-0	199	-885	-5015424
5861000	-2	199	-54223	-5035303
5871000	-7	194	-184710	-5152645
5881000	-9	195	-241090	-5120912
5891000	5	194	126509	-5156863
5901000	-0	202	-3521	-4954784
5911000	-2	201	-49987	-4976604
5921000	0	195	9898	-5123040
5931000	-5	199	-128478	-5022427
5941000	-1	200	-17999	-5005018
5951000	7	199	175642	-5030242
5961000	-6	200	-161862	-4994438
5971000	-1	198	-20102	-5043385
5981000	-3	197	-90291	-5086797
5991000	3	199	87512	-5034811
6001000	-3	192	-87458	-5210977
6011000	-3	198	-81472	-5051137
6021000	3	197	81699	-5065515
6031000	-2	197	-39560	-5070135
6041000	-2	196	-59360	-5109843
6051000	-7	192	-185515	-5209526
6061000	-1	192	-34292	-5207447
6071000	-2	197	-50676	-5074182
6081000	-4	198	-108092	-5042375
6091000	-3	190	-87435	-5248866
6101000	-6	204	-153594	-4902605
6111000	-12	194	-310433	-5143333
6121000	-4	204	-93164	-4902267
6131000	0	200	5370	-4994458
6141000	-6	196	-147403	-5091977
6151000	-2	203	-49926	-4932382
6161000	-4	197	-113386	-5065992
6171000	0	198	3054	-5046009
6181000	-4	204	-86946	-4907526
6191000	-3	211	-63161	-4741261
6201000	-1	198	-29057	-5061100
6211000	-6	199	-157382	-5015826
6221000	-7	198	-181504	-5053936
6231000	-4	201	-98032	-4963998
6241000	0	199	3404	-5012688
6251000	-5	195	-133919	-5134762
6261000	-10	199	-245955	-5008471
6271000	-5	201	-113201	-4964378
6281000	-7	200	-182405	-5005443
6291000	-5	202	-122472	-4942446
6301000	-4	201	-101262	-4974485
6311000	-5	204	-110572	-4895320
6321000	-5	204	-113161	-4906706
6331000	-3	208	-62473	-4803456
6341000	-5	209	-111171	-4775488
6351000	-5	211	-117299	-4745734
6361000	-8	207	-177196	-4821114
6371000	-3	210	-78872	-4759999
6381000	-5	207	-120836	-4818680
6391000	-4	209	-81821	-4783304
6401000	-7	211	-151678	-4739688
6411000	6	212	137523	-4710915
6421000	-2	201	-54648	-4969193
6431000	-9	209	-201333	-4771748
6441000	-1	209	-13587	-4786816
6451000	-2	213	-48412	-4696052
6461000	-2	217	-43679	-4603709
6471000	-3	218	-67228	-4594865
6481000	-6	214	-122881	-4670779
6491000	-4	215	-89438	-4638788
6501000	-3	216	-73525	-4626707
6511000	3	207	78888	-4826486
6521000	-4	219	-86089	-4565718
6531000	-3	214	-57041	-4670087
6541000	-3	215	-63793	-4643753
6551000	-5	221	-99559	-4519172
6561000	-2	217	-33340	-4617561
6571000	-3	221	-67106	-4530973
6581000	-6	219	-124435	-4568573
6591000	-2	225	-46786	-4435934
6601000	1	221	23933	-4527922
6611000	-2	218	-51972	-4590948
6621000	-2	217	-32791	-4617079
6631000	-5	222	-107151	-4498574
6641000	-0	218	-1327	-4592217
6651000	-3	218	-65411	-4589546
6661000	-3	224	-63441	-4466129
6671000	-15	226	-293963	-4411172
6681000	-2	205	-44131	-4867554
6691000	-3	221	-65560	-4529150
6701000	-5	220	-104709	-4542696
6711000	-3	218	-64833	-4587239
6721000	-4	218	-88631	-4581094
6731000	-6	220	-116553	-4535245
6741000	-4	220	-80569	-4538119
6751000	-2	207	-50590	-4832385
6761000	-7	231	-125758	-4322996
6771000	-20	222	-399930	-4460574
6781000	-1	221	-18185	-4525853
6791000	-5	222	-100483	-4506664
6801000	-5	219	-99378	-4555957
6811000	-5	223	-108312	-4490192
6821000	-4	222	-72402	-4493733
6831000	-6	222	-111889	-4506830
6841000	-4	223	-78801	-4473634
6851000	-1	222	-22792	-4494710
6861000	-5	220	-97163	-4553318
6871000	-4	224	-89212	-4465424
6881000	-6	221	-125115	-4516521
6891000	-5	222	-110952	-4503465
6901000	-4	222	-75135	-4508581
6911000	-2	223	-42424	-4475988
6921000	-15	216	-329936	-4603102
6931000	-5	223	-103319	-4482033
6941000	-4	228	-82104	-4375918
6951000	-1	224	-17133	-4468702
6961000	-3	225	-60510	-4445652
6971000	-6	227	-122202	-4407835
6981000	-1	225	-11857	-4438119
6991000	-3	224	-66525	-4471480
7001000	3	220	54841	-4536894
7011000	-6	228	-115548	-4386152
7021000	-2	221	-46038	-4519013
7031000	-2	226	-43849	-4432941
7041000	0	228	624	-4379576
7051000	-6	227	-107217	-4402872
7061000	-2	230	-28883	-4345678
7071000	-2	231	-34936	-4319679
7081000	-1	228	-11766	-4377086
7091000	2	238	28573	-4208071
7101000	12	231	223658	-4310346
7111000	-3	234	-51697	-4281390
7121000	-2	234	-38526	-4272272
7131000	-2	234	-38188	-4280382
7141000	-0	233	-5693	-4283724
7151000	-3	234	-61881	-4281270
7161000	0	234	5218	-4278847
7171000	-2	239	-27402	-4175848
7181000	2	226	46910	-4418929
7191000	-3	239	-50079	-4174838
7201000	0	237	3241	-4221196
7211000	0	236	35	-4230429
7221000	-0	238	-5553	-4206596
7231000	-1	238	-24430	-4200679
7241000	-1	239	-11468	-4191349
7251000	-2	239	-30448	-4186901
7261000	-6	233	-108710	-4289540
7271000	1	239	12602	-4175736
7281000	-3	240	-59054	-4160271
7291000	-4	240	-60877	-4168674
7301000	-5	242	-83898	-4130790
7311000	0	238	6527	-4206528
7321000	-2	241	-38267	-4153458
7331000	-4	242	-76693	-4134100
7341000	-3	242	-46541	-4138346
7351000	-4	240	-64327	-4163010
7361000	-0	242	-5611	-4127770
7371000	-3	240	-52764	-4159404
7381000	0	242	5872	-4125018
7391000	-1	245	-19011	-4088070
7401000	-3	244	-51292	-4100686
7411000	-4	244	-72446	-4093684
7421000	7	242	125759	-4127612
7431000	-9	241	-162554	-4148985
7441000	-3	245	-47646	-4080480
7451000	-4	243	-62336	-4106425
7461000	-4	245	-67835	-4083529
7471000	-1	246	-24004	-4067615
7481000	-6	247	-90843	-4052831
7491000	-5	249	-81795	-4011803
7501000	-5	247	-79935	-4049388
7511000	-5	248	-84926	-4023765
7521000	-5	251	-78415	-3981774
7531000	-3	249	-46966	-4014790
7541000	-5	250	-82577	-3995521
7551000	-3	251	-40273	-3981580
7561000	-5	252	-75621	-3964127
7571000	-6	253	-93711	-3957231
7581000	-6	255	-86160	-3918140
7591000	-3	254	-41549	-3934278
7601000	-4	253	-55583	-3958759
7611000	-3	255	-51165	-3918764
7621000	-5	253	-78996	-3956461
7631000	-2	257	-31132	-3897407
7641000	-4	256	-59921	-3908189
7651000	-4	258	-53185	-3871597
7661000	-5	256	-78683	-3910775
7671000	-3	254	-46590	-3943199
7681000	-5	253	-78644	-3951456
7691000	-5	260	-67131	-3840378
7701000	-4	259	-52783	-3859963
7711000	-4	259	-53408	-3866916
7721000	-4	258	-54914	-3872714
7731000	-3	261	-48257	-3835338
7741000	-3	261	-38344	-3826240
7751000	-1	260	-21965	-3844650
7761000	13	263	180671	-3791370
7771000	-1	260	-12221	-3841916
7781000	-3	262	-46807	-3822183
7791000	-3	262	-36420	-3811466
7801000	-4	263	-53457	-3807721
7811000	-4	259	-62559	-3856833
7821000	-3	263	-42657	-3803604
7831000	-2	262	-29603	-3819333
7841000	-4	265	-63953	-3775302
7851000	-4	261	-59578	-3835290
7861000	-4	260	-59361	-3843296
7871000	-3	262	-36976	-3819135
7881000	-4	262	-53361	-3812360
7891000	-4	262	-54007	-3816669
7901000	-5	264	-75358	-3783646
7911000	-5	262	-71430	-3816758
7921000	-3	264	-46989	-3791934
7931000	-4	265	-52537	-3772409
7941000	-6	264	-82012	-3780885
7951000	-3	264	-41940	-3793305
7961000	-4	262	-54981	-3815500
7971000	-4	263	-60070	-3794720
7981000	-5	264	-75770	-3789241
7991000	-4	263	-62690	-3807177
8001000	-4	263	-52241	-3798201
8011000	-8	273	-112259	-3661158
8021000	-1	264	-15778	-3789547
8031000	-5	265	-75679	-3778438
8041000	-2	264	-35185	-3790322
8051000	-4	266	-55321	-3757364
8061000	-3	265	-43368	-3772618
8071000	-4	265	-58694	-3767701
8081000	-4	267	-62062	-3747908
8091000	7	265	106725	-3775153
8101000	-10	265	-143266	-3769885
8111000	-5	266	-67537	-3764472
8121000	-2	267	-30943	-3751347
8131000	-4	266	-58589	-3761350
8141000	-3	266	-48441	-3752466
8151000	-2	268	-28316	-3726157
8161000	-3	267	-40703	-3747035
8171000	-5	268	-70856	-3730064
8181000	-1	266	-14819	-3755480
8191000	-2	270	-25694	-3707589
8201000	-2	269	-28334	-3711274
8211000	-2	271	-32706	-3689585
8221000	-2	271	-33363	-3696487
8231000	-2	273	-27309	-3661161
8241000	-3	272	-39873	-3680586
8251000	-2	271	-24287	-3695478
8261000	-2	268	-21861	-3726381
8271000	-0	270	-230	-3701886
8281000	-4	274	-50098	-3650006
8291000	-2	274	-26693	-3652085
8301000	-4	273	-53372	-3661941
8311000	-2	275	-33033	-3638159
8321000	-2	274	-21838	-3653519
8331000	-1	271	-16869	-3685342
8341000	1	276	10109	-3620696
8351000	-5	281	-62407	-3552639
8361000	-2	276	-32477	-3624599
8371000	-2	279	-28051	-3590300
8381000	-0	278	-4022	-3591444
8391000	-2	278	-28753	-3601094
8401000	-2	277	-30199	-3605904
8411000	0	278	3956	-3591618
8421000	-2	278	-20525	-3602398
8431000	1	279	12845	-3587881
8441000	-0	279	-2402	-3584640
8451000	-1	279	-18642	-3578557
8461000	-1	278	-7292	-3592336
8471000	-2	281	-26681	-3562920
8481000	-2	280	-27828	-3567956
8491000	-1	279	-15143	-3583486
8501000	-3	280	-42054	-3569003
8511000	-1	281	-7830	-3555160
8521000	-4	281	-46915	-3552650
8531000	-4	281	-49707	-3557135
8541000	-3	282	-40039	-3548293
8551000	-3	281	-40074	-3554689
8561000	-3	281	-41495	-3558670
8571000	-6	282	-70741	-3543298
8581000	-3	283	-38811	-3531194
8591000	-6	283	-75732	-3530202
8601000	-5	284	-66091	-3521592
8611000	-5	282	-65495	-3549301
8621000	-3	280	-39287	-3572926
8631000	-3	281	-43622	-3553686
8641000	-5	282	-58462	-3548721
8651000	-5	281	-60453	-3554241
8661000	-5	281	-61297	-3558249
8671000	-6	281	-73539	-3553424
8681000	-8	286	-93584	-3499206
8691000	-4	284	-46027	-3519590
8701000	-6	283	-71346	-3529859
8711000	-8	284	-99116	-3514652
8721000	-8	286	-101902	-3496892
8731000	-5	283	-63431	-3531916
8741000	-6	283	-80330	-3526233
8751000	-8	284	-95119	-3520004
8761000	-7	285	-83374	-3510370
8771000	-6	284	-70152	-3525250
8781000	-5	284	-63614	-3514216
8791000	-6	285	-78674	-3507785
8801000	-8	285	-92222	-3503049
8811000	-5	286	-59737	-3490495
8821000	-5	286	-61011	-3495221
8831000	-7	287	-89941	-3479280
8841000	-6	287	-67328	-3481484
8851000	-7	289	-85728	-3453492
8861000	-7	287	-84343	-3481622
8871000	-6	289	-67134	-3458679
8881000	-10	290	-119074	-3445629
8891000	-7	291	-87505	-3434509
8901000	-10	289	-121679	-3455095
8911000	-7	288	-86304	-3467735
8921000	-9	291	-102655	-3438968
8931000	-7	294	-86275	-3395767
8941000	-8	291	-94911	-3433593
8951000	-8	291	-95928	-3437827
8961000	-6	292	-64573	-3425636
8971000	-8	291	-88919	-3432952
8981000	-6	295	-73453	-3388387
8991000	-7	293	-85018	-3405429
9001000	-8	295	-87737	-3387332
9011000	-7	294	-75407	-3401147
9021000	-7	296	-77813	-3382195
9031000	-5	296	-58973	-3381588
9041000	-8	297	-86071	-3366935
9051000	-5	298	-54513	-3355421
9061000	-3	300	-37274	-3335572
9071000	-5	294	-63414	-3399168
9081000	-6	299	-61959	-3344589
9091000	-5	300	-53413	-3336435
9101000	-3	300	-31843	-3337303
9111000	-6	300	-67194	-3337044
9121000	-5	300	-58052	-3328991
9131000	-2	300	-23682	-3338549
9141000	-4	299	-46373	-3345138
9151000	-5	300	-51886	-3327400
9161000	1	301	11963	-3320108
9171000	-5	305	-51094	-3281452
9181000	-4	304	-39763	-3293451
9191000	-5	304	-53964	-3287727
9201000	-2	303	-21169	-3295343
9211000	-3	304	-34708	-3291951
9221000	-2	305	-25638	-3283585
9231000	-1	304	-14618	-3294147
9241000	-3	303	-36188	-3301333
9251000	-2	307	-21122	-3259050
9261000	-1	304	-5641	-3293027
9271000	-1	307	-14698	-3256447
9281000	-0	306	-5278	-3266347
9291000	-0	309	-3677	-3237616
9301000	-2	304	-17536	-3286947
9311000	-2	306	-21496	-3270504
9321000	-1	305	-10626	-3282746
9331000	-1	307	-7740	-3253767
9341000	-1	306	-15065	-3268571
9351000	1	306	5436	-3269045
9361000	-1	308	-12398	-3244710
9371000	-1	308	-13479	-3248054
9381000	-1	308	-14282	-3251723
9391000	-1	305	-11580	-3275780
9401000	0	307	3525	-3253931
9411000	-2	308	-21312	-3241853
9421000	-0	308	-2305	-3241689
9431000	-3	309	-35245	-3239752
9441000	-2	308	-24590	-3250614
9451000	-2	308	-17900	-3241806
9461000	-2	308	-17831	-3245792
9471000	0	308	2193	-3244681
9481000	0	308	1733	-3248031
9491000	1	309	8027	-3237562
9501000	-2	310	-17014	-3225935
9511000	-0	309	-4312	-3239391
9521000	0	309	4296	-3231507
9531000	-1	310	-8648	-3228114
9541000	2	309	23738	-3233391
9551000	-0	311	-1625	-3220491
9561000	1	311	5426	-3211087
9571000	0	311	4629	-3215229
9581000	2	310	15987	-3226845
9591000	0	310	3069	-3222327
9601000	0	313	4871	-3193444
9611000	2	312	16082	-3204888
9621000	2	313	22023	-3196321
9631000	2	313	21320	-3198608
9641000	3	312	33323	-3209370
9651000	0	312	1046	-3208503
9661000	1	312	7966	-3200284
9671000	0	314	4744	-3183028
9681000	3	312	27370	-3201624
9691000	3	313	32335	-3192053
9701000	3	318	29257	-3145365
9711000	3	316	33353	-3168745
9721000	1	315	13568	-3177547
9731000	2	314	23864	-3188460
9741000	3	314	30270	-3179880
9751000	3	314	30464	-3182421
9761000	3	316	26986	-3165924
9771000	3	319	29924	-3139021
9781000	5	319	46932	-3136549
9791000	6	321	59343	-3114924
9801000	3	321	29041	-3115519
9811000	5	319	52252	-3133528
9821000	2	319	18932	-3132444
9831000	6	320	56130	-3126267
9841000	5	320	46395	-3121982
9851000	6	321	53566	-3114162
9861000	3	319	27368	-3132537
9871000	6	322	58831	-3107813
9881000	5	322	45959	-3103853
9891000	3	323	32267	-3099495
9901000	5	325	45682	-3080093
9911000	4	321	43271	-3114718
9921000	3	320	25323	-3121636
9931000	5	322	49731	-3107761
9941000	5	323	44370	-3093076
9951000	3	324	32793	-3087863
9961000	5	324	49842	-3085869
9971000	5	324	50328	-3089622
9981000	4	324	36680	-3085319
9991000	6	324	54290	-3083846
10001000	5	325	43597	-3079012
10011000	5	324	44357	-3083035
10021000	5	325	51924	-3072961
10031000	3	327	27967	-3061274
10041000	3	324	31056	-3082607
10051000	2	327	15261	-3059642
10061000	3	326	25443	-3069662
10071000	3	327	31001	-3061166
10081000	5	327	46607	-3058553
10091000	2	325	19642	-3077155
10101000	6	325	56619	-3072320
10111000	1	328	11621	-3046668
10121000	1	328	10557	-3048819
10131000	-0	329	-997	-3043714
10141000	3	330	23018	-3031238
10151000	4	327	38743	-3059583
10161000	4	328	33798	-3045468
10171000	1	330	10516	-3034553
10181000	2	329	20824	-3043533
10191000	1	327	12263	-3057131
10201000	2	330	15896	-3030154
10211000	0	331	3544	-3025391
10221000	0	330	2751	-3027186
10231000	1	331	7939	-3018599
10241000	1	329	11294	-3039422
10251000	1	329	11069	-3043001
10261000	-0	329	-531	-3038458
10271000	1	331	12421	-3018821
10281000	-0	329	-3928	-3042021
10291000	-3	332	-28096	-3011851
10301000	-2	331	-17318	-3022400
10311000	-2	332	-20845	-3008105
10321000	0	330	291	-3026372
10331000	0	333	3416	-3000945
10341000	2	333	19599	-2999103
10351000	0	333	346	-3004653
10361000	-1	333	-12719	-2999491
10371000	-1	334	-7272	-2989581
10381000	-0	332	-3560	-3008904
10391000	0	333	2994	-3001797
10401000	-2	335	-19342	-2989237
10411000	-2	335	-13370	-2981692
10421000	1	337	9272	-2969022
10431000	1	334	11709	-2990057
10441000	-1	339	-7750	-2951345
10451000	-3	338	-27997	-2956065
10461000	-1	337	-9264	-2971452
10471000	-1	339	-6477	-2947067
10481000	-1	338	-13131	-2960875
10491000	-2	339	-16912	-2946189
10501000	-2	339	-17481	-2948058
10511000	-1	338	-6999	-2956889
10521000	1	340	5572	-2937762
10531000	-1	341	-4832	-2933962
10541000	-1	341	-5388	-2936369
10551000	-2	341	-16872	-2930772
10561000	-0	342	-536	-2928212
10571000	-1	343	-5239	-2914083
10581000	-1	345	-8739	-2899520
10591000	-1	343	-5512	-2919091
10601000	-1	344	-12102	-2903594
10611000	-1	342	-9752	-2922943
10621000	-1	345	-6542	-2898069
10631000	0	344	3126	-2907040
10641000	-1	347	-11692	-2885340
10651000	-1	344	-9918	-2903319
10661000	0	347	3049	-2885557
10671000	-1	347	-6778	-2882107
10681000	0	346	3356	-2892089
10691000	1	349	5709	-2868179
10701000	4	348	32072	-2873314
10711000	1	349	9946	-2862628
10721000	2	347	14200	-2879710
10731000	1	349	9415	-2864870
10741000	0	348	1289	-2874957
10751000	1	350	12203	-2856249
10761000	0	350	2239	-2853733
10771000	-2	350	-15580	-2859669
10781000	-2	353	-14117	-2835665
10791000	1	351	4766	-2850925
10801000	1	352	9733	-2843444
10811000	1	351	9185	-2845067
10821000	-1	353	-11933	-2834774
10831000	1	353	4221	-2832912
10841000	2	352	13016	-2840806
10851000	-1	353	-8101	-2829492
10861000	1	353	7743	-2828946
10871000	-1	353	-8983	-2835139
10881000	2	352	14067	-2839242
10891000	-1	354	-5153	-2827665
10901000	1	356	7080	-2810511
10911000	1	354	10950	-2828347
10921000	0	354	820	-2823923
10931000	2	354	15223	-2821889
10941000	1	353	7335	-2833911
10951000	1	356	9116	-2810387
10961000	0	354	2052	-2821443
10971000	0	354	1468	-2822433
10981000	-1	358	-6596	-2792076
10991000	-1	358	-7175	-2794657
11001000	1	355	5464	-2819432
11011000	-1	355	-5746	-2814425
11021000	1	358	5274	-2796776
11031000	-0	356	-2588	-2808547
11041000	2	356	13073	-2807290
11051000	-0	355	-3198	-2813761
11061000	-2	356	-14369	-2808693
11071000	1	358	6891	-2795624
11081000	-1	357	-9028	-2800596
11091000	-0	358	-3121	-2793775
11101000	-1	358	-3983	-2796069
11111000	-1	357	-5959	-2797826
11121000	-1	357	-8217	-2799861
11131000	0	356	103	-2808964
11141000	1	360	7371	-2775503
11151000	-1	359	-9159	-2781790
11161000	-2	358	-16817	-2793656
11171000	-1	357	-8605	-2801097
11181000	-0	358	-2709	-2794223
11191000	-2	357	-19537	-2798820
11201000	-1	358	-5898	-2795747
11211000	-1	358	-7356	-2796919
11221000	-0	358	-1497	-2789478
11231000	-3	360	-19686	-2779042
11241000	-2	357	-17250	-2797162
11251000	1	359	5019	-2784552
11261000	-3	359	-21611	-2782690
11271000	-3	359	-22805	-2785201
11281000	-4	360	-32731	-2781115
11291000	-1	359	-9327	-2785737
11301000	-3	360	-20697	-2780920
11311000	-2	357	-18536	-2798809
11321000	-4	358	-28596	-2793590
11331000	-2	358	-13831	-2792187
11341000	-2	361	-12836	-2767035
11351000	-6	360	-45298	-2775686
11361000	-2	361	-13817	-2771684
11371000	-4	360	-31648	-2777205
11381000	-3	359	-22746	-2783744
11391000	-5	362	-38127	-2762734
11401000	-2	360	-18652	-2777694
11411000	-3	362	-21278	-2762984
11421000	-2	361	-12093	-2771315
11431000	-4	360	-29695	-2774347
11441000	-2	363	-18476	-2758304
11451000	-3	362	-19404	-2760456
11461000	-2	361	-11615	-2768498
11471000	-3	362	-23800	-2763403
11481000	-3	362	-24469	-2765273
11491000	-3	361	-23753	-2766288
11501000	-4	362	-33943	-2761914
11511000	-2	363	-12497	-2751785
11521000	-5	364	-41000	-2749098
11531000	-4	362	-31710	-2758288
11541000	-4	366	-29724	-2734870
11551000	-6	365	-47564	-2739803
11561000	-3	364	-25323	-2743271
11571000	-3	364	-26282	-2744813
11581000	-3	367	-22512	-2721808
11591000	-3	365	-19320	-2738420
11601000	-0	367	-1391	-2726864
11611000	-5	366	-40769	-2728959
11621000	-5	367	-35335	-2721474
11631000	-2	369	-15007	-2711555
11641000	-4	368	-32008	-2716594
11651000	-5	368	-33547	-2716430
11661000	-1	368	-8260	-2720550
11671000	-3	370	-22380	-2701481
11681000	-4	371	-32485	-2696985
11691000	-3	370	-25383	-2704414
11701000	-4	372	-30370	-2690514
11711000	-4	371	-30770	-2693026
11721000	-4	372	-25545	-2685626
11731000	-2	373	-14042	-2682476
11741000	-3	371	-20802	-2693588
11751000	-2	375	-17354	-2669594
11761000	0	373	489	-2682964
11771000	-2	372	-14784	-2689436
11781000	-3	374	-20456	-2674055
11791000	-2	375	-15613	-2667485
11801000	-2	376	-11914	-2660420
11811000	-0	373	-806	-2683937
11821000	-5	374	-36017	-2676530
11831000	-0	376	-1894	-2662028
11841000	-2	375	-17036	-2666224
11851000	-3	375	-17991	-2667595
11861000	-3	377	-22488	-2653967
11871000	-3	377	-22922	-2654759
11881000	-2	376	-15415	-2662383
11891000	-2	377	-10954	-2654994
11901000	-2	378	-16560	-2642058
11911000	-1	378	-9984	-2647164
11921000	-2	380	-13984	-2634238
11931000	-2	377	-11284	-2651432
11941000	-2	379	-14773	-2637896
11951000	-1	380	-9621	-2630299
11961000	-2	380	-12174	-2631660
11971000	-2	380	-12588	-2632940
11981000	-3	380	-23176	-2629476
11991000	-2	379	-16096	-2636133
12001000	-4	380	-25914	-2632341
12011000	-2	380	-13003	-2629309
12021000	-1	381	-9512	-2621773
12031000	-2	380	-16004	-2631918
12041000	-2	380	-17013	-2632120
12051000	-4	380	-27631	-2628617
12061000	-3	383	-17994	-2612306
12071000	-4	381	-25349	-2621562
12081000	-4	383	-29754	-2608752
12091000	-3	380	-19288	-2629430
12101000	-4	381	-28308	-2625321
12111000	-1	382	-7732	-2614922
12121000	-1	382	-7826	-2617477
12131000	-3	385	-21207	-2597145
12141000	-4	383	-27420	-2607315
12151000	-2	382	-12143	-2619922
12161000	-8	383	-54556	-2607167
12171000	-6	384	-42860	-2605456
12181000	-5	383	-36218	-2613409
12191000	-7	385	-48889	-2595214
12201000	-1	383	-8736	-2609567
12211000	-5	385	-35644	-2594549
12221000	-3	386	-22505	-2592052
12231000	-5	383	-35127	-2610140
12241000	-8	387	-56634	-2586065
12251000	-6	385	-41325	-2598242
12261000	-8	385	-52572	-2593819
12271000	-4	386	-25493	-2589143
12281000	-5	387	-33796	-2584511
12291000	-6	389	-38397	-2571642
12301000	-5	390	-34248	-2563506
12311000	-8	389	-49708	-2567622
12321000	-7	390	-44952	-2560573
12331000	-5	389	-36179	-2567369
12341000	-4	392	-28272	-2551370
12351000	-3	391	-20798	-2557790
12361000	-4	393	-24403	-2545657
12371000	-6	392	-39144	-2549288
12381000	-5	393	-35081	-2541232
12391000	-7	394	-45969	-2537006
12401000	-3	398	-17434	-2512085
12411000	-3	392	-16965	-2547737
12421000	-5	395	-31087	-2529492
12431000	-5	395	-32899	-2529800
12441000	-2	391	-14067	-2556397
12451000	-5	396	-28995	-2526720
12461000	-2	394	-11635	-2538611
12471000	-5	395	-30218	-2528525
12481000	-1	399	-8614	-2508823
12491000	-3	399	-17288	-2505301
12501000	-1	400	-5305	-2502346
12511000	-1	397	-3230	-2516435
12521000	1	400	4166	-2500920
12531000	-3	400	-18211	-2501272
12541000	-3	397	-15977	-2516144
12551000	-1	400	-9234	-2500478
12561000	1	404	4517	-2477399
12571000	-2	402	-14863	-2490360
12581000	1	401	4448	-2492541
12591000	-2	403	-14514	-2482802
12601000	-3	403	-16036	-2483299
12611000	-2	404	-11270	-2476879
12621000	-2	404	-11221	-2477786
12631000	0	404	641	-2476784
12641000	-1	402	-6769	-2485527
12651000	0	405	1441	-2470216
12661000	-2	404	-11945	-2474929
12671000	2	411	11280	-2435203
12681000	-1	407	-6074	-2459525
12691000	-1	406	-6027	-2460396
12701000	-1	404	-4474	-2474576
12711000	-2	406	-9576	-2461356
12721000	-2	410	-9976	-2441586
12731000	1	411	5113	-2431675
12741000	1	409	7542	-2445697
12751000	-3	408	-19175	-2453385
12761000	-3	409	-17396	-2445957
12771000	-2	410	-14336	-2439236
12781000	1	409	5668	-2442836
12791000	-1	409	-6559	-2445920
12801000	-3	412	-20635	-2429527
12811000	-1	410	-6329	-2439930
12821000	-2	412	-9982	-2428661
12831000	-3	410	-16205	-2437472
12841000	-2	412	-14271	-2429818
12851000	-3	411	-15227	-2431196
12861000	-4	412	-23780	-2428046
12871000	-3	413	-18246	-2421217
12881000	-4	412	-24807	-2429196
12891000	-3	414	-16600	-2414185
12901000	-2	413	-10042	-2419471
12911000	-3	414	-20161	-2414970
12921000	-1	416	-3596	-2404836
12931000	-1	412	-7699	-2426384
12941000	-1	413	-5059	-2419417
12951000	-1	413	-5970	-2421276
12961000	-1	413	-7238	-2421890
12971000	-6	415	-33177	-2408716
12981000	-2	415	-14386	-2412227
12991000	-3	417	-16280	-2400221
13001000	-5	412	-31952	-2424417
13011000	-4	415	-25038	-2408729
13021000	-4	413	-23211	-2422357
13031000	-5	417	-29787	-2398644
13041000	-4	414	-20999	-2416693
13051000	-7	417	-41496	-2395612
13061000	-5	415	-28355	-2406716
13071000	-7	418	-39987	-2390873
13081000	-4	414	-23165	-2412559
13091000	-4	416	-22077	-2405236
13101000	-7	417	-38287	-2396846
13111000	-8	416	-43570	-2405784
13121000	-2	416	-10554	-2405811
13131000	-3	416	-19385	-2401983
13141000	-7	418	-38182	-2392793
13151000	-5	418	-26285	-2391539
13161000	-2	416	-11797	-2401546
13171000	-7	419	-37569	-2387988
13181000	-8	416	-48664	-2404116
13191000	-4	417	-24246	-2398866
13201000	-5	421	-30332	-2375426
13211000	-7	416	-37760	-2403881
13221000	-7	416	-40626	-2404501
13231000	-7	417	-37438	-2397552
13241000	-5	417	-27075	-2395336
13251000	-7	420	-38781	-2379571
13261000	-5	418	-26559	-2389250
13271000	-9	418	-49405	-2389145
13281000	-6	420	-31870	-2379694
13291000	-6	420	-32884	-2380926
13301000	-5	421	-29629	-2373275
13311000	-6	417	-33730	-2395140
13321000	-3	421	-19168	-2372866
13331000	-6	421	-32707	-2376434
13341000	-6	424	-35048	-2355856
13351000	-4	423	-21699	-2365923
13361000	-8	419	-45263	-2385017
13371000	-5	422	-26310	-2367541
13381000	-8	424	-42666	-2360358
13391000	-8	423	-44200	-2361579
13401000	-8	424	-42395	-2355124
13411000	-7	422	-41546	-2368026
13421000	-6	423	-31436	-2365790
13431000	-4	425	-24085	-2353131
13441000	-6	425	-33631	-2349904
13451000	-5	427	-29353	-2344266
13461000	-5	424	-26812	-2357409
13471000	-2	430	-12111	-2327426
13481000	-4	427	-22883	-2342643
13491000	-4	430	-23618	-2324104
13501000	-3	429	-18496	-2328953
13511000	-4	429	-19448	-2330594
13521000	-5	427	-27367	-2338938
13531000	-4	430	-18921	-2324852
13541000	-1	431	-6764	-2322177
13551000	-1	428	-6531	-2334782
13561000	-5	426	-25525	-2347109
13571000	-5	433	-25851	-2308193
13581000	-6	428	-31927	-2334533
13591000	-5	431	-24461	-2320564
13601000	-3	435	-15505	-2298643
13611000	-4	433	-20990	-2306841
13621000	-5	436	-23893	-2295544
13631000	-6	434	-29834	-2304709
13641000	-4	434	-19535	-2302532
13651000	-2	431	-11785	-2318927
13661000	-4	438	-22656	-2285434
13671000	-4	432	-20801	-2316343
13681000	-6	436	-30711	-2293740
13691000	-4	437	-21580	-2290680
13701000	-4	436	-22002	-2292679
13711000	-4	440	-20001	-2274457
13721000	-4	439	-22883	-2276181
13731000	-3	437	-16251	-2290586
13741000	-5	439	-27018	-2276523
13751000	-6	438	-31482	-2284930
13761000	-2	436	-8415	-2291915
13771000	-3	442	-15150	-2260333
13781000	-5	439	-23431	-2277300
13791000	-3	442	-14952	-2264590
13801000	-3	441	-16645	-2265939
13811000	-4	441	-18446	-2266320
13821000	-4	441	-19717	-2267131
13831000	-5	442	-27208	-2263250
13841000	-6	442	-28223	-2264265
13851000	-4	442	-19880	-2260735
13861000	-4	443	-18765	-2254838
13871000	-3	445	-13144	-2248226
13881000	-6	443	-29813	-2259403
13891000	-4	445	-18226	-2248623
13901000	-4	442	-18128	-2260491
13911000	-4	442	-19035	-2262471
13921000	-5	442	-26609	-2260318
13931000	-4	443	-18421	-2257976
13941000	-2	443	-10054	-2255299
13951000	-1	444	-7260	-2249907
13961000	-2	443	-11415	-2258706
13971000	-2	446	-12371	-2241335
13981000	-1	445	-7509	-2246150
13991000	-4	445	-20455	-2249159
14001000	-5	445	-27638	-2245522
14011000	-4	446	-20586	-2242803
14021000	-2	444	-10393	-2251089
14031000	-5	445	-23864	-2244642
14041000	-3	446	-14039	-2242778
14051000	-5	446	-22614	-2239839
14061000	-6	445	-30564	-2245977
14071000	-6	446	-27997	-2240420
14081000	-4	445	-21634	-2246091
14091000	-4	446	-20946	-2239493
14101000	-5	446	-24238	-2239975
14111000	-3	447	-14452	-2238081
14121000	-5	446	-26044	-2242105
14131000	-2	448	-10607	-2233163
14141000	-4	449	-21741	-2229111
14151000	-1	448	-4841	-2230285
14161000	-2	449	-11900	-2227749
14171000	-5	448	-23935	-2231340
14181000	-6	450	-30046	-2220585
14191000	-4	447	-21981	-2236548
14201000	-4	450	-21177	-2219872
14211000	-1	450	-4332	-2221473
14221000	-4	453	-19563	-2206370
14231000	-3	452	-14339	-2211432
14241000	-4	454	-17673	-2202234
14251000	-4	454	-19230	-2202720
14261000	-4	455	-18675	-2196294
14271000	-2	454	-8529	-2204829
14281000	1	452	6578	-2212640
14291000	-1	455	-4454	-2199381
14301000	-3	454	-16959	-2202837
14311000	-0	454	-2036	-2204273
14321000	-2	458	-9944	-2184035
14331000	-2	458	-10815	-2184177
14341000	-3	458	-12632	-2184440
14351000	-3	458	-16279	-2185418
14361000	-2	460	-10133	-2172954
14371000	-2	456	-11886	-2191429
14381000	-2	459	-7366	-2177645
14391000	-4	458	-20032	-2182030
14401000	-2	460	-7980	-2173833
14411000	2	460	7977	-2174828
14421000	0	462	1411	-2164490
14431000	-1	460	-4498	-2172814
14441000	1	469	5722	-2130201
14451000	-2	464	-8390	-2156549
14461000	-1	461	-3824	-2167844
14471000	-0	463	-2282	-2161585
14481000	-0	464	-427	-2156016
14491000	1	463	5793	-2160289
14501000	0	465	1724	-2150630
14511000	-2	466	-6968	-2147628
14521000	1	464	3124	-2155811
14531000	1	465	4978	-2149047
14541000	-1	466	-2801	-2145940
14551000	-0	464	-1995	-2157198
14561000	0	465	94	-2151819
14571000	1	466	2694	-2146852
14581000	-1	464	-3471	-2154418
14591000	-0	465	-1460	-2148582
14601000	0	464	1926	-2153240
14611000	1	466	2356	-2146679
14621000	-4	468	-17592	-2137796
14631000	-1	462	-6553	-2162786
14641000	1	467	2426	-2143414
14651000	0	464	1946	-2153660
14661000	-4	468	-16151	-2137353
14671000	-2	467	-10940	-2142197
14681000	-0	465	-1233	-2149666
14691000	-1	465	-4560	-2149633
14701000	-3	466	-11788	-2147332
14711000	-2	467	-7726	-2140954
14721000	-3	465	-13143	-2149062
14731000	-0	463	-1730	-2157786
14741000	1	466	3742	-2145574
14751000	-3	466	-13365	-2145547
14761000	-2	467	-7365	-2142890
14771000	-2	468	-8312	-2135356
14781000	-1	462	-6322	-2163412
14791000	-3	466	-12142	-2144068
14801000	-5	466	-23258	-2147743
14811000	-6	469	-26922	-2131847
14821000	-5	467	-24317	-2142005
14831000	-5	467	-23705	-2142776
14841000	-5	468	-21288	-2136410
14851000	-4	467	-18851	-2140458
14861000	-3	468	-11825	-2136915
14871000	-5	467	-21608	-2141123
14881000	-3	468	-12194	-2138910
14891000	-4	466	-17996	-2146350
14901000	-6	470	-27350	-2126051
14911000	-3	470	-12369	-2127498
14921000	-6	467	-26020	-2138872
14931000	-6	469	-25443	-2133245
14941000	-6	470	-26966	-2126511
14951000	-4	471	-17132	-2124729
14961000	-3	468	-12968	-2136257
14971000	-6	467	-26581	-2139342
14981000	-6	469	-26093	-2133224
14991000	-3	471	-14232	-2124497
15001000	-5	470	-23535	-2128122
15011000	-6	470	-25769	-2129275
15021000	-4	472	-17337	-2118932
15031000	-6	472	-24737	-2116414
15041000	-6	471	-28906	-2124872
15051000	-3	473	-15250	-2115903
15061000	-3	470	-15270	-2126800
15071000	-6	474	-24633	-2107288
15081000	-6	471	-25598	-2124552
15091000	-4	471	-17535	-2122253
15101000	-9	477	-41158	-2097737
15111000	-5	469	-21406	-2133665
15121000	-3	475	-14320	-2104020
15131000	-2	476	-10515	-2098888
15141000	-6	475	-24809	-2102822
15151000	-5	475	-20370	-2106606
15161000	-4	472	-17127	-2116887
15171000	-3	477	-14161	-2094915
15181000	-7	473	-29252	-2115400
15191000	-5	475	-20053	-2104940
15201000	-5	477	-22437	-2095436
15211000	-4	478	-17785	-2089723
15221000	-3	481	-14593	-2077898
15231000	-5	479	-20531	-2085507
15241000	-4	481	-17546	-2078675
15251000	-5	479	-21390	-2086172
15261000	-4	478	-17939	-2090013
15271000	-3	487	-13608	-2053187
15281000	-5	480	-20216	-2084507
15291000	-4	481	-17207	-2079310
15301000	-5	484	-20080	-2063798
15311000	-4	484	-16253	-2067459
15321000	-6	483	-27428	-2071296
15331000	-3	482	-11854	-2072917
15341000	-5	485	-23175	-2060637
15351000	-5	482	-19413	-2073274
15361000	-6	484	-24203	-2065100
15371000	-4	487	-17485	-2052868
15381000	-3	485	-13966	-2063245
15391000	-6	485	-24306	-2060232
15401000	-6	487	-25250	-2054374
15411000	-4	486	-18120	-2058361
15421000	-7	489	-28835	-2046102
15431000	-4	485	-18124	-2061914
15441000	-6	487	-25437	-2052841
15451000	-4	488	-16323	-2050459
15461000	-4	486	-17863	-2058117
15471000	-5	490	-20633	-2042572
15481000	-5	485	-21276	-2060545
15491000	-3	490	-14506	-2041110
15501000	-7	487	-27857	-2051763
15511000	-4	490	-18118	-2042137
15521000	-5	489	-22017	-2042780
15531000	-6	488	-26671	-2050207
15541000	-5	489	-22334	-2045319
15551000	-5	490	-20364	-2039210
15561000	-7	491	-30117	-2036144
15571000	-6	494	-25107	-2024645
15581000	-5	489	-19101	-2043771
15591000	-6	491	-23244	-2035437
15601000	-6	493	-25425	-2028468
15611000	-7	491	-30692	-2036137
15621000	-6	493	-26638	-2029938
15631000	-6	490	-25033	-2040438
15641000	-5	493	-21234	-2027632
15651000	-4	492	-17388	-2032010
15661000	-6	493	-23911	-2030062
15671000	-5	494	-21279	-2024098
15681000	-6	492	-23144	-2033292
15691000	-9	491	-35405	-2037738
15701000	-6	495	-25913	-2019760
15711000	-6	495	-24759	-2019925
15721000	-7	495	-26873	-2021378
15731000	-8	493	-34913	-2027856
15741000	-10	499	-39577	-2002107
15751000	-5	493	-19852	-2027063
15761000	-7	496	-28044	-2017217
15771000	-7	497	-28520	-2012316
15781000	-7	493	-30285	-2027487
15791000	-9	493	-35681	-2027866
15801000	-8	495	-32460	-2021087
15811000	-5	491	-18870	-2036184
15821000	-8	497	-30320	-2010236
15831000	-8	496	-34002	-2017290
15841000	-8	495	-34220	-2017678
15851000	-8	495	-34421	-2019697
15861000	-8	498	-30727	-2008206
15871000	-8	496	-31673	-2014759
15881000	-6	499	-24612	-2002898
15891000	-7	494	-30668	-2024880
15901000	-9	496	-36685	-2015269
15911000	-5	497	-18296	-2010340
15921000	-10	498	-40088	-2008402
15931000	-7	498	-28871	-2008117
15941000	-7	497	-27560	-2010751
15951000	-9	500	-37428	-2000145
15961000	-8	497	-34112	-2011240
15971000	-7	498	-28033	-2008116
15981000	-10	501	-40467	-1996132
15991000	-7	505	-28675	-1981312
16001000	-9	499	-35625	-2002148
16011000	-10	499	-38294	-2002009
16021000	-8	502	-30969	-1992461
16031000	-8	494	-30794	-2023709
16041000	-9	504	-33568	-1983950
16051000	-7	503	-27240	-1987628
16061000	-10	506	-40138	-1976223
16071000	-8	503	-33540	-1988251
16081000	-4	510	-13472	-1960667
16091000	-3	508	-12299	-1970122
16101000	-4	504	-17281	-1984323
16111000	-8	507	-30047	-1973266
16121000	-8	505	-32694	-1979936
16131000	-5	502	-19966	-1992400
16141000	-6	502	-23734	-1991557
16151000	-7	509	-26786	-1962713
16161000	-6	506	-25230	-1977777
16171000	-5	509	-20596	-1966279
16181000	-7	507	-27629	-1971499
16191000	-5	510	-20172	-1962386
16201000	-5	515	-18005	-1942899
16211000	-7	512	-27687	-1953064
16221000	-3	514	-13038	-1946321
16231000	-6	509	-24852	-1964584
16241000	-5	512	-19353	-1952299
16251000	-6	511	-22402	-1958512
16261000	-6	510	-24861	-1959258
16271000	-5	511	-20340	-1956104
16281000	-6	513	-24126	-1947771
16291000	-4	514	-13594	-1945179
16301000	-5	512	-17466	-1951554
16311000	-6	515	-24521	-1943017
16321000	-5	514	-20306	-1945908
16331000	-7	515	-25192	-1942682
16341000	-9	514	-33678	-1945891
16351000	-5	517	-19583	-1934259
16361000	-4	517	-16549	-1935967
16371000	5	521	19890	-1920880
16381000	-5	517	-19546	-1933278
16391000	5	512	20114	-1951696
16401000	-4	523	-15729	-1910286
16411000	-1	518	-3513	-1930598
16421000	-6	520	-22064	-1924172
16431000	-1	519	-5290	-1926150
16441000	-0	526	-229	-1902407
16451000	1	519	3704	-1925949
16461000	-3	521	-10604	-1918314
16471000	-4	520	-13226	-1924523
16481000	-0	521	-394	-1917848
16491000	1	523	1914	-1912285
16501000	-3	536	-11157	-1866321
16511000	1	520	3253	-1921695
16521000	0	522	1237	-1915294
16531000	-1	524	-5300	-1906779
16541000	2	531	7858	-1882719
16551000	-5	527	-17406	-1898893
16561000	2	514	9128	-1945420
16571000	-1	525	-4067	-1906466
16581000	-1	524	-4378	-1907382
16591000	-2	527	-6685	-1899273
16601000	-1	528	-3223	-1895334
16611000	1	525	2024	-1906001
16621000	-2	526	-7313	-1900808
16631000	-2	530	-6050	-1886603
16641000	-0	527	-192	-1897256
16651000	1	526	1978	-1899391
16661000	0	526	1566	-1899863
16671000	4	525	13762	-1904776
16681000	-0	528	-42	-1893801
16691000	-1	528	-3615	-1893435
16701000	0	526	240	-1901668
16711000	-0	532	-1690	-1878997
16721000	-1	528	-2541	-1892202
16731000	3	530	9621	-1885681
16741000	-3	531	-10575	-1884280
16751000	1	531	2239	-1884380
16761000	0	529	419	-1891643
16771000	-3	527	-10098	-1895785
