f/Hz	Re{Y}/µS	Im{Y}/µS	Re{Z}/mOhm	Im{Z}/mOhm
1000	4249610	-574032	231	31
11000	2294788	-1668917	285	207
21000	1245283	-1737330	273	380
31000	700095	-1432264	275	564
41000	458586	-1190710	282	731
51000	312771	-995978	287	914
61000	217549	-868618	271	1083
71000	172633	-752674	289	1262
81000	133192	-667806	287	1440
91000	102574	-600548	276	1618
101000	88759	-543516	293	1792
111000	71000	-495009	284	1979
121000	61515	-456341	290	2152
131000	51894	-423364	285	2327
141000	46078	-394789	292	2499
151000	40490	-370015	292	2671
161000	36057	-345856	298	2860
171000	32145	-326687	298	3032
181000	27662	-309131	287	3209
191000	25858	-293035	299	3386
201000	23430	-278604	300	3564
211000	21388	-265818	301	3738
221000	19724	-253707	305	3918
231000	17994	-242588	304	4100
241000	16685	-232955	306	4271
251000	15418	-223796	306	4447
261000	14209	-215315	305	4624
271000	13708	-207639	317	4795
281000	12582	-200414	312	4970
291000	11845	-193208	316	5156
301000	11167	-186739	319	5336
311000	10534	-180787	321	5513
321000	10101	-175332	327	5685
331000	9360	-170302	322	5854
341000	8733	-165258	319	6034
351000	8321	-160613	322	6209
361000	8324	-156223	340	6383
371000	7491	-151825	324	6571
381000	7440	-147733	340	6752
391000	6966	-144366	333	6911
401000	6662	-140581	336	7097
411000	6509	-137262	345	7269
421000	6072	-133897	338	7453
431000	5988	-130889	349	7624
441000	5703	-127984	347	7798
451000	5514	-125211	351	7971
461000	5159	-122515	343	8148
471000	5017	-119941	348	8323
481000	4798	-117400	348	8504
491000	4698	-115123	354	8672
501000	4615	-112781	362	8852
511000	4381	-110610	358	9027
521000	4249	-108389	361	9212
531000	4211	-106414	371	9383
541000	3897	-104485	356	9557
551000	3820	-102631	362	9730
561000	3668	-100757	361	9912
571000	3646	-99055	371	10082
581000	3586	-97295	378	10264
591000	3401	-95716	371	10434
601000	3317	-94071	374	10617
611000	3209	-92462	375	10802
621000	3134	-91081	377	10966
631000	3037	-89660	377	11141
641000	3003	-88324	385	11309
651000	2975	-86940	393	11489
661000	2911	-85619	397	11666
671000	2860	-84351	402	11842
681000	2742	-83178	396	12009
691000	2672	-81944	397	12190
701000	2650	-80747	406	12371
711000	2578	-79619	406	12547
721000	2486	-78516	403	12723
731000	2412	-77487	401	12893
741000	2337	-76452	400	13068
751000	2298	-75434	403	13244
761000	2284	-74430	412	13423
771000	2189	-73521	405	13590
781000	2194	-72589	416	13764
791000	2170	-71604	423	13953
801000	2085	-70729	416	14126
811000	2043	-69879	418	14298
821000	1984	-69055	416	14469
831000	2009	-68242	431	14641
841000	1929	-67427	424	14819
851000	1906	-66614	429	15000
861000	1869	-65809	431	15183
871000	1868	-65126	440	15342
881000	1824	-64376	440	15521
891000	1744	-63677	430	15692
901000	1744	-62965	439	15870
911000	1662	-62249	429	16053
921000	1692	-61601	446	16221
931000	1649	-60924	444	16402
941000	1621	-60325	445	16565
951000	1604	-59656	450	16751
961000	1554	-59046	445	16924
971000	1524	-58449	446	17097
981000	1517	-57824	453	17282
991000	1483	-57258	452	17453
1001000	1495	-56685	465	17629
1011000	1426	-56155	452	17796
1021000	1435	-55580	464	17980
1031000	1389	-55072	458	18146
1041000	1408	-54520	473	18330
1051000	1353	-54030	463	18497
1061000	1340	-53536	467	18667
1071000	1321	-52998	470	18857
1081000	1308	-52531	474	19025
1091000	1286	-52074	474	19192
1101000	1257	-51563	473	19382
1111000	1226	-51133	469	19546
1121000	1225	-50648	477	19733
1131000	1244	-50214	493	19903
1141000	1192	-49788	481	20074
1151000	1184	-49346	486	20253
1161000	1158	-48941	483	20421
1171000	1131	-48517	480	20600
1181000	1147	-48101	495	20778
1191000	1132	-47707	497	20949
1201000	1116	-47335	498	21114
1211000	1088	-46928	494	21298
1221000	1074	-46520	496	21485
1231000	1064	-46187	499	21640
1241000	1042	-45798	496	21824
1251000	1041	-45421	504	22005
1261000	1036	-45074	509	22174
1271000	1002	-44720	501	22350
1281000	996	-44377	505	22523
1291000	965	-44031	498	22700
1301000	981	-43704	514	22870
1311000	968	-43354	515	23054
1321000	947	-43012	512	23238
1331000	959	-42709	525	23403
1341000	926	-42394	515	23577
1351000	919	-42102	518	23740
1361000	922	-41764	528	23932
1371000	925	-41479	537	24097
1381000	891	-41185	525	24269
1391000	867	-40871	518	24456
1401000	862	-40602	523	24618
1411000	861	-40316	530	24793
1421000	848	-40042	529	24962
1431000	846	-39747	535	25148
1441000	841	-39469	540	25325
1451000	841	-39203	547	25497
1461000	815	-38957	537	25658
1471000	822	-38666	549	25851
1481000	826	-38412	559	26022
1491000	806	-38168	553	26188
1501000	790	-37902	550	26372
1511000	785	-37656	553	26545
1521000	786	-37390	562	26734
1531000	781	-37181	565	26884
1541000	754	-36912	553	27080
1551000	750	-36665	558	27262
1561000	749	-36415	564	27449
1571000	740	-36221	563	27597
1581000	743	-35997	573	27768
1591000	710	-35774	554	27943
1601000	698	-35545	553	28122
1611000	711	-35317	570	28304
1621000	702	-35117	569	28465
1631000	701	-34876	576	28661
1641000	684	-34682	569	28822
1651000	660	-34459	556	29009
1661000	688	-34258	586	29179
1671000	683	-34050	589	29357
1681000	671	-33848	586	29532
1691000	647	-33650	571	29707
1701000	636	-33474	567	29863
1711000	634	-33254	574	30061
1721000	648	-33078	592	30220
1731000	635	-32880	587	30402
1741000	625	-32680	585	30589
1751000	603	-32508	570	30751
1761000	617	-32322	590	30928
1771000	631	-32141	610	31101
1781000	616	-31963	602	31275
1791000	592	-31793	586	31443
1801000	583	-31623	583	31611
1811000	592	-31422	600	31813
1821000	591	-31272	605	31966
1831000	585	-31096	604	32147
1841000	579	-30934	605	32315
1851000	579	-30759	612	32499
1861000	567	-30580	606	32690
1871000	569	-30435	614	32845
1881000	565	-30282	616	33011
1891000	543	-30107	598	33204
1901000	538	-29960	599	33367
1911000	556	-29795	626	33551
1921000	556	-29637	633	33730
1931000	535	-29501	614	33886
1941000	536	-29345	623	34066
1951000	517	-29188	607	34250
1961000	532	-29023	632	34443
1971000	529	-28886	634	34607
1981000	520	-28759	629	34761
1991000	526	-28603	642	34949
2001000	494	-28449	610	35141
2011000	501	-28326	624	35293
2021000	500	-28180	629	35475
2031000	497	-28047	632	35643
2041000	505	-27894	648	35838
2051000	492	-27751	639	36024
2061000	505	-27631	661	36179
2071000	474	-27500	627	36353
2081000	478	-27364	638	36533
2091000	479	-27240	646	36700
2101000	491	-27119	667	36863
2111000	465	-26982	638	37051
2121000	459	-26849	636	37235
2131000	454	-26713	635	37424
2141000	467	-26602	659	37580
2151000	452	-26477	644	37757
2161000	453	-26357	652	37930
2171000	460	-26232	668	38109
2181000	463	-26113	678	38284
2191000	451	-26001	667	38449
2201000	447	-25878	667	38631
2211000	436	-25754	656	38817
2221000	445	-25644	676	38984
2231000	433	-25509	665	39191
2241000	434	-25393	674	39369
2251000	435	-25322	679	39480
2261000	423	-25185	666	39694
2271000	432	-25081	686	39858
2281000	418	-24971	670	40035
2291000	430	-24856	696	40220
2301000	423	-24754	690	40385
2311000	411	-24647	677	40561
2321000	412	-24535	684	40746
2331000	398	-24438	666	40908
2341000	419	-24320	708	41106
2351000	396	-24207	676	41300
2361000	398	-24110	685	41466
2371000	403	-24013	699	41632
2381000	401	-23905	702	41821
2391000	405	-23821	713	41968
2401000	385	-23712	685	42162
2411000	400	-23610	718	42342
2421000	391	-23525	706	42496
2431000	379	-23420	691	42686
2441000	379	-23328	697	42855
2451000	385	-23241	713	43016
2461000	371	-23129	694	43225
2471000	387	-23045	729	43380
2481000	386	-22952	733	43557
2491000	372	-22854	713	43744
2501000	371	-22754	716	43936
2511000	372	-22664	725	44111
2521000	359	-22587	704	44262
2531000	373	-22497	737	44438
2541000	367	-22402	731	44628
2551000	362	-22324	726	44784
2561000	353	-22237	714	44959
2571000	364	-22151	741	45132
2581000	358	-22050	736	45340
2591000	351	-21968	727	45509
2601000	348	-21892	725	45667
2611000	357	-21801	751	45856
2621000	347	-21719	736	46031
2631000	352	-21641	752	46196
2641000	347	-21540	748	46413
2651000	347	-21462	752	46582
2661000	339	-21395	740	46728
2671000	341	-21307	752	46922
2681000	332	-21227	738	47099
2691000	349	-21148	781	47273
2701000	329	-21071	740	47448
2711000	326	-20995	740	47619
2721000	332	-20920	759	47789
2731000	335	-20838	772	47976
2741000	327	-20776	758	48120
2751000	322	-20683	753	48337
2761000	316	-20610	745	48509
2771000	324	-20536	768	48683
2781000	319	-20469	761	48843
2791000	318	-20404	764	48997
2801000	316	-20313	766	49218
2811000	312	-20240	762	49394
2821000	320	-20169	785	49569
2831000	304	-20095	752	49752
2841000	304	-20032	757	49909
2851000	305	-19955	765	50102
2861000	298	-19883	753	50282
2871000	309	-19817	787	50450
2881000	303	-19746	778	50630
2891000	306	-19689	788	50777
2901000	299	-19610	776	50983
2911000	288	-19541	753	51164
2921000	298	-19485	786	51308
2931000	303	-19404	803	51523
2941000	286	-19350	764	51667
2951000	297	-19277	800	51862
2961000	292	-19221	791	52014
2971000	286	-19141	781	52232
2981000	282	-19078	774	52406
2991000	292	-19023	808	52557
3001000	291	-18944	811	52775
3011000	286	-18893	802	52917
3021000	284	-18820	803	53123
3031000	281	-18765	797	53278
3041000	283	-18692	809	53486
3051000	283	-18641	815	53633
3061000	280	-18578	812	53814
3071000	283	-18521	825	53979
3081000	272	-18458	798	54165
3091000	277	-18383	821	54385
3101000	277	-18334	824	54532
3111000	273	-18272	818	54716
3121000	272	-18218	819	54878
3131000	276	-18153	838	55076
3141000	274	-18100	837	55235
3151000	271	-18044	833	55408
3161000	271	-17994	837	55562
3171000	264	-17930	820	55761
3181000	266	-17880	831	55915
3191000	259	-17811	817	56133
3201000	272	-17766	861	56273
3211000	267	-17707	851	56461
3221000	268	-17654	859	56631
3231000	251	-17592	810	56832
3241000	256	-17535	832	57017
3251000	257	-17485	840	57181
3261000	259	-17425	854	57378
3271000	253	-17366	840	57573
3281000	250	-17312	834	57752
3291000	260	-17270	870	57891
3301000	260	-17213	877	58082
3311000	255	-17154	866	58283
3321000	254	-17102	869	58460
3331000	252	-17050	867	58638
3341000	249	-17002	861	58804
3351000	244	-16945	850	59002
3361000	242	-16900	845	59160
3371000	246	-16859	865	59304
3381000	245	-16812	867	59469
3391000	240	-16749	854	59694
3401000	242	-16705	868	59849
3411000	246	-16653	888	60037
3421000	250	-16605	905	60208
3431000	242	-16550	882	60408
3441000	241	-16509	885	60560
3451000	235	-16459	868	60744
3461000	236	-16412	877	60918
3471000	226	-16364	845	61098
3481000	232	-16318	871	61268
3491000	229	-16259	865	61491
3501000	233	-16212	888	61671
3511000	226	-16174	864	61815
3521000	221	-16121	849	62020
3531000	219	-16075	847	62196
3541000	225	-16038	873	62340
3551000	223	-15994	873	62509
3561000	225	-15937	884	62736
3571000	226	-15902	894	62872
3581000	228	-15845	908	63099
3591000	231	-15805	925	63256
3601000	225	-15760	908	63440
3611000	222	-15715	900	63622
3621000	220	-15671	895	63801
3631000	228	-15639	933	63931
3641000	223	-15600	914	64088
3651000	223	-15544	922	64319
3661000	220	-15507	915	64472
3671000	219	-15458	915	64678
3681000	212	-15413	893	64868
3691000	209	-15374	884	65031
3701000	206	-15327	877	65230
3711000	208	-15293	888	65376
3721000	204	-15248	878	65573
3731000	204	-15209	881	65740
3741000	207	-15162	899	65944
3751000	203	-15121	888	66122
3761000	201	-15078	883	66311
3771000	204	-15045	903	66454
3781000	208	-15008	925	66617
3791000	206	-14961	922	66829
3801000	205	-14918	922	67021
3811000	208	-14873	938	67221
3821000	205	-14836	931	67393
3831000	205	-14802	934	67544
3841000	203	-14757	934	67753
3851000	208	-14723	958	67908
3861000	206	-14676	956	68126
3871000	203	-14640	947	68292
3881000	204	-14612	955	68425
3891000	200	-14567	944	68636
3901000	198	-14531	939	68806
3911000	197	-14486	936	69017
3921000	199	-14457	953	69157
3931000	196	-14425	942	69312
3941000	191	-14381	923	69523
3951000	191	-14348	930	69683
3961000	197	-14308	960	69876
3971000	190	-14272	935	70054
3981000	190	-14238	937	70223
3991000	184	-14201	910	70408
4001000	184	-14161	920	70606
4011000	192	-14137	962	70721
4021000	188	-14093	947	70946
4031000	188	-14067	952	71077
4041000	188	-14025	954	71288
4051000	186	-13985	950	71493
4061000	189	-13953	972	71654
4071000	182	-13908	942	71891
4081000	179	-13876	930	72057
4091000	185	-13850	964	72190
4101000	180	-13808	943	72411
4111000	181	-13771	956	72603
4121000	178	-13742	944	72756
4131000	179	-13709	952	72935
4141000	187	-13677	999	73102
4151000	179	-13644	963	73280
4161000	181	-13610	978	73462
4171000	184	-13581	995	73618
4181000	175	-13534	955	73875
4191000	179	-13516	978	73973
4201000	180	-13484	988	74147
4211000	179	-13446	989	74359
4221000	175	-13405	976	74587
4231000	178	-13384	996	74700
4241000	172	-13345	964	74924
4251000	173	-13310	976	75117
4261000	175	-13289	993	75239
4271000	172	-13251	977	75454
4281000	175	-13219	1004	75635
4291000	176	-13193	1013	75785
4301000	167	-13155	964	76006
4311000	170	-13118	986	76218
4321000	170	-13099	991	76329
4331000	166	-13062	972	76544
4341000	167	-13027	982	76749
4351000	169	-13001	1002	76902
4361000	165	-12968	981	77103
4371000	174	-12945	1035	77234
4381000	168	-12918	1006	77400
4391000	170	-12880	1026	77629
4401000	172	-12847	1045	77824
4411000	173	-12820	1050	77988
4421000	165	-12784	1011	78207
4431000	170	-12760	1042	78354
4441000	171	-12736	1054	78506
4451000	168	-12694	1043	78763
4461000	167	-12657	1044	78991
4471000	174	-12638	1088	79112
4481000	165	-12610	1034	79287
4491000	175	-12587	1102	79432
4501000	170	-12561	1080	79599
4511000	166	-12525	1061	79828
4521000	166	-12493	1065	80029
4531000	167	-12471	1071	80173
4541000	162	-12441	1047	80365
4551000	161	-12410	1047	80567
4561000	156	-12381	1019	80757
4571000	159	-12359	1039	80899
4581000	160	-12327	1053	81109
4591000	154	-12298	1016	81298
4601000	158	-12281	1050	81415
4611000	152	-12248	1015	81636
4621000	155	-12221	1041	81816
4631000	154	-12200	1031	81956
4641000	153	-12172	1029	82142
4651000	152	-12142	1032	82348
4661000	151	-12114	1032	82537
4671000	147	-12094	1006	82673
4681000	152	-12061	1045	82902
4691000	151	-12039	1040	83053
4701000	152	-12014	1052	83223
4711000	153	-11975	1065	83491
4721000	146	-11947	1024	83687
4731000	153	-11924	1074	83850
4741000	150	-11899	1057	84026
4751000	149	-11870	1060	84235
4761000	147	-11846	1047	84402
4771000	153	-11827	1090	84535
4781000	149	-11798	1073	84746
4791000	151	-11770	1087	84947
4801000	152	-11753	1098	85074
4811000	150	-11726	1093	85270
4821000	151	-11691	1107	85520
4831000	150	-11666	1098	85708
4841000	154	-11644	1134	85865
4851000	154	-11621	1140	86034
4861000	151	-11596	1121	86222
4871000	150	-11570	1120	86415
4881000	150	-11553	1125	86541
4891000	146	-11518	1103	86806
4901000	147	-11505	1113	86901
4911000	147	-11481	1117	87087
4921000	146	-11458	1116	87259
4931000	142	-11429	1087	87480
4941000	138	-11403	1062	87686
4951000	138	-11388	1066	87801
4961000	139	-11356	1078	88045
4971000	137	-11336	1063	88199
4981000	140	-11315	1095	88368
4991000	143	-11294	1119	88525
5001000	142	-11264	1118	88766
5011000	140	-11235	1111	88995
5021000	135	-11216	1076	89147
5031000	142	-11199	1131	89283
5041000	137	-11167	1100	89534
5051000	135	-11153	1088	89652
5061000	136	-11132	1101	89821
5071000	143	-11110	1156	89998
5081000	138	-11075	1121	90278
5091000	138	-11051	1126	90472
5101000	136	-11034	1116	90611
5111000	142	-11011	1174	90802
5121000	140	-10981	1164	91051
5131000	142	-10962	1181	91208
5141000	140	-10941	1168	91389
5151000	146	-10923	1223	91530
5161000	139	-10898	1174	91745
5171000	135	-10871	1141	91973
5181000	134	-10855	1140	92106
5191000	138	-10841	1175	92228
5201000	133	-10812	1137	92475
5211000	136	-10801	1162	92572
5221000	135	-10777	1159	92773
5231000	138	-10759	1196	92932
5241000	133	-10731	1157	93173
5251000	131	-10707	1142	93380
5261000	131	-10685	1148	93576
5271000	136	-10669	1190	93711
5281000	129	-10640	1142	93968
5291000	131	-10625	1157	94102
5301000	131	-10607	1166	94260
5311000	136	-10588	1217	94433
5321000	138	-10560	1241	94677
5331000	137	-10536	1232	94900
5341000	132	-10512	1192	95117
5351000	137	-10496	1245	95257
5361000	140	-10474	1273	95454
5371000	134	-10452	1229	95661
5381000	135	-10432	1244	95846
5391000	134	-10412	1236	96026
5401000	137	-10395	1270	96185
5411000	131	-10371	1214	96406
5421000	131	-10352	1224	96583
5431000	130	-10333	1216	96760
5441000	133	-10322	1245	96866
5451000	129	-10293	1218	97137
5461000	124	-10276	1172	97298
5471000	124	-10258	1177	97467
5481000	125	-10238	1192	97657
5491000	128	-10223	1228	97807
5501000	124	-10202	1187	98002
5511000	120	-10181	1162	98206
5521000	120	-10162	1164	98393
5531000	123	-10148	1193	98523
5541000	118	-10123	1154	98768
5551000	121	-10103	1187	98970
5561000	126	-10085	1242	99143
5571000	126	-10063	1246	99363
5581000	131	-10047	1294	99515
5591000	129	-10025	1279	99739
5601000	126	-10008	1260	99908
5611000	123	-9991	1235	100079
5621000	123	-9981	1231	100174
5631000	122	-9959	1230	100397
5641000	115	-9936	1165	100636
5651000	114	-9923	1161	100762
5661000	115	-9906	1175	100930
5671000	117	-9891	1194	101084
5681000	120	-9869	1232	101313
5691000	119	-9845	1225	101564
5701000	115	-9822	1196	101794
5711000	121	-9808	1258	101941
5721000	120	-9797	1249	102058
5731000	119	-9768	1244	102365
5741000	117	-9753	1226	102516
5751000	123	-9741	1293	102640
5761000	129	-9723	1360	102835
5771000	129	-9707	1364	103003
5781000	124	-9680	1325	103284
5791000	124	-9662	1326	103480
5801000	120	-9643	1286	103688
5811000	117	-9630	1264	103822
5821000	120	-9623	1292	103898
5831000	114	-9593	1242	104226
5841000	114	-9579	1237	104383
5851000	115	-9561	1263	104576
5861000	116	-9544	1275	104764
5871000	119	-9532	1308	104894
5881000	119	-9509	1313	105145
5891000	114	-9495	1269	105301
5901000	110	-9477	1222	105508
5911000	109	-9460	1213	105690
5921000	111	-9453	1241	105767
5931000	107	-9429	1207	106043
5941000	108	-9411	1225	106243
5951000	113	-9394	1276	106439
5961000	112	-9371	1271	106702
5971000	122	-9364	1396	106769
5981000	122	-9347	1393	106965
5991000	119	-9323	1369	107246
6001000	115	-9308	1325	107422
6011000	112	-9293	1298	107597
6021000	115	-9281	1335	107726
6031000	114	-9271	1327	107850
6041000	105	-9244	1234	108161
6051000	109	-9230	1275	108324
6061000	111	-9221	1306	108430
6071000	108	-9205	1277	108624
6081000	113	-9188	1339	108821
6091000	111	-9170	1322	109039
6101000	109	-9148	1298	109295
6111000	105	-9135	1255	109460
6121000	108	-9114	1298	109701
6131000	111	-9107	1343	109795
6141000	110	-9092	1333	109975
6151000	104	-9064	1270	110311
6161000	115	-9052	1398	110450
6171000	107	-9036	1316	110652
6181000	107	-9022	1311	110821
6191000	110	-9015	1349	110909
6201000	104	-9003	1287	111059
6211000	102	-8984	1261	111298
6221000	102	-8970	1271	111473
6231000	99	-8954	1233	111666
6241000	101	-8943	1265	111799
6251000	108	-8926	1355	112018
6261000	100	-8905	1263	112283
6271000	103	-8891	1297	112458
6281000	104	-8875	1314	112657
6291000	98	-8856	1255	112898
6301000	99	-8847	1271	113023
6311000	99	-8837	1264	113150
6321000	97	-8818	1244	113386
6331000	101	-8799	1299	113630
6341000	100	-8780	1303	113879
6351000	108	-8765	1402	114076
6361000	109	-8758	1415	114166
6371000	107	-8745	1395	114333
6381000	98	-8724	1290	114608
6391000	98	-8715	1294	114736
6401000	103	-8711	1361	114786
6411000	108	-8699	1425	114944
6421000	101	-8681	1345	115176
6431000	101	-8665	1350	115387
6441000	95	-8643	1267	115681
6451000	97	-8632	1302	115827
6461000	97	-8613	1311	116094
6471000	99	-8598	1343	116296
6481000	104	-8589	1405	116414
6491000	101	-8574	1372	116617
6501000	98	-8552	1337	116922
6511000	98	-8541	1349	117066
6521000	102	-8532	1401	117185
6531000	105	-8513	1455	117443
6541000	106	-8499	1461	117642
6551000	105	-8492	1452	117743
6561000	98	-8478	1365	117936
6571000	94	-8461	1315	118178
6581000	89	-8447	1251	118368
6591000	89	-8431	1249	118596
6601000	92	-8423	1297	118705
6611000	97	-8411	1365	118880
6621000	95	-8390	1350	119171
6631000	93	-8375	1323	119385
6641000	99	-8366	1411	119511
6651000	96	-8357	1374	119642
6661000	95	-8346	1359	119802
6671000	96	-8336	1381	119939
6681000	95	-8319	1379	120197
6691000	93	-8299	1345	120482
6701000	98	-8287	1430	120654
6711000	96	-8267	1407	120944
6721000	103	-8257	1506	121094
6731000	102	-8246	1503	121248
6741000	102	-8235	1497	121416
6751000	98	-8214	1449	121733
6761000	93	-8199	1378	121953
6771000	92	-8192	1377	122053
6781000	90	-8178	1349	122263
6791000	89	-8166	1333	122439
6801000	94	-8159	1409	122555
6811000	95	-8150	1432	122687
6821000	95	-8131	1431	122967
6831000	92	-8111	1403	123267
6841000	92	-8103	1398	123394
6851000	89	-8086	1360	123648
6861000	91	-8080	1400	123747
6871000	94	-8068	1450	123925
6881000	94	-8053	1451	124156
6891000	93	-8032	1447	124484
6901000	95	-8022	1471	124643
6911000	97	-8016	1516	124739
6921000	95	-8009	1486	124845
6931000	92	-7994	1447	125073
6941000	93	-7986	1466	125195
6951000	94	-7979	1477	125319
6961000	88	-7960	1386	125606
6971000	86	-7947	1363	125821
6981000	86	-7934	1361	126026
6991000	90	-7919	1439	126264
7001000	92	-7910	1469	126403
7011000	92	-7900	1472	126558
7021000	91	-7886	1458	126783
7031000	85	-7869	1376	127062
7041000	84	-7859	1357	127234
7051000	87	-7848	1410	127401
7061000	95	-7834	1546	127623
7071000	95	-7821	1557	127850
7081000	95	-7811	1550	128011
7091000	98	-7804	1610	128127
7101000	96	-7789	1579	128368
7111000	91	-7776	1508	128589
7121000	86	-7759	1424	128861
7131000	80	-7749	1332	129029
7141000	82	-7743	1366	129138
7151000	83	-7734	1383	129285
7161000	87	-7723	1453	129462
7171000	86	-7704	1451	129778
7181000	81	-7690	1374	130023
7191000	82	-7681	1388	130168
7201000	86	-7668	1462	130396
7211000	85	-7656	1454	130604
7221000	86	-7645	1464	130797
7231000	89	-7639	1532	130895
7241000	97	-7625	1673	131121
7251000	96	-7608	1651	131417
7261000	91	-7594	1576	131670
7271000	91	-7587	1580	131782
7281000	90	-7575	1562	131996
7291000	90	-7566	1564	132149
7301000	89	-7558	1557	132297
7311000	87	-7551	1521	132408
7321000	87	-7538	1529	132642
7331000	82	-7518	1444	132998
7341000	86	-7504	1524	133245
7351000	87	-7498	1542	133344
7361000	86	-7488	1525	133537
7371000	82	-7479	1471	133694
7381000	84	-7472	1498	133822
7391000	85	-7464	1522	133953
7401000	83	-7453	1486	134164
7411000	79	-7437	1436	134438
7421000	87	-7421	1575	134734
7431000	88	-7409	1607	134958
7441000	87	-7390	1590	135298
7451000	85	-7386	1551	135382
7461000	90	-7379	1646	135497
7471000	93	-7368	1707	135701
7481000	87	-7355	1617	135936
7491000	80	-7344	1486	136151
7501000	81	-7340	1511	136226
7511000	83	-7335	1550	136324
7521000	85	-7327	1575	136459
7531000	90	-7315	1683	136678
7541000	91	-7302	1703	136919
7551000	87	-7290	1635	137151
7561000	85	-7282	1608	137301
7571000	81	-7267	1533	137598
7581000	79	-7256	1503	137793
7591000	83	-7245	1577	138010
7601000	85	-7231	1632	138283
7611000	87	-7218	1662	138515
7621000	90	-7211	1724	138660
7631000	89	-7204	1711	138794
7641000	87	-7192	1686	139018
7651000	77	-7178	1498	139294
7661000	76	-7171	1473	139433
7671000	77	-7167	1494	139514
7681000	78	-7161	1516	139636
7691000	77	-7148	1501	139890
7701000	75	-7138	1479	140072
7711000	80	-7129	1573	140258
7721000	81	-7122	1598	140390
7731000	81	-7107	1597	140689
7741000	76	-7095	1512	140936
7751000	74	-7084	1478	141141
7761000	76	-7073	1515	141363
7771000	71	-7057	1431	141685
7781000	73	-7046	1474	141903
7791000	80	-7040	1616	142018
7801000	85	-7033	1709	142164
7811000	87	-7024	1760	142344
7821000	80	-7009	1624	142658
7831000	78	-6998	1600	142881
7841000	77	-6991	1581	143022
7851000	80	-6988	1630	143086
7861000	79	-6981	1621	143221
7871000	78	-6973	1608	143394
7881000	78	-6962	1608	143618
7891000	80	-6952	1655	143815
7901000	82	-6944	1695	143993
7911000	77	-6926	1601	144369
7921000	78	-6911	1636	144678
7931000	78	-6904	1631	144829
7941000	78	-6896	1643	144994
7951000	75	-6887	1580	145185
7961000	78	-6877	1659	145398
7971000	82	-6870	1747	145530
7981000	84	-6862	1782	145708
7991000	85	-6850	1806	145959
8001000	81	-6840	1730	146177
8011000	74	-6826	1582	146476
8021000	72	-6821	1548	146599
8031000	72	-6811	1543	146798
8041000	71	-6805	1534	146935
8051000	65	-6796	1407	147138
8061000	72	-6784	1555	147394
8071000	73	-6780	1591	147469
8081000	75	-6771	1641	147675
8091000	77	-6762	1684	147867
8101000	72	-6750	1579	148138
8111000	72	-6738	1580	148391
8121000	71	-6732	1571	148526
8131000	69	-6718	1518	148837
8141000	70	-6709	1562	149045
8151000	73	-6701	1617	149219
8161000	79	-6690	1762	149458
8171000	85	-6682	1901	149625
8181000	82	-6672	1837	149861
8191000	76	-6657	1722	150205
8201000	76	-6648	1717	150408
8211000	74	-6645	1684	150466
8221000	78	-6638	1777	150631
8231000	74	-6628	1690	150853
8241000	70	-6623	1586	150983
8251000	69	-6613	1587	151193
8261000	74	-6607	1697	151336
8271000	76	-6601	1740	151469
8281000	78	-6592	1801	151685
8291000	78	-6577	1813	152021
8301000	73	-6567	1704	152264
8311000	75	-6560	1733	152412
8321000	73	-6549	1693	152683
8331000	73	-6537	1706	152946
8341000	75	-6528	1750	153156
8351000	80	-6518	1874	153390
8361000	85	-6517	2008	153427
8371000	88	-6509	2068	153608
8381000	82	-6497	1934	153898
8391000	78	-6484	1858	154213
8401000	72	-6474	1722	154447
8411000	76	-6469	1814	154561
8421000	75	-6463	1806	154694
8431000	79	-6457	1892	154855
8441000	80	-6448	1916	155067
8451000	78	-6439	1876	155288
8461000	78	-6428	1898	155534
8471000	78	-6425	1896	155610
8481000	79	-6418	1927	155797
8491000	72	-6409	1755	156008
8501000	72	-6397	1751	156296
8511000	71	-6392	1737	156418
8521000	68	-6381	1677	156698
8531000	69	-6371	1697	156933
8541000	71	-6355	1750	157331
8551000	74	-6349	1824	157474
8561000	76	-6341	1883	157678
8571000	79	-6340	1974	157696
8581000	77	-6333	1915	157873
8591000	75	-6325	1865	158080
8601000	65	-6312	1635	158410
8611000	61	-6305	1532	158596
8621000	63	-6301	1594	158687
8631000	65	-6294	1635	158855
8641000	66	-6282	1661	159165
8651000	66	-6273	1688	159404
8661000	69	-6265	1761	159600
8671000	72	-6258	1845	159763
8681000	74	-6253	1901	159899
8691000	74	-6247	1902	160065
8701000	69	-6238	1776	160279
8711000	71	-6224	1834	160643
8721000	76	-6216	1964	160843
8731000	76	-6205	1981	161129
8741000	73	-6197	1907	161354
8751000	73	-6188	1911	161587
8761000	74	-6181	1926	161752
8771000	74	-6176	1933	161906
8781000	73	-6173	1916	161974
8791000	77	-6169	2032	162088
8801000	75	-6157	1983	162382
8811000	71	-6147	1873	162650
8821000	71	-6135	1880	162987
8831000	69	-6124	1836	163259
8841000	70	-6119	1858	163393
8851000	70	-6114	1859	163526
8861000	68	-6106	1833	163755
8871000	64	-6098	1711	163965
8881000	63	-6093	1692	164099
8891000	63	-6088	1692	164233
8901000	69	-6084	1851	164354
8911000	71	-6078	1933	164518
8921000	68	-6065	1847	164847
8931000	74	-6052	2019	165219
8941000	73	-6041	2010	165502
8951000	74	-6034	2043	165697
8961000	73	-6026	2000	165933
8971000	69	-6015	1909	166220
8981000	65	-6008	1789	166427
8991000	67	-6005	1870	166518
9001000	67	-6003	1849	166551
9011000	69	-6000	1930	166631
9021000	71	-5994	1975	166821
9031000	73	-5982	2035	167150
9041000	67	-5971	1875	167446
9051000	64	-5959	1793	167798
9061000	66	-5953	1856	167952
9071000	68	-5948	1931	168098
9081000	69	-5942	1952	168280
9091000	67	-5931	1916	168574
9101000	66	-5921	1892	168880
9111000	69	-5919	1983	168936
9121000	74	-5910	2115	169174
9131000	76	-5903	2171	169382
9141000	78	-5899	2250	169483
9151000	77	-5893	2211	169651
9161000	71	-5886	2063	169867
9171000	66	-5874	1900	170228
9181000	68	-5872	1966	170280
9191000	68	-5864	1965	170499
9201000	64	-5857	1852	170721
9211000	62	-5846	1808	171041
9221000	64	-5840	1880	171218
9231000	68	-5835	2011	171342
9241000	69	-5828	2029	171554
9251000	69	-5825	2045	171650
9261000	71	-5818	2091	171844
9271000	68	-5809	2012	172137
9281000	64	-5798	1909	172460
9291000	62	-5788	1837	172755
9301000	61	-5783	1837	172891
9311000	65	-5774	1937	173171
9321000	68	-5768	2044	173337
9331000	71	-5761	2133	173546
9341000	72	-5752	2176	173814
9351000	68	-5744	2051	174062
9361000	68	-5739	2061	174212
9371000	71	-5736	2160	174315
9381000	72	-5730	2188	174491
9391000	72	-5728	2183	174546
9401000	67	-5722	2050	174739
9411000	64	-5710	1962	175102
9421000	63	-5702	1925	175358
9431000	61	-5696	1866	175541
9441000	62	-5687	1929	175821
9451000	60	-5676	1876	176150
9461000	60	-5666	1868	176478
9471000	61	-5660	1905	176649
9481000	61	-5654	1921	176830
9491000	61	-5652	1895	176918
9501000	66	-5644	2078	177154
9511000	70	-5638	2202	177330
9521000	73	-5631	2315	177564
9531000	70	-5618	2212	177969
9541000	64	-5610	2042	178222
9551000	63	-5602	1996	178493
9561000	64	-5599	2037	178571
9571000	66	-5596	2117	178659
9581000	68	-5595	2161	178700
9591000	62	-5588	1979	178918
9601000	62	-5582	1998	179122
9611000	62	-5580	1982	179192
9621000	65	-5570	2096	179512
9631000	65	-5564	2094	179706
9641000	70	-5560	2267	179824
9651000	69	-5552	2250	180101
9661000	69	-5545	2253	180306
9671000	62	-5536	2025	180607
9681000	62	-5528	2029	180873
9691000	59	-5523	1942	181038
9701000	57	-5517	1885	181232
9711000	61	-5506	2013	181595
9721000	61	-5501	2001	181760
9731000	64	-5489	2111	182168
9741000	65	-5481	2175	182433
9751000	70	-5474	2336	182655
9761000	71	-5467	2386	182887
9771000	72	-5465	2418	182953
9781000	69	-5459	2321	183144
9791000	69	-5454	2303	183307
9801000	63	-5443	2136	183707
9811000	59	-5435	2005	183970
9821000	59	-5432	1996	184058
9831000	61	-5425	2061	184312
9841000	58	-5419	1960	184518
9851000	60	-5414	2058	184698
9861000	62	-5404	2124	185011
9871000	59	-5399	2017	185190
9881000	61	-5391	2098	185461
9891000	60	-5386	2065	185646
9901000	62	-5384	2154	185702
9911000	63	-5379	2190	185881
9921000	66	-5374	2296	186053
9931000	69	-5366	2401	186317
9941000	68	-5357	2376	186632
9951000	66	-5348	2315	186970
9961000	67	-5341	2335	187197
9971000	67	-5338	2335	187319
9981000	62	-5329	2182	187628
9991000	60	-5323	2105	187828
10001000	55	-5317	1949	188057
10011000	55	-5311	1951	188269
10021000	55	-5307	1938	188404
10031000	57	-5305	2010	188485
10041000	57	-5303	2025	188539
10051000	58	-5297	2075	188768
10061000	61	-5293	2172	188905
10071000	63	-5282	2246	189291
10081000	59	-5273	2132	189625
10091000	55	-5265	1992	189903
10101000	53	-5259	1932	190117
10111000	57	-5254	2057	190307
10121000	56	-5253	2032	190354
10131000	58	-5248	2091	190534
10141000	62	-5243	2259	190687
10151000	64	-5236	2346	190970
10161000	67	-5227	2434	191281
10171000	67	-5215	2454	191705
10181000	67	-5207	2470	192002
10191000	67	-5205	2457	192078
10201000	67	-5202	2487	192185
10211000	70	-5199	2582	192292
10221000	68	-5198	2502	192334
10231000	66	-5191	2431	192628
10241000	62	-5182	2292	192937
10251000	60	-5177	2247	193122
10261000	56	-5171	2091	193360
10271000	58	-5165	2167	193587
10281000	57	-5158	2157	193845
10291000	57	-5151	2144	194102
10301000	56	-5141	2131	194500
10311000	59	-5135	2220	194731
10321000	63	-5130	2386	194912
10331000	63	-5128	2407	194988
10341000	65	-5121	2496	195232
10351000	67	-5117	2545	195411
10361000	68	-5111	2601	195613
10371000	68	-5099	2632	196076
10381000	66	-5089	2555	196468
10391000	62	-5079	2410	196856
10401000	61	-5072	2367	197141
10411000	62	-5069	2427	197241
10421000	64	-5066	2484	197351
10431000	63	-5065	2462	197415
10441000	66	-5061	2583	197538
10451000	64	-5055	2491	197804
10461000	63	-5053	2461	197887
10471000	62	-5043	2434	198257
10481000	63	-5038	2463	198461
10491000	64	-5034	2543	198633
10501000	67	-5028	2636	198852
10511000	68	-5026	2686	198942
10521000	67	-5021	2666	199126
10531000	65	-5014	2565	199391
10541000	61	-5010	2421	199584
10551000	56	-5001	2252	199946
10561000	57	-4998	2273	200034
10571000	57	-4994	2271	200204
10581000	55	-4984	2213	200607
10591000	56	-4976	2273	200937
10601000	55	-4967	2247	201315
10611000	55	-4958	2222	201682
10621000	56	-4953	2264	201872
10631000	59	-4946	2414	202148
10641000	63	-4944	2591	202235
10651000	63	-4941	2596	202374
10661000	65	-4937	2686	202509
10671000	64	-4932	2644	202706
10681000	63	-4930	2589	202824
10691000	59	-4924	2442	203044
10701000	53	-4915	2194	203456
10711000	54	-4909	2228	203679
10721000	54	-4904	2255	203897
10731000	55	-4899	2295	204117
10741000	54	-4896	2244	204243
10751000	57	-4888	2367	204569
10761000	56	-4884	2350	204730
10771000	55	-4877	2305	205013
10781000	55	-4866	2306	205462
10791000	56	-4864	2356	205563
10801000	57	-4857	2433	205859
10811000	61	-4854	2595	205970
10821000	64	-4847	2711	206270
10831000	66	-4844	2823	206389
10841000	68	-4838	2893	206643
10851000	69	-4831	2976	206957
10861000	67	-4827	2876	207123
10871000	64	-4819	2771	207492
10881000	62	-4815	2676	207665
10891000	58	-4808	2519	207955
10901000	58	-4806	2509	208022
10911000	59	-4802	2576	208230
10921000	58	-4801	2522	208275
10931000	56	-4791	2434	208703
10941000	57	-4784	2499	208997
10951000	59	-4778	2602	209244
10961000	58	-4775	2563	209400
10971000	61	-4770	2677	209609
10981000	62	-4767	2717	209755
10991000	63	-4766	2754	209784
11001000	63	-4763	2791	209903
11011000	60	-4758	2654	210131
11021000	59	-4754	2598	210328
11031000	54	-4748	2411	210579
11041000	49	-4737	2201	211064
11051000	48	-4731	2146	211369
11061000	50	-4726	2257	211573
11071000	52	-4720	2341	211820
11081000	56	-4714	2536	212098
11091000	59	-4706	2658	212439
11101000	61	-4702	2739	212652
11111000	57	-4697	2565	212877
11121000	54	-4691	2472	213138
11131000	54	-4688	2474	213304
11141000	53	-4682	2423	213548
11151000	52	-4678	2381	213720
11161000	54	-4678	2453	213741
11171000	54	-4676	2460	213809
11181000	53	-4677	2429	213798
11191000	55	-4671	2531	214074
11201000	58	-4669	2643	214151
11211000	55	-4658	2533	214640
11221000	51	-4653	2362	214880
11231000	52	-4643	2424	215370
11241000	54	-4636	2505	215670
11251000	53	-4632	2478	215868
11261000	55	-4628	2581	216057
11271000	56	-4620	2617	216420
11281000	52	-4615	2425	216660
11291000	51	-4604	2394	217170
11301000	51	-4601	2396	217336
11311000	52	-4596	2441	217575
11321000	56	-4589	2649	217881
11331000	55	-4586	2625	218045
11341000	62	-4583	2931	218153
11351000	59	-4577	2823	218424
11361000	62	-4578	2954	218383
11371000	64	-4574	3075	218570
11381000	61	-4573	2938	218657
11391000	54	-4564	2594	219053
11401000	50	-4558	2429	219384
11411000	49	-4553	2378	219627
11421000	47	-4550	2277	219768
11431000	47	-4546	2282	219960
11441000	51	-4541	2450	220187
11451000	52	-4537	2538	220382
11461000	54	-4530	2620	220699
11471000	53	-4526	2592	220902
11481000	52	-4519	2550	221247
11491000	52	-4516	2529	221426
11501000	49	-4510	2425	221722
11511000	48	-4507	2351	221844
11521000	49	-4503	2437	222056
11531000	51	-4499	2533	222249
11541000	53	-4498	2608	222283
11551000	52	-4492	2600	222585
11561000	59	-4485	2908	222907
11571000	57	-4478	2835	223271
11581000	59	-4472	2928	223566
11591000	59	-4463	2951	224036
11601000	56	-4456	2826	224366
11611000	56	-4451	2808	224647
11621000	58	-4447	2941	224830
11631000	56	-4445	2821	224913
11641000	57	-4443	2895	225016
11651000	53	-4436	2704	225383
11661000	53	-4433	2722	225556
11671000	52	-4428	2636	225813
11681000	51	-4427	2619	225881
11691000	53	-4423	2694	226035
11701000	51	-4419	2632	226254
11711000	52	-4416	2649	226428
11721000	55	-4411	2840	226664
11731000	55	-4405	2858	226972
11741000	60	-4401	3073	227183
11751000	62	-4397	3187	227377
11761000	60	-4396	3099	227447
11771000	55	-4388	2869	227856
11781000	53	-4379	2789	228353
11791000	51	-4373	2683	228630
11801000	49	-4364	2585	229142
11811000	50	-4363	2617	229192
11821000	53	-4356	2812	229551
11831000	56	-4352	2962	229740
11841000	58	-4342	3073	230245
11851000	61	-4341	3259	230304
11861000	60	-4337	3192	230544
11871000	60	-4331	3219	230836
11881000	62	-4331	3289	230863
11891000	60	-4325	3200	231154
11901000	60	-4324	3207	231238
11911000	57	-4319	3035	231484
11921000	61	-4315	3265	231702
11931000	58	-4311	3117	231935
11941000	61	-4308	3281	232095
11951000	63	-4304	3425	232306
11961000	64	-4303	3456	232361
11971000	61	-4295	3324	232772
11981000	61	-4291	3303	233022
11991000	57	-4283	3103	233423
12001000	54	-4276	2977	233818
12011000	51	-4274	2797	233965
12021000	53	-4271	2905	234097
12031000	52	-4269	2855	234211
12041000	49	-4263	2699	234568
12051000	48	-4260	2652	234704
12061000	43	-4254	2383	235056
12071000	43	-4246	2392	235468
12081000	43	-4245	2381	235556
12091000	46	-4239	2558	235861
12101000	49	-4234	2709	236165
12111000	55	-4226	3053	236568
12121000	57	-4223	3178	236782
12131000	60	-4220	3364	236941
12141000	59	-4217	3327	237063
12151000	59	-4213	3299	237288
12161000	59	-4210	3304	237490
12171000	57	-4207	3232	237636
12181000	55	-4201	3118	237970
12191000	49	-4197	2767	238235
12201000	48	-4192	2711	238495
12211000	46	-4190	2597	238657
12221000	44	-4186	2499	238843
12231000	46	-4183	2646	239060
12241000	45	-4180	2591	239182
12251000	44	-4179	2539	239291
12261000	47	-4173	2711	239632
12271000	51	-4170	2929	239789
12281000	53	-4162	3059	240252
12291000	54	-4157	3100	240536
12301000	56	-4153	3257	240751
12311000	59	-4151	3405	240860
12321000	56	-4145	3270	241204
12331000	59	-4140	3417	241496
12341000	58	-4138	3370	241616
12351000	56	-4133	3272	241924
12361000	56	-4132	3270	241986
12371000	65	-4120	3813	242649
12381000	66	-4118	3898	242757
12391000	65	-4111	3873	243173
12401000	63	-4108	3714	243385
12411000	62	-4104	3687	243635
12421000	57	-4094	3423	244207
12431000	55	-4091	3307	244413
12441000	55	-4087	3320	244636
12451000	55	-4083	3328	244887
12461000	53	-4082	3157	244938
12471000	55	-4079	3322	245113
12481000	51	-4073	3065	245457
12491000	50	-4069	3014	245701
12501000	53	-4064	3190	246039
12511000	53	-4061	3206	246227
12521000	53	-4055	3250	246592
12531000	53	-4053	3205	246675
12541000	52	-4049	3169	246911
12551000	53	-4046	3214	247105
12561000	54	-4045	3281	247175
12571000	55	-4041	3379	247440
12581000	57	-4041	3508	247443
12591000	57	-4037	3519	247674
12601000	56	-4036	3438	247725
12611000	52	-4030	3215	248105
12621000	50	-4029	3102	248165
12631000	49	-4022	3053	248598
12641000	45	-4015	2815	249013
12651000	48	-4009	2996	249377
12661000	45	-3997	2821	250149
12671000	46	-3994	2884	250324
12681000	47	-3989	2922	250666
12691000	51	-3980	3208	251205
12701000	53	-3978	3365	251317
12711000	55	-3974	3510	251577
12721000	53	-3970	3352	251819
12731000	55	-3968	3462	251990
12741000	56	-3963	3535	252277
12751000	50	-3959	3174	252544
12761000	49	-3956	3108	252723
12771000	48	-3954	3091	252841
12781000	49	-3947	3154	253343
12791000	47	-3946	3009	253372
12801000	45	-3943	2886	253603
12811000	47	-3943	3032	253588
12821000	50	-3940	3244	253784
12831000	52	-3941	3339	253674
12841000	55	-3938	3516	253894
12851000	55	-3932	3545	254256
12861000	59	-3925	3804	254708
12871000	58	-3921	3751	254972
12881000	58	-3915	3769	255359
12891000	53	-3908	3484	255861
12901000	54	-3905	3531	256045
12911000	51	-3900	3346	256334
12921000	52	-3898	3432	256481
12931000	53	-3894	3468	256727
12941000	51	-3885	3349	257356
12951000	52	-3885	3459	257342
12961000	53	-3873	3501	258132
12971000	50	-3870	3362	258366
12981000	54	-3861	3629	258983
12991000	52	-3857	3512	259190
13001000	54	-3854	3641	259447
13011000	54	-3849	3613	259730
13021000	54	-3848	3663	259826
13031000	53	-3846	3589	259939
13041000	56	-3844	3768	260070
13051000	57	-3846	3877	259937
13061000	57	-3844	3827	260087
13071000	56	-3842	3765	260219
13081000	56	-3839	3796	260450
13091000	53	-3835	3628	260733
13101000	61	-3835	4155	260715
13111000	50	-3822	3444	261580
13121000	54	-3823	3725	261554
13131000	50	-3812	3469	262310
13141000	51	-3809	3495	262463
13151000	50	-3806	3476	262666
13161000	49	-3799	3381	263152
13171000	46	-3798	3216	263269
13181000	47	-3799	3286	263162
13191000	49	-3794	3379	263497
13201000	50	-3792	3455	263639
13211000	49	-3793	3439	263603
13221000	48	-3790	3359	263829
13231000	44	-3786	3104	264104
13241000	41	-3782	2894	264389
13251000	45	-3775	3161	264894
13261000	42	-3771	2982	265172
13271000	47	-3765	3297	265549
13281000	46	-3762	3262	265781
13291000	49	-3755	3493	266292
13301000	50	-3753	3541	266395
13311000	56	-3747	3959	266812
13321000	57	-3747	4054	266845
13331000	59	-3743	4202	267116
13341000	59	-3743	4181	267096
13351000	60	-3740	4303	267324
13361000	60	-3737	4319	267555
13371000	58	-3733	4158	267799
13381000	54	-3731	3867	267986
13391000	55	-3728	3969	268188
13401000	51	-3724	3643	268464
13411000	49	-3720	3546	268771
13421000	43	-3716	3143	269055
13431000	46	-3712	3358	269357
13441000	45	-3708	3236	269629
13451000	45	-3710	3305	269483
13461000	44	-3708	3222	269635
13471000	48	-3703	3493	270022
13481000	46	-3695	3338	270597
13491000	46	-3692	3375	270833
13501000	42	-3687	3118	271154
13511000	47	-3679	3448	271780
13521000	47	-3675	3513	272083
13531000	49	-3673	3632	272241
13541000	50	-3668	3735	272561
13551000	51	-3669	3761	272536
13561000	52	-3666	3868	272717
13571000	55	-3662	4080	272994
13581000	54	-3658	4034	273319
13591000	56	-3653	4210	273650
13601000	60	-3654	4491	273595
13611000	60	-3646	4517	274179
13621000	60	-3640	4521	274626
13631000	60	-3635	4512	275055
13641000	56	-3634	4211	275105
13651000	56	-3624	4229	275882
13661000	52	-3620	3975	276181
13671000	49	-3618	3713	276315
13681000	47	-3613	3619	276718
13691000	48	-3612	3685	276822
13701000	43	-3609	3288	277055
13711000	45	-3609	3432	277040
13721000	45	-3608	3495	277147
13731000	44	-3604	3379	277410
13741000	47	-3605	3600	277358
13751000	46	-3603	3566	277486
13761000	48	-3598	3724	277871
13771000	49	-3594	3798	278168
13781000	50	-3592	3910	278345
13791000	47	-3585	3655	278904
13801000	49	-3582	3821	279103
13811000	51	-3578	3991	279445
13821000	51	-3574	4020	279720
13831000	52	-3569	4090	280100
13841000	50	-3565	3968	280474
13851000	50	-3564	3903	280522
13861000	50	-3559	3983	280956
13871000	51	-3560	4018	280854
13881000	51	-3558	4015	280964
13891000	51	-3556	4006	281121
13901000	54	-3553	4267	281427
13911000	53	-3550	4166	281614
13921000	51	-3546	4075	281958
13931000	52	-3542	4126	282270
13941000	51	-3529	4091	283340
13951000	53	-3531	4263	283109
13961000	55	-3523	4408	283809
13971000	53	-3518	4306	284192
13981000	53	-3512	4328	284662
13991000	52	-3505	4238	285219
14001000	54	-3503	4410	285390
14011000	54	-3500	4446	285674
14021000	54	-3495	4390	286075
14031000	51	-3492	4206	286321
14041000	52	-3491	4238	286429
14051000	48	-3484	3932	286990
14061000	45	-3480	3716	287300
14071000	43	-3477	3560	287556
14081000	44	-3479	3664	287425
14091000	43	-3476	3570	287671
14101000	44	-3474	3629	287805
14111000	43	-3472	3560	287978
14121000	41	-3465	3441	288520
14131000	46	-3467	3842	288370
14141000	47	-3464	3885	288657
14151000	48	-3463	4022	288713
14161000	48	-3460	4017	288989
14171000	49	-3454	4096	289424
14181000	54	-3454	4501	289456
14191000	57	-3458	4772	289076
14201000	55	-3446	4664	290132
14211000	52	-3442	4375	290464
14221000	53	-3438	4473	290779
14231000	51	-3433	4292	291243
14241000	49	-3434	4140	291112
14251000	44	-3425	3736	291913
14261000	44	-3421	3799	292224
14271000	42	-3420	3566	292392
14281000	45	-3414	3859	292865
14291000	47	-3406	4090	293512
14301000	48	-3405	4146	293626
14311000	49	-3402	4217	293910
14321000	52	-3396	4517	294414
14331000	49	-3395	4278	294521
14341000	51	-3390	4460	294915
14351000	53	-3383	4640	295548
14361000	52	-3385	4533	295357
14371000	48	-3381	4207	295741
14381000	49	-3378	4332	295992
14391000	49	-3375	4265	296201
14401000	43	-3376	3804	296193
14411000	44	-3371	3903	296600
14421000	43	-3372	3762	296495
14431000	44	-3367	3853	296963
14441000	44	-3363	3933	297277
14451000	46	-3365	4097	297105
14461000	45	-3359	4018	297610
14471000	45	-3362	4019	297374
14481000	50	-3363	4428	297279
14491000	50	-3356	4469	297935
14501000	50	-3353	4472	298214
14511000	51	-3349	4514	298539
14521000	53	-3346	4689	298812
14531000	54	-3343	4820	299055
14541000	55	-3338	4899	299485
14551000	54	-3338	4847	299525
14561000	51	-3328	4630	300396
14571000	50	-3326	4563	300623
14581000	47	-3324	4251	300774
14591000	47	-3320	4275	301103
14601000	43	-3314	3913	301739
14611000	44	-3310	3994	302050
14621000	44	-3313	3968	301810
14631000	44	-3312	4030	301903
14641000	49	-3309	4468	302141
14651000	46	-3305	4170	302541
14661000	45	-3301	4127	302911
14671000	47	-3297	4312	303275
14681000	48	-3291	4466	303812
14691000	48	-3285	4456	304386
14701000	50	-3280	4611	304799
14711000	47	-3277	4354	305089
14721000	48	-3270	4481	305777
14731000	50	-3267	4657	306040
14741000	51	-3268	4735	305921
14751000	48	-3261	4523	306610
14761000	51	-3261	4823	306597
14771000	52	-3257	4926	306940
14781000	54	-3254	5058	307202
14791000	52	-3255	4907	307161
14801000	52	-3256	4946	307048
14811000	52	-3253	4953	307286
14821000	54	-3251	5100	307527
14831000	53	-3251	5026	307471
14841000	54	-3250	5066	307584
14851000	52	-3247	4887	307932
14861000	55	-3249	5174	307746
14871000	49	-3242	4705	308346
14881000	50	-3237	4737	308865
14891000	47	-3235	4449	309041
14901000	45	-3230	4295	309574
14911000	44	-3226	4259	309914
14921000	42	-3219	4059	310594
14931000	41	-3216	3931	310930
14941000	40	-3209	3930	311581
14951000	40	-3205	3847	311922
14961000	41	-3202	4035	312290
14971000	45	-3198	4404	312675
14981000	45	-3194	4400	313062
14991000	46	-3191	4509	313352
15001000	43	-3190	4239	313436
15011000	46	-3190	4513	313449
15021000	45	-3185	4428	313947
15031000	48	-3181	4762	314249
15041000	48	-3176	4769	314827
15051000	52	-3172	5162	315129
15061000	50	-3160	4962	316349
15071000	46	-3169	4578	315525
15081000	49	-3156	4881	316732
15091000	48	-3150	4802	317379
15101000	44	-3149	4387	317501
15111000	49	-3147	4982	317726
15121000	47	-3142	4718	318159
15131000	48	-3144	4885	317981
15141000	48	-3140	4911	318395
15151000	48	-3138	4844	318600
15161000	50	-3139	5125	318534
15171000	50	-3139	5025	318531
15181000	50	-3137	5059	318741
15191000	51	-3135	5208	318866
15201000	50	-3136	5107	318835
15211000	54	-3132	5480	319151
15221000	55	-3129	5636	319461
15231000	57	-3129	5816	319531
15241000	55	-3122	5600	320247
15251000	56	-3119	5757	320503
15261000	54	-3116	5566	320846
15271000	53	-3110	5479	321425
15281000	52	-3107	5415	321795
15291000	50	-3102	5160	322277
15301000	51	-3099	5328	322561
15311000	47	-3095	4938	323019
15321000	47	-3093	4892	323233
15331000	49	-3093	5091	323256
15341000	48	-3093	5020	323236
15351000	47	-3089	4877	323612
15361000	46	-3085	4843	324029
15371000	48	-3084	5050	324213
15381000	45	-3080	4751	324570
15391000	42	-3083	4433	324298
15401000	43	-3076	4523	325017
15411000	39	-3073	4116	325341
15421000	39	-3070	4107	325733
15431000	40	-3068	4276	325887
15441000	38	-3058	4083	326990
15451000	41	-3052	4431	327548
15461000	40	-3051	4307	327693
15471000	43	-3051	4572	327732
15481000	47	-3047	5028	328072
15491000	41	-3045	4450	328356
15501000	49	-3038	5315	329067
15511000	51	-3033	5540	329570
15521000	53	-3033	5790	329633
15531000	54	-3032	5913	329759
15541000	54	-3026	5921	330316
15551000	54	-3025	5918	330477
15561000	53	-3022	5798	330754
15571000	56	-3025	6073	330517
15581000	56	-3019	6150	331072
15591000	55	-3017	5989	331356
15601000	58	-3019	6345	331137
15611000	57	-3014	6258	331660
15621000	52	-3012	5748	331856
15631000	55	-3013	6054	331793
15641000	54	-3011	5966	332027
15651000	44	-3005	4926	332697
15661000	45	-3002	5023	333015
15671000	39	-2999	4385	333353
15681000	45	-2996	4973	333699
15691000	41	-2992	4592	334161
15701000	45	-2991	4978	334286
15711000	41	-2985	4548	334922
15721000	39	-2980	4388	335486
15731000	43	-2977	4904	335890
15741000	42	-2977	4785	335860
15751000	43	-2970	4918	336604
15761000	42	-2969	4802	336718
15771000	42	-2967	4774	336984
15781000	43	-2964	4941	337281
15791000	44	-2961	4992	337605
15801000	44	-2956	4983	338214
15811000	43	-2956	4907	338250
15821000	41	-2951	4688	338780
15831000	39	-2949	4527	339083
15841000	41	-2946	4689	339373
15851000	48	-2936	5603	340535
15861000	42	-2934	4858	340768
15871000	46	-2932	5351	341031
15881000	49	-2928	5665	341424
15891000	50	-2927	5883	341505
15901000	49	-2919	5795	342538
15911000	52	-2921	6053	342279
15921000	52	-2918	6142	342570
15931000	53	-2918	6180	342581
15941000	54	-2916	6303	342799
15951000	52	-2917	6072	342733
15961000	51	-2915	6009	342893
15971000	52	-2913	6144	343222
15981000	53	-2913	6240	343207
15991000	56	-2914	6563	342990
16001000	53	-2913	6260	343166
16011000	52	-2915	6092	342997
16021000	53	-2913	6279	343201
16031000	53	-2911	6238	343380
16041000	53	-2913	6209	343186
16051000	55	-2907	6541	343894
16061000	55	-2902	6487	344455
16071000	52	-2903	6113	344383
16081000	54	-2895	6419	345350
16091000	54	-2889	6502	345982
16101000	52	-2892	6211	345657
16111000	50	-2882	6054	346842
16121000	49	-2885	5913	346474
16131000	50	-2877	6092	347499
16141000	49	-2870	5992	348272
16151000	49	-2869	6007	348461
16161000	47	-2864	5714	349055
16171000	48	-2864	5911	349085
16181000	48	-2868	5848	348612
16191000	48	-2861	5838	349407
16201000	47	-2860	5752	349570
16211000	48	-2857	5817	349863
16221000	46	-2855	5689	350153
16231000	42	-2847	5177	351190
16241000	43	-2844	5351	351541
16251000	43	-2842	5333	351734
16261000	47	-2839	5783	352173
16271000	46	-2840	5721	351970
16281000	46	-2833	5760	352931
16291000	49	-2829	6066	353337
16301000	50	-2821	6326	354422
16311000	49	-2822	6102	354257
16321000	52	-2816	6542	355012
16331000	52	-2810	6535	355698
16341000	49	-2812	6256	355512
16351000	52	-2809	6541	355886
16361000	52	-2808	6649	356045
16371000	53	-2807	6755	356094
16381000	55	-2805	7010	356328
16391000	57	-2803	7268	356673
16401000	55	-2802	7004	356813
16411000	53	-2802	6802	356754
16421000	55	-2802	6941	356776
16431000	54	-2801	6839	356888
16441000	55	-2799	6987	357178
16451000	57	-2797	7222	357366
16461000	55	-2799	7074	357084
16471000	54	-2795	6969	357586
16481000	51	-2794	6514	357846
16491000	53	-2792	6831	358089
16501000	51	-2789	6557	358398
16511000	52	-2784	6694	359112
16521000	57	-2780	7321	359540
16531000	42	-2775	5494	360334
16541000	47	-2770	6087	360855
16551000	49	-2768	6402	361094
16561000	49	-2765	6357	361595
16571000	47	-2758	6201	362459
16581000	43	-2753	5649	363214
16591000	42	-2749	5509	363716
16601000	47	-2750	6158	363594
16611000	45	-2748	5904	363741
16621000	44	-2743	5818	364455
16631000	46	-2741	6063	364734
16641000	47	-2736	6226	365452
16651000	46	-2735	6098	365490
16661000	50	-2733	6717	365823
16671000	48	-2726	6500	366690
16681000	51	-2726	6847	366710
16691000	53	-2723	7177	367121
16701000	52	-2719	7011	367619
16711000	56	-2717	7609	367881
16721000	58	-2715	7911	368145
16731000	57	-2709	7773	369039
16741000	57	-2709	7713	369006
16751000	57	-2710	7812	368847
16761000	57	-2706	7770	369405
16771000	55	-2707	7523	369326
