f/Hz	Re{Y}/µS	Im{Y}/µS	Re{Z}/mOhm	Im{Z}/mOhm
1000	938460	-42889	1063	49
11000	771724	-329264	1096	468
21000	544550	-446926	1097	901
31000	369617	-445316	1104	1330
41000	257235	-407628	1107	1755
51000	185006	-362563	1117	2188
61000	137563	-324882	1105	2610
71000	106197	-289676	1116	3043
81000	83991	-261436	1114	3467
91000	68215	-237336	1119	3892
101000	56111	-216744	1119	4324
111000	47062	-199386	1121	4751
121000	40172	-184303	1129	5180
131000	34470	-171360	1128	5609
141000	30107	-160217	1133	6029
151000	26391	-150119	1136	6462
161000	23347	-141273	1139	6890
171000	20750	-133420	1138	7318
181000	18559	-126275	1139	7752
191000	16911	-120015	1151	8170
201000	15265	-114296	1148	8596
211000	13990	-109100	1156	9018
221000	12753	-104191	1157	9456
231000	11694	-99801	1158	9884
241000	10851	-95727	1169	10314
251000	9960	-92106	1160	10732
261000	9285	-88619	1169	11162
271000	8633	-85420	1171	11588
281000	8093	-82422	1180	12017
291000	7550	-79645	1180	12444
301000	7052	-77078	1177	12866
311000	6662	-74616	1187	13296
321000	6296	-72329	1194	13722
331000	5943	-70155	1199	14152
341000	5611	-68164	1200	14572
351000	5333	-66235	1208	15000
361000	5041	-64410	1208	15431
371000	4790	-62737	1210	15847
381000	4572	-61082	1219	16280
391000	4318	-59545	1211	16706
401000	4144	-58063	1223	17136
411000	3926	-56694	1216	17554
421000	3784	-55354	1229	17982
431000	3621	-54085	1232	18407
441000	3461	-52894	1232	18825
451000	3344	-51695	1246	19264
461000	3203	-50574	1247	19694
471000	3078	-49527	1250	20113
481000	2959	-48508	1253	20539
491000	2836	-47527	1251	20966
501000	2745	-46615	1259	21378
511000	2630	-45690	1256	21815
521000	2535	-44842	1257	22229
531000	2480	-43995	1277	22658
541000	2380	-43175	1273	23091
551000	2314	-42406	1283	23511
561000	2232	-41646	1283	23943
571000	2163	-40929	1288	24365
581000	2090	-40213	1289	24800
591000	2023	-39543	1290	25223
601000	1962	-38889	1294	25649
611000	1928	-38266	1313	26067
621000	1860	-37660	1308	26489
631000	1800	-37059	1307	26920
641000	1754	-36476	1315	27352
651000	1703	-35912	1318	27783
661000	1663	-35383	1326	28200
671000	1610	-34863	1322	28622
681000	1578	-34366	1334	29037
691000	1533	-33870	1334	29465
701000	1492	-33391	1335	29888
711000	1461	-32923	1345	30314
721000	1424	-32451	1350	30757
731000	1395	-32017	1358	31175
741000	1344	-31593	1345	31595
751000	1325	-31185	1360	32009
761000	1291	-30778	1360	32433
771000	1267	-30384	1371	32855
781000	1240	-29997	1375	33280
791000	1215	-29608	1384	33717
801000	1192	-29250	1391	34131
811000	1154	-28891	1381	34557
821000	1126	-28542	1380	34981
831000	1106	-28193	1389	35415
841000	1083	-27880	1392	35814
851000	1074	-27540	1413	36256
861000	1050	-27212	1416	36693
871000	1018	-26915	1403	37101
881000	1007	-26603	1420	37535
891000	970	-26310	1400	37957
901000	961	-26022	1417	38376
911000	947	-25730	1429	38813
921000	932	-25454	1437	39233
931000	919	-25167	1449	39682
941000	895	-24923	1439	40073
951000	877	-24661	1440	40499
961000	868	-24406	1456	40922
971000	842	-24139	1444	41377
981000	835	-23897	1461	41795
991000	815	-23661	1454	42213
1001000	806	-23435	1466	42620
1011000	796	-23194	1479	43063
1021000	779	-22971	1474	43483
1031000	764	-22752	1473	43902
1041000	747	-22529	1471	44338
1051000	737	-22325	1477	44744
1061000	733	-22106	1498	45188
1071000	710	-21905	1479	45605
1081000	706	-21705	1496	46024
1091000	690	-21506	1491	46450
1101000	677	-21309	1490	46882
1111000	672	-21115	1505	47311
1121000	658	-20922	1502	47749
1131000	651	-20737	1513	48175
1141000	640	-20551	1514	48612
1151000	639	-20387	1535	49003
1161000	628	-20207	1537	49440
1171000	619	-20029	1541	49879
1181000	607	-19870	1537	50280
1191000	599	-19697	1543	50723
1201000	589	-19534	1543	51147
1211000	588	-19377	1565	51559
1221000	575	-19218	1555	51989
1231000	564	-19046	1553	52458
1241000	560	-18909	1564	52838
1251000	547	-18753	1553	53279
1261000	546	-18610	1574	53688
1271000	543	-18476	1590	54078
1281000	530	-18315	1580	54553
1291000	528	-18175	1598	54974
1301000	517	-18042	1586	55380
1311000	510	-17905	1589	55805
1321000	507	-17762	1607	56253
1331000	489	-17625	1572	56694
1341000	488	-17496	1594	57112
1351000	486	-17375	1609	57508
1361000	473	-17240	1591	57962
1371000	473	-17112	1616	58395
1381000	466	-16992	1613	58808
1391000	467	-16872	1639	59225
1401000	456	-16746	1626	59673
1411000	450	-16632	1625	60080
1421000	442	-16512	1622	60519
1431000	436	-16401	1620	60931
1441000	427	-16287	1609	61356
1451000	431	-16172	1647	61792
1461000	428	-16057	1659	62236
1471000	416	-15944	1635	62675
1481000	417	-15849	1661	63053
1491000	407	-15736	1642	63506
1501000	405	-15630	1657	63935
1511000	400	-15518	1661	64397
1521000	390	-15422	1638	64800
1531000	388	-15325	1650	65212
1541000	387	-15219	1672	65665
1551000	374	-15125	1636	66076
1561000	373	-15037	1651	66461
1571000	378	-14933	1694	66921
1581000	376	-14841	1704	67338
1591000	369	-14744	1695	67781
1601000	363	-14651	1689	68212
1611000	362	-14556	1708	68658
1621000	361	-14460	1724	69113
1631000	354	-14380	1713	69497
1641000	349	-14291	1708	69933
1651000	347	-14202	1719	70372
1661000	341	-14119	1709	70786
1671000	340	-14037	1727	71201
1681000	335	-13950	1721	71642
1691000	326	-13865	1696	72084
1701000	328	-13783	1724	72510
1711000	325	-13706	1727	72920
1721000	314	-13624	1692	73363
1731000	311	-13546	1693	73786
1741000	310	-13472	1710	74190
1751000	307	-13393	1709	74625
1761000	303	-13321	1709	75028
1771000	305	-13246	1735	75455
1781000	298	-13171	1718	75887
1791000	301	-13097	1756	76312
1801000	299	-13021	1763	76758
1811000	295	-12952	1755	77171
1821000	291	-12872	1756	77647
1831000	291	-12803	1776	78067
1841000	288	-12729	1777	78522
1851000	287	-12667	1789	78904
1861000	283	-12598	1784	79338
1871000	278	-12529	1771	79777
1881000	277	-12467	1784	80173
1891000	273	-12394	1777	80642
1901000	272	-12330	1787	81063
1911000	268	-12261	1782	81520
1921000	269	-12202	1806	81916
1931000	263	-12136	1786	82358
1941000	262	-12073	1797	82790
1951000	259	-12013	1795	83205
1961000	265	-11959	1849	83579
1971000	253	-11889	1790	84073
1981000	250	-11833	1785	84475
1991000	250	-11773	1802	84903
2001000	243	-11711	1774	85354
2011000	243	-11653	1790	85780
2021000	245	-11600	1821	86165
2031000	241	-11536	1807	86648
2041000	238	-11480	1808	87068
2051000	238	-11415	1826	87569
2061000	241	-11364	1864	87959
2071000	237	-11302	1852	88441
2081000	235	-11249	1858	88857
2091000	235	-11196	1878	89280
2101000	231	-11148	1861	89664
2111000	230	-11097	1864	90078
2121000	226	-11043	1855	90516
2131000	223	-10986	1851	90990
2141000	223	-10930	1864	91453
2151000	222	-10878	1875	91888
2161000	221	-10829	1886	92306
2171000	220	-10784	1894	92693
2181000	220	-10732	1906	93138
2191000	217	-10683	1901	93565
2201000	217	-10637	1918	93972
2211000	207	-10582	1851	94467
2221000	209	-10536	1881	94879
2231000	211	-10496	1919	95238
2241000	209	-10444	1913	95714
2251000	205	-10393	1893	96180
2261000	198	-10345	1848	96633
2271000	196	-10303	1849	97021
2281000	194	-10257	1840	97457
2291000	195	-10211	1867	97902
2301000	192	-10165	1857	98346
2311000	199	-10123	1943	98748
2321000	196	-10075	1928	99218
2331000	192	-10035	1908	99616
2341000	186	-9986	1865	100104
2351000	183	-9944	1848	100529
2361000	179	-9900	1829	100982
2371000	185	-9850	1903	101482
2381000	178	-9811	1848	101888
2391000	185	-9780	1938	102209
2401000	185	-9738	1949	102655
2411000	179	-9696	1905	103102
2421000	175	-9657	1872	103515
2431000	177	-9619	1917	103926
2441000	179	-9577	1950	104376
2451000	178	-9535	1955	104837
2461000	177	-9496	1958	105275
2471000	172	-9452	1920	105766
2481000	171	-9414	1933	106193
2491000	173	-9375	1973	106635
2501000	175	-9339	2006	107035
2511000	172	-9299	1983	107507
2521000	166	-9263	1938	107918
2531000	166	-9230	1948	108308
2541000	164	-9191	1937	108771
2551000	155	-9156	1854	109190
2561000	159	-9115	1919	109682
2571000	163	-9085	1970	110041
2581000	162	-9048	1980	110484
2591000	159	-9014	1957	110899
2601000	153	-8978	1903	111356
2611000	154	-8933	1928	111909
2621000	159	-8904	2000	112268
2631000	162	-8865	2059	112768
2641000	157	-8835	2015	113152
2651000	152	-8798	1962	113626
2661000	152	-8765	1974	114056
2671000	156	-8737	2048	114417
2681000	157	-8705	2073	114843
2691000	152	-8662	2020	115405
2701000	151	-8635	2025	115776
2711000	149	-8607	2007	116149
2721000	147	-8568	1998	116673
2731000	147	-8532	2020	117177
2741000	148	-8508	2038	117497
2751000	144	-8474	2007	117976
2761000	139	-8443	1944	118403
2771000	136	-8408	1920	118900
2781000	142	-8384	2019	119247
2791000	144	-8350	2060	119731
2801000	140	-8320	2015	120153
2811000	140	-8292	2032	120557
2821000	137	-8263	2013	120985
2831000	137	-8226	2027	121532
2841000	141	-8199	2092	121927
2851000	137	-8172	2050	122335
2861000	136	-8141	2050	122804
2871000	130	-8111	1980	123262
2881000	130	-8083	1983	123687
2891000	130	-8049	2013	124203
2901000	134	-8022	2087	124616
2911000	134	-7994	2098	125054
2921000	131	-7965	2058	125509
2931000	134	-7943	2121	125856
2941000	136	-7913	2175	126344
2951000	131	-7879	2107	126887
2961000	132	-7856	2138	127261
2971000	127	-7828	2064	127711
2981000	125	-7805	2045	128097
2991000	127	-7778	2105	128531
3001000	127	-7746	2110	129058
3011000	128	-7723	2139	129444
3021000	123	-7697	2084	129887
3031000	127	-7684	2156	130105
3041000	119	-7650	2041	130686
3051000	122	-7617	2097	131258
3061000	125	-7593	2174	131663
3071000	124	-7568	2161	132091
3081000	120	-7537	2120	132649
3091000	119	-7517	2110	133003
3101000	117	-7490	2093	133481
3111000	121	-7466	2164	133909
3121000	119	-7440	2143	134378
3131000	117	-7413	2130	134866
3141000	113	-7392	2076	135243
3151000	113	-7366	2078	135728
3161000	118	-7344	2182	136128
3171000	118	-7323	2202	136515
3181000	117	-7300	2196	136948
3191000	107	-7274	2018	137441
3201000	109	-7255	2063	137805
3211000	108	-7229	2064	138309
3221000	104	-7207	2009	138733
3231000	106	-7174	2066	139354
3241000	104	-7154	2036	139751
3251000	106	-7135	2080	140118
3261000	105	-7115	2074	140517
3271000	107	-7089	2125	141029
3281000	104	-7064	2074	141534
3291000	106	-7045	2126	141911
3301000	104	-7020	2118	142411
3311000	103	-7002	2096	142785
3321000	107	-6984	2198	143148
3331000	104	-6958	2147	143684
3341000	107	-6936	2228	144147
3351000	106	-6912	2228	144639
3361000	103	-6892	2168	145053
3371000	101	-6873	2145	145473
3381000	103	-6847	2205	146025
3391000	103	-6826	2200	146472
3401000	103	-6809	2218	146836
3411000	99	-6788	2153	147285
3421000	98	-6773	2140	147615
3431000	99	-6751	2172	148095
3441000	92	-6727	2028	148619
3451000	93	-6703	2066	149167
3461000	97	-6687	2179	149519
3471000	95	-6663	2131	150058
3481000	96	-6647	2172	150413
3491000	95	-6623	2161	150965
3501000	97	-6604	2220	151392
3511000	100	-6583	2314	151868
3521000	97	-6565	2255	152280
3531000	98	-6549	2278	152665
3541000	96	-6529	2257	153129
3551000	96	-6511	2260	153543
3561000	92	-6485	2197	154171
3571000	91	-6467	2187	154597
3581000	89	-6448	2131	155066
3591000	89	-6433	2151	155410
3601000	91	-6414	2211	155867
3611000	94	-6395	2286	156349
3621000	96	-6374	2366	156858
3631000	93	-6354	2304	157356
3641000	93	-6336	2316	157797
3651000	88	-6313	2218	158381
3661000	96	-6301	2411	158657
3671000	99	-6290	2513	158931
3681000	98	-6272	2486	159395
3691000	94	-6253	2411	159874
3701000	84	-6234	2160	160376
3711000	84	-6219	2178	160765
3721000	86	-6204	2226	161160
3731000	88	-6181	2290	161743
3741000	91	-6165	2395	162177
3751000	82	-6139	2168	162853
3761000	83	-6129	2220	163131
3771000	84	-6114	2248	163532
3781000	81	-6097	2191	163992
3791000	82	-6084	2209	164345
3801000	85	-6061	2305	164970
3811000	84	-6043	2297	165452
3821000	82	-6025	2266	165942
3831000	77	-6008	2124	166410
3841000	83	-5992	2315	166845
3851000	88	-5975	2458	167341
3861000	82	-5955	2321	167896
3871000	87	-5945	2461	168177
3881000	86	-5933	2430	168514
3891000	81	-5918	2311	168949
3901000	85	-5900	2435	169469
3911000	81	-5880	2334	170049
3921000	81	-5865	2358	170459
3931000	83	-5851	2412	170874
3941000	78	-5835	2293	171335
3951000	78	-5823	2286	171696
3961000	74	-5802	2211	172326
3971000	74	-5784	2219	172854
3981000	79	-5771	2366	173256
3991000	77	-5751	2342	173849
4001000	75	-5741	2288	174170
4011000	80	-5729	2448	174505
4021000	76	-5712	2316	175043
4031000	78	-5696	2413	175537
4041000	79	-5682	2441	175971
4051000	75	-5661	2339	176609
4061000	74	-5651	2329	176915
4071000	75	-5641	2367	177251
4081000	71	-5619	2250	177925
4091000	71	-5607	2256	178329
4101000	73	-5593	2328	178752
4111000	72	-5573	2311	179418
4121000	70	-5562	2276	179773
4131000	72	-5554	2336	180031
4141000	68	-5539	2226	180505
4151000	70	-5524	2309	180995
4161000	75	-5512	2454	181399
4171000	74	-5496	2438	181911
4181000	73	-5482	2427	182371
4191000	73	-5469	2446	182832
4201000	68	-5452	2301	183383
4211000	65	-5436	2210	183923
4221000	70	-5426	2361	184280
4231000	73	-5414	2497	184661
4241000	73	-5395	2499	185323
4251000	74	-5386	2545	185639
4261000	73	-5371	2515	186149
4271000	68	-5360	2384	186539
4281000	68	-5346	2367	187009
4291000	66	-5335	2336	187417
4301000	68	-5317	2398	188062
4311000	69	-5299	2440	188688
4321000	69	-5288	2461	189083
4331000	67	-5279	2407	189383
4341000	64	-5261	2308	190040
4351000	68	-5251	2475	190410
4361000	71	-5238	2586	190868
4371000	67	-5222	2465	191464
4381000	66	-5209	2434	191931
4391000	67	-5203	2491	192174
4401000	61	-5189	2277	192683
4411000	58	-5177	2156	193131
4421000	63	-5170	2374	193394
4431000	64	-5156	2405	193930
4441000	62	-5140	2345	194526
4451000	63	-5127	2395	195012
4461000	63	-5116	2405	195424
4471000	59	-5103	2251	195925
4481000	61	-5086	2343	196590
4491000	60	-5076	2344	196981
4501000	63	-5061	2451	197541
4511000	64	-5046	2518	198127
4521000	63	-5034	2498	198617
4531000	64	-5027	2525	198890
4541000	66	-5018	2626	199243
4551000	63	-5004	2525	199820
4561000	64	-4989	2586	200420
4571000	66	-4979	2661	200826
4581000	62	-4961	2520	201532
4591000	60	-4954	2450	201828
4601000	61	-4944	2499	202240
4611000	61	-4936	2486	202548
4621000	57	-4922	2363	203134
4631000	56	-4907	2337	203745
4641000	60	-4899	2492	204109
4651000	62	-4888	2582	204555
4661000	58	-4874	2456	205145
4671000	58	-4862	2447	205627
4681000	58	-4858	2440	205830
4691000	59	-4848	2507	206253
4701000	59	-4837	2504	206728
4711000	59	-4821	2521	207411
4721000	60	-4810	2574	207861
4731000	60	-4802	2590	208226
4741000	58	-4789	2522	208787
4751000	59	-4779	2571	209222
4761000	54	-4770	2362	209624
4771000	59	-4760	2591	210071
4781000	57	-4745	2537	210712
4791000	55	-4727	2474	211506
4801000	55	-4722	2465	211743
4811000	59	-4713	2656	212142
4821000	61	-4703	2736	212576
4831000	54	-4689	2459	213217
4841000	56	-4682	2537	213539
4851000	56	-4674	2585	213925
4861000	56	-4666	2556	214279
4871000	55	-4649	2532	215091
4881000	56	-4637	2587	215628
4891000	56	-4628	2622	216034
4901000	56	-4614	2642	216679
4911000	52	-4603	2448	217204
4921000	53	-4594	2530	217645
4931000	57	-4587	2695	217993
4941000	60	-4575	2863	218563
4951000	57	-4563	2743	219109
4961000	54	-4551	2625	219700
4971000	54	-4545	2591	220014
4981000	56	-4539	2696	220298
4991000	59	-4530	2864	220710
5001000	57	-4522	2810	221082
5011000	55	-4508	2689	221776
5021000	58	-4501	2882	222138
5031000	57	-4490	2845	222677
5041000	54	-4478	2715	223300
5051000	50	-4467	2519	223858
5061000	48	-4462	2428	224102
5071000	49	-4452	2488	224599
5081000	53	-4444	2663	224998
5091000	54	-4431	2768	225666
5101000	54	-4418	2784	226319
5111000	55	-4412	2845	226639
5121000	55	-4401	2821	227182
5131000	53	-4389	2757	227818
5141000	48	-4380	2477	228279
5151000	47	-4371	2469	228752
5161000	49	-4363	2586	229179
5171000	52	-4349	2769	229887
5181000	51	-4341	2702	230338
5191000	49	-4328	2632	231019
5201000	49	-4322	2622	231340
5211000	49	-4316	2654	231684
5221000	53	-4309	2840	232044
5231000	53	-4301	2852	232492
5241000	49	-4286	2662	233301
5251000	54	-4275	2943	233879
5261000	55	-4267	3041	234293
5271000	53	-4259	2905	234760
5281000	50	-4251	2790	235218
5291000	49	-4240	2752	235791
5301000	46	-4235	2564	236082
5311000	49	-4228	2766	236499
5321000	51	-4218	2842	237029
5331000	52	-4203	2949	237883
5341000	50	-4195	2837	238371
5351000	50	-4188	2844	238731
5361000	52	-4184	2980	238966
5371000	54	-4181	3076	239166
5381000	47	-4171	2729	239714
5391000	47	-4163	2695	240176
5401000	44	-4152	2548	240837
5411000	46	-4144	2693	241265
5421000	49	-4135	2878	241786
5431000	50	-4127	2922	242263
5441000	49	-4117	2898	242840
5451000	47	-4107	2760	243426
5461000	48	-4100	2855	243892
5471000	48	-4095	2852	244171
5481000	45	-4087	2686	244629
5491000	46	-4078	2772	245199
5501000	48	-4069	2872	245745
5511000	47	-4059	2828	246353
5521000	48	-4050	2914	246884
5531000	49	-4043	3016	247281
5541000	46	-4033	2827	247922
5551000	43	-4019	2666	248773
5561000	43	-4014	2671	249107
5571000	43	-4007	2696	249504
5581000	47	-3999	2928	250018
5591000	49	-3992	3070	250455
5601000	48	-3983	3050	251046
5611000	47	-3973	2994	251632
5621000	46	-3969	2937	251923
5631000	43	-3964	2742	252269
5641000	45	-3962	2857	252396
5651000	41	-3955	2601	252848
5661000	41	-3942	2649	253630
5671000	41	-3929	2639	254466
5681000	40	-3924	2626	254801
5691000	42	-3914	2735	255474
5701000	42	-3908	2749	255859
5711000	39	-3899	2567	256466
5721000	38	-3891	2525	256969
5731000	39	-3885	2566	257378
5741000	40	-3876	2670	257954
5751000	42	-3872	2803	258260
5761000	43	-3863	2908	258840
5771000	44	-3852	2978	259596
5781000	44	-3843	3006	260168
5791000	43	-3835	2898	260739
5801000	44	-3828	2991	261208
5811000	45	-3821	3071	261664
5821000	44	-3818	2995	261892
5831000	42	-3806	2932	262686
5841000	42	-3799	2908	263167
5851000	41	-3789	2870	263907
5861000	42	-3781	2944	264430
5871000	44	-3778	3107	264676
5881000	46	-3771	3217	265132
5891000	44	-3764	3137	265642
5901000	40	-3756	2812	266206
5911000	42	-3750	2978	266635
5921000	40	-3743	2836	267143
5931000	42	-3739	2987	267431
5941000	44	-3729	3175	268139
5951000	47	-3719	3423	268820
5961000	42	-3713	3016	269293
5971000	44	-3704	3173	269923
5981000	47	-3698	3466	270398
5991000	45	-3689	3294	271016
6001000	47	-3682	3463	271549
6011000	46	-3678	3373	271812
6021000	46	-3669	3402	272524
6031000	41	-3659	3071	273261
6041000	40	-3653	3031	273745
6051000	40	-3645	3009	274286
6061000	41	-3642	3065	274559
6071000	40	-3635	3046	275043
6081000	40	-3629	3049	275538
6091000	35	-3622	2696	276096
6101000	33	-3614	2563	276679
6111000	32	-3608	2448	277128
6121000	36	-3607	2787	277234
6131000	40	-3599	3070	277822
6141000	43	-3593	3329	278298
6151000	45	-3582	3537	279148
6161000	40	-3576	3094	279579
6171000	40	-3569	3113	280185
6181000	41	-3561	3194	280783
6191000	40	-3558	3148	281004
6201000	39	-3553	3092	281429
6211000	35	-3546	2753	281950
6221000	35	-3539	2796	282515
6231000	34	-3530	2742	283220
6241000	32	-3525	2554	283702
6251000	40	-3519	3192	284144
6261000	39	-3510	3186	284846
6271000	40	-3504	3223	285314
6281000	39	-3497	3165	285893
6291000	41	-3491	3332	286385
6301000	36	-3485	2929	286938
6311000	35	-3477	2933	287585
6321000	36	-3468	3025	288307
6331000	40	-3461	3299	288866
6341000	43	-3454	3582	289435
6351000	42	-3447	3513	290024
6361000	40	-3442	3413	290475
6371000	39	-3439	3304	290758
6381000	35	-3433	2980	291263
6391000	36	-3426	3047	291832
6401000	37	-3421	3154	292236
6411000	38	-3415	3269	292797
6421000	39	-3410	3360	293202
6431000	38	-3403	3268	293821
6441000	37	-3395	3227	294548
6451000	38	-3388	3320	295110
6461000	37	-3384	3236	295514
6471000	35	-3376	3077	296164
6481000	37	-3375	3209	296223
6491000	36	-3374	3198	296385
6501000	34	-3364	2986	297237
6511000	32	-3360	2853	297574
6521000	35	-3352	3108	298257
6531000	37	-3343	3292	299100
6541000	35	-3337	3171	299603
6551000	39	-3329	3485	300318
6561000	39	-3324	3542	300760
6571000	40	-3320	3659	301184
6581000	35	-3311	3228	301949
6591000	36	-3308	3299	302253
6601000	34	-3297	3161	303258
6611000	35	-3292	3249	303713
6621000	31	-3288	2909	304097
6631000	35	-3282	3257	304619
6641000	38	-3276	3533	305234
6651000	40	-3272	3721	305599
6661000	40	-3266	3741	306103
6671000	39	-3260	3669	306717
6681000	39	-3254	3669	307257
6691000	37	-3246	3475	308005
6701000	38	-3243	3603	308321
6711000	40	-3237	3775	308876
6721000	39	-3233	3774	309240
6731000	42	-3226	4072	309894
6741000	44	-3221	4258	310431
6751000	43	-3209	4167	311588
6761000	42	-3204	4086	312071
6771000	38	-3198	3734	312608
6781000	40	-3193	3946	313150
6791000	41	-3192	4022	313241
6801000	40	-3187	3904	313727
6811000	37	-3178	3637	314572
6821000	35	-3175	3487	314913
6831000	33	-3166	3266	315865
6841000	31	-3163	3086	316168
6851000	31	-3156	3126	316863
6861000	34	-3149	3399	317518
6871000	37	-3144	3701	317991
6881000	36	-3143	3684	318133
6891000	35	-3139	3590	318578
6901000	33	-3132	3321	319230
6911000	31	-3131	3182	319339
6921000	28	-3124	2917	320118
6931000	26	-3117	2654	320810
6941000	28	-3110	2927	321502
6951000	27	-3105	2837	322010
6961000	31	-3103	3221	322208
6971000	35	-3094	3683	323185
6981000	38	-3091	3959	323490
6991000	38	-3086	4009	324028
7001000	35	-3081	3689	324548
7011000	40	-3078	4195	324793
7021000	38	-3074	4045	325298
7031000	33	-3071	3513	325606
7041000	37	-3065	3910	326194
7051000	34	-3061	3578	326695
7061000	33	-3053	3582	327517
7071000	36	-3048	3844	328021
7081000	34	-3042	3651	328648
7091000	32	-3036	3491	329358
7101000	35	-3028	3869	330207
7111000	31	-3020	3451	331084
7121000	32	-3017	3555	331364
7131000	33	-3011	3650	332070
7141000	35	-3007	3816	332527
7151000	33	-3004	3635	332877
7161000	32	-3000	3610	333281
7171000	35	-2991	3869	334238
7181000	34	-2988	3859	334666
7191000	32	-2982	3614	335333
7201000	35	-2975	3960	336085
7211000	35	-2971	3968	336503
7221000	34	-2965	3914	337171
7231000	32	-2962	3635	337605
7241000	33	-2961	3733	337704
7251000	32	-2958	3601	338036
7261000	31	-2952	3538	338682
7271000	27	-2947	3080	339326
7281000	26	-2938	2965	340302
7291000	25	-2933	2945	340937
7301000	24	-2923	2819	342097
7311000	27	-2922	3113	342230
7321000	27	-2915	3182	343006
7331000	28	-2912	3275	343321
7341000	30	-2907	3573	343933
7351000	28	-2902	3343	344507
7361000	26	-2898	3078	345038
7371000	24	-2893	2926	345617
7381000	25	-2890	2990	345943
7391000	24	-2884	2838	346751
7401000	25	-2878	3043	347440
7411000	27	-2874	3226	347919
7421000	30	-2868	3602	348639
7431000	32	-2865	3939	348984
7441000	34	-2861	4169	349419
7451000	36	-2856	4462	350035
7461000	35	-2850	4273	350861
7471000	33	-2845	4118	351444
7481000	33	-2842	4073	351875
7491000	30	-2836	3777	352605
7501000	32	-2832	3941	353070
7511000	29	-2828	3664	353536
7521000	31	-2823	3887	354230
7531000	32	-2818	4063	354757
7541000	33	-2813	4143	355382
7551000	30	-2806	3830	356309
7561000	30	-2802	3787	356830
7571000	29	-2794	3718	357840
7581000	31	-2790	3931	358319
7591000	27	-2786	3500	358928
7601000	28	-2785	3594	359019
7611000	26	-2780	3422	359698
7621000	27	-2777	3485	360058
7631000	28	-2773	3685	360571
7641000	29	-2770	3767	360936
7651000	30	-2766	3936	361475
7661000	30	-2759	3980	362351
7671000	31	-2753	4032	363241
7681000	29	-2748	3854	363871
7691000	28	-2744	3769	364392
7701000	25	-2738	3360	365243
7711000	27	-2734	3565	365755
7721000	25	-2731	3363	366137
7731000	28	-2729	3798	366433
7741000	26	-2725	3450	366932
7751000	26	-2725	3445	366907
7761000	29	-2719	3870	367676
7771000	26	-2715	3506	368254
7781000	22	-2705	2969	369721
7791000	24	-2700	3269	370364
7801000	25	-2694	3469	371192
7811000	26	-2692	3652	371448
7821000	25	-2685	3472	372394
7831000	27	-2684	3713	372594
7841000	27	-2683	3764	372730
7851000	29	-2679	4103	373165
7861000	28	-2675	3952	373850
7871000	28	-2673	3904	374086
7881000	29	-2669	4104	374637
7891000	30	-2666	4154	375042
7901000	30	-2659	4217	376008
7911000	27	-2652	3852	377069
7921000	30	-2644	4250	378193
7931000	28	-2643	4037	378344
7941000	30	-2638	4340	379080
7951000	30	-2634	4314	379614
7961000	29	-2628	4210	380462
7971000	31	-2627	4557	380611
7981000	30	-2624	4325	381000
7991000	29	-2620	4282	381567
8001000	30	-2618	4342	381983
8011000	28	-2613	4079	382689
8021000	28	-2610	4145	383069
8031000	26	-2604	3845	383917
8041000	26	-2600	3827	384638
8051000	26	-2597	3886	385062
8061000	28	-2591	4114	385951
8071000	31	-2587	4632	386511
8081000	32	-2585	4820	386835
8091000	31	-2577	4639	388037
8101000	33	-2572	4939	388794
8111000	27	-2567	4114	389517
8121000	29	-2564	4471	389969
8131000	26	-2558	3941	390963
8141000	26	-2553	4005	391689
8151000	27	-2550	4144	392126
8161000	27	-2545	4162	392889
8171000	26	-2541	3999	393469
8181000	27	-2537	4193	394117
8191000	33	-2533	5080	394762
8201000	33	-2530	5138	395213
8211000	30	-2526	4726	395796
8221000	32	-2524	4962	396076
8231000	32	-2522	5083	396522
8241000	30	-2519	4807	396978
8251000	30	-2514	4824	397764
8261000	29	-2509	4528	398536
8271000	26	-2505	4128	399112
8281000	25	-2503	4051	399433
8291000	28	-2498	4419	400255
8301000	29	-2491	4740	401350
8311000	30	-2492	4866	401159
8321000	33	-2486	5368	402173
8331000	33	-2483	5378	402678
8341000	32	-2481	5235	402964
8351000	33	-2477	5325	403708
8361000	28	-2473	4566	404353
8371000	28	-2470	4617	404851
8381000	26	-2466	4206	405460
8391000	24	-2463	3990	405902
8401000	26	-2460	4365	406425
8411000	25	-2456	4144	407096
8421000	25	-2450	4242	408111
8431000	22	-2447	3602	408563
8441000	26	-2442	4351	409406
8451000	27	-2436	4563	410393
8461000	27	-2433	4641	410925
8471000	28	-2427	4701	412061
8481000	26	-2421	4501	413058
8491000	27	-2418	4585	413557
8501000	26	-2412	4402	414566
8511000	25	-2410	4282	414901
8521000	26	-2406	4468	415555
8531000	25	-2404	4399	415892
8541000	26	-2401	4458	416416
8551000	26	-2398	4565	416909
8561000	28	-2395	4941	417443
8571000	28	-2392	4967	417976
8581000	28	-2387	4927	418871
8591000	32	-2382	5618	419756
8601000	31	-2380	5486	420090
8611000	27	-2375	4850	420951
8621000	22	-2370	3982	421949
8631000	26	-2368	4614	422293
8641000	24	-2363	4275	423144
8651000	24	-2360	4380	423711
8661000	22	-2357	4029	424214
8671000	24	-2354	4405	424706
8681000	22	-2353	3897	425011
8691000	24	-2347	4265	425998
8701000	23	-2347	4194	425970
8711000	26	-2341	4788	427049
8721000	28	-2339	5050	427430
8731000	28	-2333	5185	428558
8741000	28	-2330	5208	429126
8751000	26	-2327	4855	429657
8761000	25	-2323	4713	430342
8771000	23	-2317	4303	431617
8781000	23	-2315	4225	431999
8791000	21	-2312	3946	432501
8801000	22	-2310	4202	432883
8811000	20	-2307	3804	433427
8821000	22	-2305	4056	433832
8831000	23	-2305	4333	433829
8841000	22	-2301	4123	434549
8851000	22	-2300	4189	434763
8861000	22	-2295	4221	435683
8871000	24	-2291	4497	436441
8881000	21	-2287	4000	437153
8891000	24	-2280	4690	438576
8901000	25	-2277	4732	439159
8911000	24	-2271	4563	440293
8921000	23	-2268	4562	440872
8931000	24	-2264	4745	441696
8941000	23	-2263	4412	441877
8951000	23	-2260	4512	442450
8961000	24	-2258	4759	442830
8971000	23	-2256	4592	443232
8981000	23	-2254	4506	443564
8991000	22	-2252	4324	443975
9001000	24	-2247	4720	444989
9011000	26	-2242	5079	446034
9021000	25	-2239	5059	446661
9031000	25	-2235	4953	447393
9041000	27	-2232	5449	448036
9051000	24	-2225	4942	449443
9061000	25	-2220	5128	450305
9071000	26	-2218	5356	450719
9081000	28	-2216	5615	451153
9091000	26	-2212	5401	451914
9101000	26	-2210	5236	452328
9111000	26	-2210	5403	452465
9121000	25	-2206	5192	453301
9131000	26	-2204	5430	453737
9141000	26	-2203	5448	453932
9151000	24	-2198	5059	454954
9161000	21	-2194	4427	455709
9171000	22	-2190	4639	456584
9181000	23	-2186	4793	457425
9191000	18	-2180	3739	458620
9201000	20	-2175	4232	459703
9211000	23	-2169	4833	461023
9221000	20	-2166	4327	461675
9231000	24	-2160	5139	462826
9241000	23	-2160	4846	463016
9251000	21	-2156	4591	463854
9261000	22	-2157	4652	463643
9271000	21	-2155	4449	464077
9281000	23	-2149	4939	465198
9291000	20	-2148	4338	465574
9301000	23	-2143	4997	466509
9311000	22	-2142	4823	466912
9321000	24	-2134	5246	468494
9331000	22	-2131	4788	469129
9341000	20	-2127	4525	470029
9351000	19	-2123	4243	470905
9361000	20	-2119	4533	471786
9371000	22	-2119	4884	471801
9381000	20	-2115	4573	472702
9391000	21	-2113	4815	473267
9401000	20	-2111	4572	473647
9411000	21	-2110	4645	473908
9421000	20	-2108	4433	474344
9431000	22	-2107	4951	474597
9441000	25	-2106	5560	474815
9451000	23	-2101	5116	475923
9461000	21	-2100	4671	476108
9471000	24	-2098	5424	476621
9481000	21	-2093	4880	477738
9491000	23	-2090	5356	478447
9501000	23	-2084	5292	479679
9511000	20	-2081	4574	480510
9521000	23	-2077	5325	481489
9531000	22	-2073	5113	482440
9541000	20	-2070	4603	483127
9551000	22	-2068	5132	483419
9561000	21	-2066	4979	483872
9571000	22	-2062	5215	484872
9581000	22	-2059	5171	485633
9591000	21	-2059	4951	485621
9601000	19	-2056	4582	486286
9611000	20	-2052	4795	487293
9621000	21	-2050	5068	487811
9631000	20	-2044	4802	489254
9641000	18	-2043	4381	489421
9651000	22	-2037	5291	490765
9661000	19	-2032	4711	491971
9671000	19	-2027	4639	493200
9681000	21	-2022	5130	494501
9691000	21	-2021	5196	494722
9701000	24	-2017	5886	495832
9711000	23	-2015	5636	496307
9721000	22	-2013	5437	496809
9731000	24	-2011	6023	497109
9741000	25	-2007	6223	498162
9751000	24	-2005	5949	498674
9761000	22	-2004	5516	498868
9771000	23	-2003	5620	499131
9781000	23	-1999	5818	500195
9791000	24	-1997	6074	500766
9801000	23	-1993	5827	501771
9811000	21	-1988	5250	503037
9821000	19	-1980	4848	505115
9831000	21	-1981	5251	504634
9841000	20	-1976	5197	505922
9851000	20	-1971	5158	507247
9861000	19	-1969	4860	507765
9871000	19	-1968	4888	508046
9881000	20	-1966	5161	508632
9891000	20	-1963	5164	509428
9901000	19	-1961	4885	509958
9911000	19	-1960	4910	510206
9921000	19	-1957	4895	510979
9931000	21	-1955	5502	511332
9941000	19	-1953	4953	512093
9951000	18	-1949	4664	513159
9961000	19	-1944	5000	514238
9971000	19	-1941	4934	515111
9981000	18	-1936	4825	516526
9991000	19	-1932	5038	517672
10001000	20	-1932	5424	517653
10011000	23	-1927	6192	518861
10021000	22	-1923	5829	519979
10031000	20	-1919	5476	521094
10041000	20	-1918	5507	521374
10051000	24	-1917	6428	521467
10061000	24	-1916	6468	521762
10071000	24	-1913	6453	522619
10081000	25	-1911	6754	523241
10091000	28	-1908	7657	523881
10101000	26	-1906	7040	524693
10111000	27	-1902	7594	525656
10121000	27	-1899	7594	526521
10131000	32	-1897	8794	526926
10141000	29	-1894	8218	527803
10151000	29	-1891	8225	528655
10161000	30	-1890	8288	528932
10171000	32	-1887	8852	529875
10181000	28	-1885	7958	530393
10191000	26	-1882	7336	531221
10201000	24	-1877	6694	532650
10211000	24	-1876	6769	532926
10221000	25	-1874	7018	533612
10231000	22	-1871	6352	534428
10241000	22	-1871	6185	534427
10251000	22	-1870	6175	534694
10261000	21	-1867	6163	535635
10271000	23	-1866	6504	535683
10281000	20	-1867	5773	535603
10291000	23	-1862	6605	536950
10301000	22	-1860	6288	537571
10311000	24	-1857	6873	538551
10321000	24	-1855	6969	538884
10331000	26	-1850	7481	540481
10341000	26	-1845	7666	541822
10351000	26	-1844	7642	542186
10361000	25	-1840	7247	543456
10371000	26	-1838	7639	544106
10381000	22	-1832	6632	545859
10391000	23	-1829	6917	546533
10401000	25	-1826	7581	547522
10411000	23	-1825	7000	547812
10421000	22	-1821	6596	549088
10431000	24	-1822	7306	548884
10441000	23	-1820	7015	549477
10451000	23	-1816	7009	550474
10461000	23	-1815	7048	550799
10471000	22	-1813	6798	551451
10481000	25	-1812	7484	551801
10491000	23	-1810	7149	552519
10501000	21	-1807	6366	553413
10511000	20	-1805	6025	554057
10521000	24	-1801	7269	555173
10531000	23	-1798	7243	556165
10541000	24	-1795	7514	556867
10551000	24	-1790	7447	558499
10561000	23	-1788	7107	559059
10571000	19	-1782	5937	560960
10581000	20	-1778	6201	562360
10591000	23	-1776	7157	563127
10601000	21	-1775	6553	563446
10611000	21	-1768	6697	565511
10621000	20	-1766	6343	566205
10631000	18	-1765	5738	566504
10641000	20	-1764	6487	566915
10651000	20	-1762	6426	567317
10661000	22	-1759	6984	568479
10671000	20	-1757	6578	569167
10681000	21	-1756	6965	569259
10691000	24	-1755	7637	569697
10701000	23	-1750	7585	571445
10711000	25	-1748	8318	571880
10721000	30	-1743	10026	573449
10731000	28	-1740	9282	574480
10741000	27	-1738	8885	575182
10751000	27	-1737	8911	575578
10761000	26	-1734	8812	576654
10771000	27	-1731	9163	577472
10781000	26	-1730	8606	577757
10791000	27	-1728	8894	578532
10801000	25	-1727	8232	578808
10811000	23	-1725	7847	579530
10821000	25	-1724	8512	580008
10831000	22	-1720	7349	581312
10841000	23	-1717	7967	582453
10851000	21	-1716	7282	582795
10861000	23	-1712	7885	584029
10871000	23	-1713	7997	583742
10881000	24	-1708	8321	585262
10891000	24	-1705	8257	586400
10901000	25	-1702	8595	587263
10911000	25	-1701	8671	587638
10921000	27	-1698	9326	588936
10931000	29	-1696	10047	589419
10941000	27	-1692	9575	590943
10951000	27	-1691	9596	591332
10961000	26	-1690	8957	591678
10971000	26	-1687	9200	592510
10981000	23	-1682	8228	594353
10991000	25	-1684	8710	593754
11001000	22	-1681	7958	594775
11011000	21	-1679	7545	595562
11021000	20	-1679	7224	595564
11031000	20	-1676	7175	596737
11041000	21	-1673	7534	597594
11051000	18	-1671	6406	598272
11061000	21	-1669	7504	599239
11071000	21	-1665	7444	600454
11081000	20	-1665	7092	600448
11091000	22	-1658	8019	602932
11101000	23	-1656	8439	603806
11111000	22	-1656	8140	603758
11121000	23	-1646	8492	607438
11131000	24	-1643	8790	608346
11141000	17	-1648	6376	606559
11151000	20	-1640	7608	609491
11161000	21	-1641	7700	609179
11171000	23	-1634	8604	611769
11181000	18	-1629	6864	613647
11191000	19	-1630	6992	613279
11201000	18	-1627	6899	614570
11211000	19	-1622	7155	616282
11221000	17	-1622	6450	616615
11231000	18	-1621	6824	616727
11241000	17	-1621	6483	616769
11251000	17	-1617	6651	618477
11261000	18	-1616	6750	618923
11271000	17	-1612	6688	620245
11281000	18	-1612	7073	620377
11291000	19	-1609	7387	621370
11301000	21	-1605	8152	622775
11311000	21	-1604	8170	623265
11321000	22	-1604	8623	623410
11331000	23	-1599	8856	625199
11341000	21	-1597	8426	626067
11351000	25	-1596	9730	626260
11361000	23	-1594	9174	627109
11371000	24	-1592	9624	628056
11381000	24	-1591	9592	628580
11391000	21	-1585	8527	630673
11401000	20	-1585	8151	630692
11411000	21	-1583	8559	631652
11421000	19	-1580	7638	632889
11431000	16	-1577	6632	634178
11441000	19	-1577	7607	633978
11451000	17	-1573	7059	635706
11461000	16	-1571	6572	636638
11471000	17	-1566	6787	638559
11481000	17	-1567	6850	638241
11491000	18	-1564	7232	639264
11501000	18	-1563	7248	639769
11511000	19	-1557	7840	642198
11521000	18	-1557	7500	642218
11531000	19	-1554	7912	643227
11541000	21	-1551	8635	644795
11551000	22	-1547	9380	646364
11561000	22	-1547	9006	646418
11571000	24	-1547	10033	646148
11581000	24	-1544	9868	647555
11591000	23	-1540	9665	649022
11601000	26	-1539	11054	649411
11611000	26	-1536	10806	650811
11621000	26	-1534	11213	651844
11631000	25	-1534	10811	651853
11641000	29	-1531	12267	653055
11651000	30	-1528	12668	654064
11661000	32	-1527	13531	654715
11671000	31	-1523	13415	656232
11681000	31	-1520	13291	657740
11691000	33	-1518	14227	658415
11701000	29	-1516	12752	659329
11711000	31	-1514	13647	660046
11721000	30	-1512	13196	661029
11731000	31	-1505	13502	664032
11741000	30	-1510	13201	662180
11751000	29	-1507	12574	663177
11761000	28	-1504	12459	664734
11771000	22	-1496	9674	668332
11781000	24	-1496	10709	668103
11791000	24	-1499	10891	666770
11801000	29	-1503	12636	665130
11811000	30	-1500	13103	666249
11821000	26	-1496	11479	668132
11831000	26	-1495	11492	668727
11841000	24	-1493	10908	669720
11851000	24	-1495	10593	668833
11861000	20	-1487	9165	672229
11871000	23	-1492	10505	669994
11881000	23	-1487	10295	672545
11891000	19	-1485	8682	673420
11901000	19	-1486	8751	673038
11911000	18	-1483	8101	674077
11921000	20	-1474	9014	678358
11931000	15	-1477	6780	677141
11941000	21	-1470	9499	680175
11951000	19	-1468	8924	681230
11961000	18	-1463	8181	683319
11971000	18	-1461	8557	684553
11981000	18	-1459	8548	685228
11991000	20	-1455	9435	687052
12001000	19	-1452	9188	688734
12011000	17	-1453	8270	688191
12021000	20	-1451	9360	688971
12031000	21	-1447	10229	690791
12041000	21	-1446	10146	691433
12051000	22	-1445	10731	691684
12061000	22	-1445	10310	691716
12071000	23	-1436	11343	696291
12081000	20	-1442	9539	693508
12091000	21	-1436	10390	696410
12101000	18	-1442	8660	693598
12111000	22	-1434	10810	697353
12121000	20	-1438	9563	695106
12131000	22	-1429	10660	699793
12141000	20	-1436	9533	696482
12151000	18	-1431	8672	698666
12161000	18	-1430	8656	699343
12171000	18	-1427	9079	700604
12181000	20	-1423	9971	702526
12191000	20	-1422	9933	703201
12201000	17	-1421	8652	703723
12211000	17	-1415	8273	706590
12221000	19	-1410	9668	709176
12231000	17	-1411	8659	708647
12241000	21	-1407	10611	710792
12251000	22	-1404	11031	712166
12261000	20	-1402	10387	713345
12271000	15	-1400	7461	714202
12281000	20	-1397	10067	715872
12291000	21	-1396	10664	716091
12301000	23	-1397	11901	715873
12311000	19	-1392	9921	718066
12321000	21	-1392	10665	718285
12331000	22	-1391	11183	718477
12341000	21	-1388	10952	720372
12351000	20	-1388	10364	720491
12361000	19	-1388	9788	720587
12371000	21	-1386	10902	721522
12381000	22	-1383	11288	722943
12391000	22	-1376	11400	726714
12401000	22	-1377	11552	726253
12411000	32	-1372	16762	728364
12421000	15	-1377	8115	726083
12431000	22	-1365	12038	732215
12441000	23	-1366	12216	731780
12451000	22	-1360	11752	734898
12461000	17	-1348	9493	741529
12471000	24	-1354	13178	738481
12481000	17	-1365	9219	732560
12491000	17	-1358	9236	736446
12501000	14	-1341	7754	745764
12511000	18	-1350	9855	740676
12521000	16	-1343	8809	744432
12531000	14	-1344	7625	743838
12541000	15	-1346	8391	742959
12551000	18	-1348	9987	741510
12561000	16	-1347	8736	742156
12571000	16	-1346	8643	743018
12581000	11	-1343	5926	744565
12591000	10	-1339	5656	746644
12601000	12	-1337	6807	747694
12611000	12	-1338	6876	747296
12621000	15	-1333	8421	750165
12631000	12	-1329	6818	752138
12641000	14	-1337	7613	747950
12651000	13	-1330	7625	751981
12661000	22	-1324	12360	754810
12671000	14	-1323	7725	755596
12681000	12	-1319	6699	758288
12691000	11	-1326	6054	753904
12701000	16	-1317	9180	759153
12711000	15	-1311	8712	762624
12721000	17	-1312	10111	762323
12731000	16	-1311	9579	762432
12741000	15	-1309	8699	763835
12751000	15	-1306	9080	765424
12761000	12	-1304	6951	766662
12771000	14	-1305	8490	766467
12781000	11	-1299	6541	769700
12791000	10	-1299	5819	769823
12801000	11	-1298	6434	770148
12811000	9	-1296	5585	771581
12821000	10	-1293	5975	773228
12831000	12	-1301	6860	768778
12841000	9	-1291	5204	774268
12851000	10	-1291	5927	774600
12861000	11	-1290	6575	774981
12871000	11	-1287	6916	776640
12881000	6	-1286	3348	777594
12891000	12	-1283	7336	779220
12901000	19	-1275	11393	784421
12911000	16	-1276	10125	783749
12921000	15	-1279	9103	781679
12931000	18	-1261	11496	793027
12941000	21	-1269	13027	787807
12951000	15	-1271	8996	786692
12961000	21	-1265	13356	790521
12971000	23	-1258	14262	794556
12981000	24	-1262	15346	792123
12991000	7	-1266	4250	789760
13001000	22	-1259	13709	793793
13011000	24	-1242	15687	804754
13021000	21	-1242	13539	804637
13031000	22	-1254	13985	797492
13041000	23	-1257	14316	795568
13051000	8	-1253	5157	797933
13061000	22	-1246	14003	802643
13071000	18	-1255	11395	796569
13081000	28	-1249	18158	800118
13091000	20	-1246	12588	802516
13101000	19	-1244	12479	803507
13111000	20	-1241	12916	805379
13121000	17	-1238	11051	807578
13131000	18	-1235	11481	809456
13141000	16	-1236	10268	808754
13151000	13	-1229	8716	813324
13161000	13	-1228	8455	814377
13171000	18	-1230	11840	812960
13181000	17	-1224	11188	817011
13191000	16	-1226	10648	815692
13201000	20	-1221	13218	818728
13211000	19	-1217	12772	821319
13221000	23	-1218	15385	820486
13231000	19	-1219	13061	820348
13241000	19	-1215	12687	822930
13251000	20	-1214	13373	823373
13261000	19	-1213	13257	824434
13271000	19	-1211	13159	825545
13281000	18	-1205	12353	829670
13291000	19	-1208	12705	827683
13301000	21	-1208	14405	827483
13311000	19	-1203	13103	830771
13321000	16	-1204	10713	830645
13331000	17	-1202	12117	832010
13341000	17	-1198	11642	834698
13351000	19	-1198	13356	834556
13361000	17	-1197	11625	835457
13371000	14	-1196	9959	836187
13381000	16	-1192	10970	839087
13391000	11	-1193	7816	838094
13401000	14	-1190	9883	840485
13411000	12	-1185	8440	843776
13421000	16	-1182	11450	845540
13431000	14	-1180	10365	847388
13441000	12	-1179	8620	848253
13451000	13	-1178	9319	848718
13461000	13	-1177	9093	849818
13471000	15	-1171	10894	853913
13481000	16	-1170	11700	854432
13491000	17	-1169	12476	854935
13501000	14	-1166	10300	857482
13511000	12	-1167	8774	856634
13521000	16	-1165	11951	858522
13531000	14	-1162	10656	860372
13541000	18	-1163	13423	859514
13551000	4	-1162	2844	860361
13561000	18	-1160	13055	861958
13571000	14	-1157	10800	864474
13581000	10	-1158	7559	863327
13591000	14	-1157	10087	864236
13601000	18	-1154	13324	866075
13611000	13	-1156	10091	864971
13621000	16	-1156	11850	864778
13631000	15	-1155	11621	865971
13641000	16	-1155	11717	865498
13651000	16	-1150	11928	869462
13661000	15	-1148	11661	870684
13671000	12	-1151	9275	868759
13681000	15	-1147	11501	871465
13691000	17	-1142	13411	875812
13701000	18	-1141	14186	876375
13711000	26	-1136	19961	879578
13721000	17	-1135	13333	880697
13731000	18	-1132	13870	883014
13741000	18	-1129	14287	885351
13751000	18	-1130	14345	884891
13761000	17	-1127	13113	886892
13771000	16	-1123	12540	890055
13781000	18	-1123	14419	889899
13791000	17	-1120	13713	892936
13801000	15	-1119	11677	893890
13811000	14	-1117	11492	895240
13821000	14	-1115	11179	896505
13831000	11	-1114	9016	897412
13841000	18	-1113	14703	898002
13851000	13	-1110	10383	900498
13861000	14	-1110	11213	901134
13871000	21	-1105	17246	904648
13881000	9	-1110	7293	901089
13891000	13	-1105	10370	905132
13901000	10	-1107	7878	903094
13911000	10	-1102	7946	907465
13921000	20	-1101	16718	907754
13931000	11	-1102	8887	907618
13941000	8	-1097	7044	911660
13951000	10	-1096	7964	912282
13961000	13	-1089	10577	918342
13971000	10	-1100	8469	909363
13981000	13	-1092	11106	915361
13991000	16	-1089	13462	918373
14001000	16	-1089	13569	917836
14011000	17	-1086	14051	920430
14021000	19	-1084	15784	922348
14031000	17	-1081	14290	924508
14041000	23	-1076	19468	929094
14051000	17	-1085	14804	921500
14061000	21	-1076	18486	928900
14071000	22	-1075	19359	929556
14081000	22	-1074	19054	931009
14091000	22	-1074	19257	930536
14101000	24	-1072	20987	932455
14111000	22	-1073	19055	931540
14121000	23	-1072	19890	932132
14131000	26	-1069	22352	935165
14141000	24	-1068	21285	935495
14151000	25	-1065	21785	938174
14161000	23	-1069	20238	935222
14171000	24	-1066	20736	937934
14181000	19	-1061	16749	941887
14191000	20	-1060	17682	942623
14201000	22	-1058	19367	944503
14211000	24	-1056	21098	946427
14221000	18	-1057	15891	945929
14231000	17	-1055	15489	947471
14241000	17	-1050	15533	952344
14251000	19	-1057	17018	945552
14261000	17	-1049	15287	953372
14271000	13	-1045	12309	956599
14281000	14	-1048	12856	953904
14291000	12	-1046	11174	956234
14301000	15	-1044	14171	957487
14311000	14	-1042	12565	959890
14321000	16	-1038	15189	963279
14331000	14	-1033	13061	967754
14341000	15	-1035	14397	966333
14351000	16	-1031	14872	969427
14361000	18	-1029	16693	971523
14371000	17	-1027	16251	973085
14381000	21	-1025	20291	975658
14391000	18	-1025	16864	975545
14401000	19	-1024	17841	976417
14411000	17	-1021	16084	978875
14421000	20	-1020	19278	980182
14431000	21	-1019	20277	981038
14441000	23	-1017	22061	983217
14451000	19	-1017	18527	982976
14461000	22	-1016	21692	984224
14471000	21	-1015	20427	984573
14481000	21	-1016	20542	984070
14491000	23	-1010	22753	989843
14501000	22	-1009	21440	990167
14511000	24	-1009	23833	990123
14521000	22	-1007	22048	992772
14531000	25	-1003	24794	996349
14541000	22	-1000	21591	999918
14551000	22	-1002	22205	997067
14561000	25	-999	24976	1000702
14571000	26	-998	25912	1001545
14581000	25	-996	25555	1003337
14591000	26	-993	26075	1006497
14601000	25	-989	25108	1010714
14611000	25	-989	25255	1010127
14621000	23	-987	23320	1012824
14631000	23	-984	23799	1016090
14641000	25	-984	26254	1016042
14651000	21	-978	22397	1022201
14661000	18	-978	18526	1021960
14671000	21	-977	21933	1023398
14681000	22	-976	23022	1024474
14691000	21	-974	22575	1026357
14701000	19	-973	19631	1027562
14711000	27	-976	28066	1023660
14721000	16	-969	17092	1032194
14731000	21	-970	22666	1030356
14741000	13	-968	14184	1032936
14751000	18	-967	19185	1033435
14761000	17	-965	18695	1035443
14771000	20	-965	21300	1035497
14781000	15	-961	16113	1040258
14791000	21	-965	22333	1035758
14801000	20	-963	21813	1037715
14811000	16	-961	17312	1040054
14821000	15	-957	16113	1044387
14831000	16	-956	17140	1045281
14841000	14	-956	15647	1045682
14851000	19	-955	20788	1046417
14861000	21	-953	22776	1048954
14871000	19	-950	20711	1051735
14881000	19	-947	21146	1055348
14891000	18	-945	20615	1057410
14901000	25	-948	28019	1054414
14911000	18	-940	20516	1063012
14921000	20	-946	21804	1057116
14931000	24	-941	27454	1062094
14941000	22	-936	24664	1067912
14951000	20	-936	23169	1068152
14961000	22	-933	25285	1070702
14971000	25	-936	28515	1068113
14981000	23	-933	26369	1071257
14991000	17	-930	19855	1074703
15001000	21	-935	23891	1069345
15011000	17	-929	19300	1076154
15021000	23	-931	26998	1073197
15031000	17	-926	19780	1079357
15041000	21	-929	24800	1075674
15051000	21	-927	24222	1077680
15061000	22	-926	25304	1078846
15071000	22	-927	25343	1078245
15081000	19	-926	22037	1079644
15091000	13	-923	15279	1083127
15101000	18	-922	20835	1084044
15111000	13	-920	15703	1086462
15121000	19	-920	22945	1086090
15131000	14	-918	16091	1089554
15141000	15	-915	18210	1092536
15151000	12	-914	14747	1093959
15161000	14	-912	16880	1096768
15171000	18	-908	21807	1100318
15181000	14	-909	17311	1100114
15191000	15	-908	18355	1101358
15201000	15	-902	18028	1108120
15211000	13	-902	16262	1108454
15221000	13	-900	15541	1110767
15231000	17	-899	21359	1111627
15241000	14	-896	17056	1115933
15251000	16	-892	20363	1120732
15261000	15	-892	18524	1121282
15271000	17	-888	21787	1126332
15281000	17	-892	21525	1120808
15291000	20	-884	25294	1130428
15301000	18	-882	22739	1133935
15311000	20	-881	25714	1134096
15321000	19	-880	24986	1136401
15331000	19	-878	24246	1138698
15341000	21	-878	27341	1138828
15351000	18	-876	23537	1140525
15361000	20	-874	25834	1143761
15371000	17	-873	22024	1145270
15381000	18	-872	23206	1146524
15391000	17	-874	22076	1143972
15401000	19	-873	25161	1144336
15411000	19	-870	25559	1148575
15421000	17	-871	22476	1147021
15431000	19	-871	25586	1147298
15441000	20	-866	27103	1153791
15451000	19	-866	25145	1154171
15461000	18	-868	24000	1151382
15471000	21	-866	28295	1153419
15481000	21	-865	27523	1155916
15491000	18	-858	25072	1164708
15501000	19	-855	25484	1169113
15511000	22	-856	30704	1168068
15521000	19	-858	26304	1164815
15531000	22	-854	29904	1170164
15541000	21	-849	29559	1177799
15551000	23	-846	32052	1181137
15561000	23	-843	32442	1185892
15571000	21	-848	28751	1179057
15581000	21	-844	29192	1183648
15591000	23	-844	32541	1183832
15601000	24	-843	33680	1185416
15611000	25	-842	34879	1186773
15621000	21	-839	29964	1191808
15631000	18	-841	25429	1188049
15641000	20	-837	29123	1193728
15651000	21	-830	29853	1204117
15661000	21	-834	29481	1197744
15671000	19	-826	28145	1209337
15681000	15	-828	21163	1206974
15691000	20	-826	29283	1210308
15701000	17	-825	24889	1212092
15711000	14	-827	20231	1208194
15721000	16	-823	23966	1214131
15731000	16	-820	24189	1219219
15741000	15	-820	21982	1219785
15751000	19	-823	28781	1215039
15761000	16	-815	23626	1226383
15771000	11	-813	16707	1229388
15781000	17	-817	25744	1223501
15791000	10	-810	14801	1234820
15801000	11	-809	16182	1236325
15811000	14	-811	20703	1233183
15821000	12	-810	18410	1233659
15831000	12	-803	18946	1244625
15841000	15	-799	22940	1250851
15851000	14	-805	21220	1242049
15861000	11	-798	17952	1252432
15871000	12	-801	19125	1247785
15881000	14	-791	22413	1263821
15891000	13	-789	21285	1266984
15901000	16	-793	24676	1261148
15911000	12	-793	18500	1260647
15921000	15	-791	23649	1263188
15931000	12	-789	19953	1267850
15941000	18	-786	28863	1271775
15951000	16	-786	26539	1272175
15961000	16	-784	25601	1275165
15971000	11	-786	17877	1272204
15981000	12	-785	19153	1273943
15991000	13	-782	21804	1278333
16001000	16	-782	25864	1278414
16011000	15	-784	24342	1275257
16021000	13	-780	21947	1282479
16031000	14	-782	23090	1277805
16041000	14	-779	23391	1283311
16051000	15	-778	24783	1284933
16061000	16	-779	27129	1282809
16071000	16	-777	25941	1286054
16081000	16	-778	25872	1285298
16091000	16	-770	26426	1297425
16101000	15	-776	24546	1287756
16111000	15	-773	24675	1293684
16121000	19	-769	31554	1298914
16131000	16	-772	26162	1294195
16141000	15	-774	24655	1290819
16151000	16	-768	27646	1301915
16161000	17	-763	29493	1310261
16171000	18	-762	30939	1311994
16181000	18	-762	30824	1311182
16191000	19	-757	32358	1320048
16201000	22	-759	37753	1316083
16211000	23	-757	40989	1320350
16221000	20	-757	34020	1320025
16231000	21	-750	37286	1331662
16241000	23	-746	41934	1339092
16251000	24	-749	43123	1333893
16261000	25	-748	44664	1335760
16271000	22	-745	40484	1341044
16281000	23	-744	42071	1342920
16291000	22	-744	39604	1343466
16301000	22	-744	39664	1342546
16311000	23	-743	41178	1344558
16321000	22	-741	39799	1348241
16331000	19	-740	34371	1350353
16341000	16	-741	29993	1348238
16351000	20	-742	36749	1347545
16361000	19	-740	35335	1350976
16371000	18	-739	32607	1351587
16381000	20	-737	35930	1356215
16391000	17	-738	31361	1354267
16401000	17	-738	31044	1353665
16411000	16	-736	29988	1357154
16421000	14	-734	25891	1362126
16431000	16	-737	29918	1355342
16441000	14	-735	25173	1360958
16451000	14	-733	26876	1362818
16461000	17	-733	31613	1362837
16471000	15	-729	28949	1371059
16481000	15	-729	28651	1370426
16491000	14	-729	25760	1371175
16501000	15	-730	28844	1368534
16511000	12	-725	23172	1378338
16521000	11	-727	21145	1374796
16531000	14	-723	26014	1382829
16541000	12	-723	23397	1383301
16551000	15	-721	29678	1386729
16561000	9	-718	17395	1392424
16571000	16	-712	31320	1403869
16581000	16	-709	31542	1410692
16591000	17	-707	33338	1412743
16601000	16	-706	31561	1416674
16611000	20	-708	40427	1411201
16621000	19	-704	38107	1419582
16631000	17	-704	35232	1420223
16641000	15	-701	30502	1425943
16651000	16	-698	33545	1431811
16661000	17	-697	35358	1434024
16671000	17	-697	35545	1432886
16681000	14	-696	28600	1435812
16691000	17	-698	34575	1431816
16701000	15	-687	30991	1454033
16711000	15	-692	30737	1444732
16721000	20	-695	40430	1438466
16731000	16	-693	33375	1441659
16741000	17	-692	35163	1444014
16751000	18	-691	37114	1446180
16761000	17	-689	35175	1450493
16771000	16	-689	34337	1450291
