Excitation
"Frequency"[Hz]	"VoltageSource1 [Ohm]"	
1.00000000E+3	-1.31870792E+4	
9.00350175E+3	-7.27986366E+2	
1.70070035E+4	-3.87936869E+2	
2.50105053E+4	-6.23183964E+2	
3.30140070E+4	-1.08580514E+2	
4.10175088E+4	5.42282471E+1	
4.90210105E+4	-3.81345209E+2	
5.70245123E+4	5.74006793E+1	
6.50280140E+4	-1.65331419E+2	
7.30315158E+4	-1.47061491E+2	
8.10350175E+4	-1.26880359E+2	
8.90385193E+4	-5.78755571E+1	
9.70420210E+4	-5.27457466E+1	
1.05045523E+5	-8.54562542E+1	
1.13049025E+5	-1.00015099E+2	
1.21052526E+5	-9.78808913E+1	
1.29056028E+5	-1.58676596E+1	
1.37059530E+5	-6.39520799E+0	
1.45063032E+5	-3.26422849E+1	
1.53066533E+5	-8.25113757E+1	
1.61070035E+5	-7.92040986E+1	
1.69073537E+5	-3.10082480E+1	
1.77077039E+5	-4.12457585E+1	
1.85080540E+5	-3.33325516E+1	
1.93084042E+5	-2.37281966E+1	
2.01087544E+5	-1.98787430E+1	
2.09091046E+5	-3.31565497E+1	
2.17094547E+5	-2.61095950E+1	
2.25098049E+5	3.81168645E+1	
2.33101551E+5	-1.53950978E+1	
2.41105053E+5	-2.32295937E+1	
2.49108554E+5	-3.46058844E+1	
2.57112056E+5	3.28426030E+1	
2.65115558E+5	9.99031207E+0	
2.73119060E+5	1.37683563E+1	
2.81122561E+5	1.57178755E+1	
2.89126063E+5	2.41296408E+1	
2.97129565E+5	6.79614632E+0	
3.05133067E+5	3.50506077E+1	
3.13136568E+5	1.57311123E+1	
3.21140070E+5	2.48597315E+1	
3.29143572E+5	8.91521334E+0	
3.37147074E+5	2.80626065E+1	
3.45150575E+5	1.22049031E+1	
3.53154077E+5	3.27330153E+1	
3.61157579E+5	1.80719921E+1	
3.69161081E+5	6.04607665E+0	
3.77164582E+5	3.53445803E+1	
3.85168084E+5	2.64833637E+1	
3.93171586E+5	2.44800046E+1	
4.01175088E+5	2.92494227E+1	
4.09178589E+5	1.61393575E+1	
4.17182091E+5	4.47228757E+1	
4.25185593E+5	5.90267842E+1	
4.33189095E+5	2.13184921E+1	
4.41192596E+5	2.90879778E+1	
4.49196098E+5	2.75694396E+1	
4.57199600E+5	4.74788301E+1	
4.65203102E+5	3.04042114E+1	
4.73206603E+5	4.83609255E+1	
4.81210105E+5	4.11216712E+1	
4.89213607E+5	6.12380890E+1	
4.97217109E+5	3.72864293E+1	
5.05220610E+5	5.58347579E+1	
5.13224112E+5	4.48731770E+1	
5.21227614E+5	4.14853626E+1	
5.29231116E+5	5.32913465E+1	
5.37234617E+5	4.42031738E+1	
5.45238119E+5	4.36180896E+1	
5.53241621E+5	5.34997987E+1	
5.61245123E+5	4.86905147E+1	
5.69248624E+5	5.97505467E+1	
5.77252126E+5	6.59020557E+1	
5.85255628E+5	5.77259754E+1	
5.93259130E+5	5.87637181E+1	
6.01262631E+5	5.49069065E+1	
6.09266133E+5	6.24903748E+1	
6.17269635E+5	6.12271417E+1	
6.25273137E+5	7.88817289E+1	
6.33276638E+5	5.90197251E+1	
6.41280140E+5	7.29354283E+1	
6.49283642E+5	6.99910898E+1	
6.57287144E+5	7.06969250E+1	
6.65290645E+5	7.22775274E+1	
6.73294147E+5	7.00566613E+1	
6.81297649E+5	6.69613716E+1	
6.89301151E+5	7.05840815E+1	
6.97304652E+5	7.66091993E+1	
7.05308154E+5	7.08028896E+1	
7.13311656E+5	7.67421830E+1	
7.21315158E+5	7.44083926E+1	
7.29318659E+5	7.95905970E+1	
7.37322161E+5	8.86085293E+1	
7.45325663E+5	9.87266405E+1	
7.53329165E+5	7.59209071E+1	
7.61332666E+5	8.01277576E+1	
7.69336168E+5	8.42965794E+1	
7.77339670E+5	9.15993978E+1	
7.85343172E+5	8.05535017E+1	
7.93346673E+5	7.92178035E+1	
8.01350175E+5	8.90925887E+1	
8.09353677E+5	9.90346769E+1	
8.17357179E+5	8.79339603E+1	
8.25360680E+5	9.79690065E+1	
8.33364182E+5	8.91032367E+1	
8.41367684E+5	1.01931299E+2	
8.49371186E+5	9.11739762E+1	
8.57374687E+5	9.04510454E+1	
8.65378189E+5	9.60063253E+1	
8.73381691E+5	1.00050431E+2	
8.81385193E+5	8.69563045E+1	
8.89388694E+5	1.09164624E+2	
8.97392196E+5	1.06467294E+2	
9.05395698E+5	9.81747066E+1	
9.13399200E+5	1.08312852E+2	
9.21402701E+5	9.37912182E+1	
9.29406203E+5	1.10987963E+2	
9.37409705E+5	9.95324469E+1	
9.45413207E+5	9.71320287E+1	
9.53416708E+5	1.12469775E+2	
9.61420210E+5	1.15227458E+2	
9.69423712E+5	1.05803998E+2	
9.77427214E+5	1.09994448E+2	
9.85430715E+5	1.10959876E+2	
9.93434217E+5	1.12886183E+2	
1.00143772E+6	1.10091150E+2	
1.00944122E+6	1.11786259E+2	
1.01744472E+6	1.18233996E+2	
1.02544822E+6	1.17671735E+2	
1.03345173E+6	1.22096641E+2	
1.04145523E+6	1.17304285E+2	
1.04945873E+6	1.19923283E+2	
1.05746223E+6	1.23264972E+2	
1.06546573E+6	1.27427300E+2	
1.07346923E+6	1.24001945E+2	
1.08147274E+6	1.25127306E+2	
1.08947624E+6	1.30033421E+2	
1.09747974E+6	1.31050749E+2	
1.10548324E+6	1.23970872E+2	
1.11348674E+6	1.29413639E+2	
1.12149025E+6	1.24526896E+2	
1.12949375E+6	1.33763395E+2	
1.13749725E+6	1.19720014E+2	
1.14550075E+6	1.33981403E+2	
1.15350425E+6	1.33184174E+2	
1.16150775E+6	1.37040511E+2	
1.16951126E+6	1.42609228E+2	
1.17751476E+6	1.29042903E+2	
1.18551826E+6	1.33875329E+2	
1.19352176E+6	1.38711326E+2	
1.20152526E+6	1.37904499E+2	
1.20952876E+6	1.33716863E+2	
1.21753227E+6	1.38349590E+2	
1.22553577E+6	1.42056694E+2	
1.23353927E+6	1.40013165E+2	
1.24154277E+6	1.43863206E+2	
1.24954627E+6	1.48607253E+2	
1.25754977E+6	1.44225135E+2	
1.26555328E+6	1.52401489E+2	
1.27355678E+6	1.45899895E+2	
1.28156028E+6	1.53431135E+2	
1.28956378E+6	1.57988489E+2	
1.29756728E+6	1.52456699E+2	
1.30557079E+6	1.53585503E+2	
1.31357429E+6	1.55630692E+2	
1.32157779E+6	1.53292738E+2	
1.32958129E+6	1.59696509E+2	
1.33758479E+6	1.54804648E+2	
1.34558829E+6	1.61911430E+2	
1.35359180E+6	1.59939722E+2	
1.36159530E+6	1.54143989E+2	
1.36959880E+6	1.62992281E+2	
1.37760230E+6	1.59306557E+2	
1.38560580E+6	1.68003044E+2	
1.39360930E+6	1.65474003E+2	
1.40161281E+6	1.66523503E+2	
1.40961631E+6	1.65721859E+2	
1.41761981E+6	1.68823987E+2	
1.42562331E+6	1.68760065E+2	
1.43362681E+6	1.69636251E+2	
1.44163032E+6	1.70040586E+2	
1.44963382E+6	1.68966120E+2	
1.45763732E+6	1.69856524E+2	
1.46564082E+6	1.69461831E+2	
1.47364432E+6	1.73994267E+2	
1.48164782E+6	1.73322354E+2	
1.48965133E+6	1.83559568E+2	
1.49765483E+6	1.76158738E+2	
1.50565833E+6	1.76977289E+2	
1.51366183E+6	1.81511665E+2	
1.52166533E+6	1.77779758E+2	
1.52966883E+6	1.83858163E+2	
1.53767234E+6	1.75713767E+2	
1.54567584E+6	1.80186178E+2	
1.55367934E+6	1.82119203E+2	
1.56168284E+6	1.81271104E+2	
1.56968634E+6	1.88356953E+2	
1.57768984E+6	1.87774369E+2	
1.58569335E+6	1.85388718E+2	
1.59369685E+6	1.90709530E+2	
1.60170035E+6	1.90953942E+2	
1.60970385E+6	1.88255007E+2	
1.61770735E+6	1.87366454E+2	
1.62571086E+6	1.97688288E+2	
1.63371436E+6	1.96031329E+2	
1.64171786E+6	1.85557059E+2	
1.64972136E+6	1.88401393E+2	
1.65772486E+6	1.91179896E+2	
1.66572836E+6	1.98294742E+2	
1.67373187E+6	1.99578116E+2	
1.68173537E+6	2.00094857E+2	
1.68973887E+6	2.04897461E+2	
1.69774237E+6	2.04652230E+2	
1.70574587E+6	2.01489798E+2	
1.71374937E+6	2.02881215E+2	
1.72175288E+6	2.06911462E+2	
1.72975638E+6	2.06284780E+2	
1.73775988E+6	2.10794707E+2	
1.74576338E+6	2.10698737E+2	
1.75376688E+6	2.18002381E+2	
1.76177039E+6	2.13187624E+2	
1.76977389E+6	2.12287454E+2	
1.77777739E+6	2.13481382E+2	
1.78578089E+6	2.14228698E+2	
1.79378439E+6	2.12841379E+2	
1.80178789E+6	2.14353598E+2	
1.80979140E+6	2.18650747E+2	
1.81779490E+6	2.18068033E+2	
1.82579840E+6	2.20025223E+2	
1.83380190E+6	2.19954732E+2	
1.84180540E+6	2.20820832E+2	
1.84980890E+6	2.26122263E+2	
1.85781241E+6	2.24827643E+2	
1.86581591E+6	2.25539110E+2	
1.87381941E+6	2.24394296E+2	
1.88182291E+6	2.25816040E+2	
1.88982641E+6	2.27208569E+2	
1.89782991E+6	2.29261748E+2	
1.90583342E+6	2.31162370E+2	
1.91383692E+6	2.26696368E+2	
1.92184042E+6	2.30056488E+2	
1.92984392E+6	2.32838011E+2	
1.93784742E+6	2.27688785E+2	
1.94585093E+6	2.29052792E+2	
1.95385443E+6	2.33206513E+2	
1.96185793E+6	2.33188390E+2	
1.96986143E+6	2.37365467E+2	
1.97786493E+6	2.40694032E+2	
1.98586843E+6	2.45435718E+2	
1.99387194E+6	2.40159153E+2	
2.00187544E+6	2.35122084E+2	
2.00987894E+6	2.41396784E+2	
2.01788244E+6	2.37978729E+2	
2.02588594E+6	2.47723909E+2	
2.03388944E+6	2.46890423E+2	
2.04189295E+6	2.49197060E+2	
2.04989645E+6	2.49910771E+2	
2.05789995E+6	2.52503635E+2	
2.06590345E+6	2.48193964E+2	
2.07390695E+6	2.45985039E+2	
2.08191046E+6	2.51757995E+2	
2.08991396E+6	2.54929207E+2	
2.09791746E+6	2.54317414E+2	
2.10592096E+6	2.57730603E+2	
2.11392446E+6	2.59461971E+2	
2.12192796E+6	2.54936542E+2	
2.12993147E+6	2.63964406E+2	
2.13793497E+6	2.52180072E+2	
2.14593847E+6	2.59366456E+2	
2.15394197E+6	2.62390636E+2	
2.16194547E+6	2.58680993E+2	
2.16994897E+6	2.68306224E+2	
2.17795248E+6	2.65098395E+2	
2.18595598E+6	2.63064128E+2	
2.19395948E+6	2.67949570E+2	
2.20196298E+6	2.68538697E+2	
2.20996648E+6	2.69184735E+2	
2.21796998E+6	2.66905664E+2	
2.22597349E+6	2.68761200E+2	
2.23397699E+6	2.69445958E+2	
2.24198049E+6	2.68094953E+2	
2.24998399E+6	2.76424735E+2	
2.25798749E+6	2.71044252E+2	
2.26599100E+6	2.70528982E+2	
2.27399450E+6	2.74319418E+2	
2.28199800E+6	2.79458411E+2	
2.29000150E+6	2.77860750E+2	
2.29800500E+6	2.78681584E+2	
2.30600850E+6	2.80121248E+2	
2.31401201E+6	2.78610628E+2	
2.32201551E+6	2.80596841E+2	
2.33001901E+6	2.81539860E+2	
2.33802251E+6	2.82259787E+2	
2.34602601E+6	2.87881277E+2	
2.35402951E+6	2.87372355E+2	
2.36203302E+6	2.84419797E+2	
2.37003652E+6	2.84954012E+2	
2.37804002E+6	2.92141850E+2	
2.38604352E+6	2.85078314E+2	
2.39404702E+6	2.96832984E+2	
2.40205053E+6	2.93729869E+2	
2.41005403E+6	2.91780035E+2	
2.41805753E+6	2.94690019E+2	
2.42606103E+6	2.93073150E+2	
2.43406453E+6	2.98516833E+2	
2.44206803E+6	2.95012377E+2	
2.45007154E+6	2.97389437E+2	
2.45807504E+6	2.97902686E+2	
2.46607854E+6	2.96770181E+2	
2.47408204E+6	3.01650205E+2	
2.48208554E+6	3.05245921E+2	
2.49008904E+6	3.05984198E+2	
2.49809255E+6	3.05259440E+2	
2.50609605E+6	3.02121101E+2	
2.51409955E+6	3.10351681E+2	
2.52210305E+6	3.06434592E+2	
2.53010655E+6	3.09738696E+2	
2.53811006E+6	3.12128775E+2	
2.54611356E+6	3.13692136E+2	
2.55411706E+6	3.09174263E+2	
2.56212056E+6	3.16474483E+2	
2.57012406E+6	3.15689116E+2	
2.57812756E+6	3.14977835E+2	
2.58613107E+6	3.16332447E+2	
2.59413457E+6	3.14728946E+2	
2.60213807E+6	3.16957300E+2	
2.61014157E+6	3.19569984E+2	
2.61814507E+6	3.19166070E+2	
2.62614857E+6	3.21920707E+2	
2.63415208E+6	3.24336745E+2	
2.64215558E+6	3.23026324E+2	
2.65015908E+6	3.19528739E+2	
2.65816258E+6	3.25630900E+2	
2.66616608E+6	3.27946978E+2	
2.67416958E+6	3.23749876E+2	
2.68217309E+6	3.30090724E+2	
2.69017659E+6	3.27412259E+2	
2.69818009E+6	3.29275853E+2	
2.70618359E+6	3.27360753E+2	
2.71418709E+6	3.26327546E+2	
2.72219060E+6	3.30550461E+2	
2.73019410E+6	3.37794460E+2	
2.73819760E+6	3.35154998E+2	
2.74620110E+6	3.34914976E+2	
2.75420460E+6	3.37360670E+2	
2.76220810E+6	3.42766096E+2	
2.77021161E+6	3.39782810E+2	
2.77821511E+6	3.40657333E+2	
2.78621861E+6	3.45158083E+2	
2.79422211E+6	3.45094846E+2	
2.80222561E+6	3.42320593E+2	
2.81022911E+6	3.44516252E+2	
2.81823262E+6	3.47637017E+2	
2.82623612E+6	3.44472035E+2	
2.83423962E+6	3.50280581E+2	
2.84224312E+6	3.49243277E+2	
2.85024662E+6	3.45614518E+2	
2.85825013E+6	3.55456401E+2	
2.86625363E+6	3.46533432E+2	
2.87425713E+6	3.52726864E+2	
2.88226063E+6	3.50529515E+2	
2.89026413E+6	3.51178795E+2	
2.89826763E+6	3.56659923E+2	
2.90627114E+6	3.55720498E+2	
2.91427464E+6	3.55933249E+2	
2.92227814E+6	3.57084429E+2	
2.93028164E+6	3.57603151E+2	
2.93828514E+6	3.60936593E+2	
2.94628864E+6	3.60057713E+2	
2.95429215E+6	3.61429197E+2	
2.96229565E+6	3.62236886E+2	
2.97029915E+6	3.64796458E+2	
2.97830265E+6	3.64775079E+2	
2.98630615E+6	3.69809416E+2	
2.99430965E+6	3.66951706E+2	
3.00231316E+6	3.68794988E+2	
3.01031666E+6	3.72610129E+2	
3.01832016E+6	3.68778681E+2	
3.02632366E+6	3.69724123E+2	
3.03432716E+6	3.74214199E+2	
3.04233067E+6	3.73485333E+2	
3.05033417E+6	3.78513321E+2	
3.05833767E+6	3.77781878E+2	
3.06634117E+6	3.78990432E+2	
3.07434467E+6	3.75798181E+2	
3.08234817E+6	3.78458809E+2	
3.09035168E+6	3.80444396E+2	
3.09835518E+6	3.81270529E+2	
3.10635868E+6	3.83835242E+2	
3.11436218E+6	3.79391389E+2	
3.12236568E+6	3.85447999E+2	
3.13036918E+6	3.82896378E+2	
3.13837269E+6	3.87436788E+2	
3.14637619E+6	3.85754194E+2	
3.15437969E+6	3.87864932E+2	
3.16238319E+6	3.89289800E+2	
3.17038669E+6	3.89287436E+2	
3.17839020E+6	3.88523739E+2	
3.18639370E+6	3.94520591E+2	
3.19439720E+6	3.93711227E+2	
3.20240070E+6	3.94671889E+2	
3.21040420E+6	3.94041417E+2	
3.21840770E+6	3.97039326E+2	
3.22641121E+6	3.96117681E+2	
3.23441471E+6	3.97379273E+2	
3.24241821E+6	3.98229105E+2	
3.25042171E+6	3.98090703E+2	
3.25842521E+6	4.01383334E+2	
3.26642871E+6	4.00319383E+2	
3.27443222E+6	4.01156852E+2	
3.28243572E+6	4.00630612E+2	
3.29043922E+6	4.05179459E+2	
3.29844272E+6	4.04158137E+2	
3.30644622E+6	4.05955046E+2	
3.31444972E+6	4.07569276E+2	
3.32245323E+6	4.08645815E+2	
3.33045673E+6	4.06011028E+2	
3.33846023E+6	4.12501449E+2	
3.34646373E+6	4.11018290E+2	
3.35446723E+6	4.13087321E+2	
3.36247074E+6	4.12881757E+2	
3.37047424E+6	4.15006114E+2	
3.37847774E+6	4.14623135E+2	
3.38648124E+6	4.17624838E+2	
3.39448474E+6	4.16026879E+2	
3.40248824E+6	4.17225281E+2	
3.41049175E+6	4.22857875E+2	
3.41849525E+6	4.21160819E+2	
3.42649875E+6	4.21299367E+2	
3.43450225E+6	4.25556506E+2	
3.44250575E+6	4.24372971E+2	
3.45050925E+6	4.24237377E+2	
3.45851276E+6	4.29559227E+2	
3.46651626E+6	4.27003316E+2	
3.47451976E+6	4.29124845E+2	
3.48252326E+6	4.30323134E+2	
3.49052676E+6	4.32376906E+2	
3.49853027E+6	4.29539698E+2	
3.50653377E+6	4.34002631E+2	
3.51453727E+6	4.32939838E+2	
3.52254077E+6	4.36739951E+2	
3.53054427E+6	4.37090854E+2	
3.53854777E+6	4.37720034E+2	
3.54655128E+6	4.38327076E+2	
3.55455478E+6	4.38608515E+2	
3.56255828E+6	4.39191684E+2	
3.57056178E+6	4.40390946E+2	
3.57856528E+6	4.42233799E+2	
3.58656878E+6	4.42829217E+2	
3.59457229E+6	4.44402658E+2	
3.60257579E+6	4.44346795E+2	
3.61057929E+6	4.48758346E+2	
3.61858279E+6	4.49500283E+2	
3.62658629E+6	4.49521621E+2	
3.63458979E+6	4.51209028E+2	
3.64259330E+6	4.49618580E+2	
3.65059680E+6	4.51822064E+2	
3.65860030E+6	4.55543841E+2	
3.66660380E+6	4.56130305E+2	
3.67460730E+6	4.55756240E+2	
3.68261081E+6	4.56467644E+2	
3.69061431E+6	4.57155728E+2	
3.69861781E+6	4.59278005E+2	
3.70662131E+6	4.58353472E+2	
3.71462481E+6	4.61771349E+2	
3.72262831E+6	4.60384264E+2	
3.73063182E+6	4.63958255E+2	
3.73863532E+6	4.61710845E+2	
3.74663882E+6	4.63848410E+2	
3.75464232E+6	4.66547812E+2	
3.76264582E+6	4.66351832E+2	
3.77064932E+6	4.66348927E+2	
3.77865283E+6	4.67089241E+2	
3.78665633E+6	4.69818832E+2	
3.79465983E+6	4.69797935E+2	
3.80266333E+6	4.71666860E+2	
3.81066683E+6	4.72267162E+2	
3.81867034E+6	4.71811978E+2	
3.82667384E+6	4.74604496E+2	
3.83467734E+6	4.75129105E+2	
3.84268084E+6	4.74299645E+2	
3.85068434E+6	4.76689605E+2	
3.85868784E+6	4.79442839E+2	
3.86669135E+6	4.78733428E+2	
3.87469485E+6	4.77050142E+2	
3.88269835E+6	4.83269053E+2	
3.89070185E+6	4.80373556E+2	
3.89870535E+6	4.80825594E+2	
3.90670885E+6	4.81509106E+2	
3.91471236E+6	4.84010844E+2	
3.92271586E+6	4.85610712E+2	
3.93071936E+6	4.88510891E+2	
3.93872286E+6	4.90199140E+2	
3.94672636E+6	4.88036934E+2	
3.95472986E+6	4.87884260E+2	
3.96273337E+6	4.89732705E+2	
3.97073687E+6	4.92674962E+2	
3.97874037E+6	4.89845530E+2	
3.98674387E+6	4.93880462E+2	
3.99474737E+6	4.94568729E+2	
4.00275088E+6	4.97958658E+2	
4.01075438E+6	4.94183411E+2	
4.01875788E+6	5.00427667E+2	
4.02676138E+6	5.00408444E+2	
4.03476488E+6	5.00655000E+2	
4.04276838E+6	5.00923188E+2	
4.05077189E+6	5.02481301E+2	
4.05877539E+6	5.04160310E+2	
4.06677889E+6	5.03917430E+2	
4.07478239E+6	5.08760328E+2	
4.08278589E+6	5.03891165E+2	
4.09078939E+6	5.06106123E+2	
4.09879290E+6	5.07563588E+2	
4.10679640E+6	5.09390017E+2	
4.11479990E+6	5.10252465E+2	
4.12280340E+6	5.12221256E+2	
4.13080690E+6	5.12257887E+2	
4.13881041E+6	5.12921268E+2	
4.14681391E+6	5.15153941E+2	
4.15481741E+6	5.17037580E+2	
4.16282091E+6	5.16993120E+2	
4.17082441E+6	5.17095132E+2	
4.17882791E+6	5.17542559E+2	
4.18683142E+6	5.20647470E+2	
4.19483492E+6	5.19168015E+2	
4.20283842E+6	5.23399980E+2	
4.21084192E+6	5.20086111E+2	
4.21884542E+6	5.22605794E+2	
4.22684892E+6	5.24285739E+2	
4.23485243E+6	5.22986771E+2	
4.24285593E+6	5.25355292E+2	
4.25085943E+6	5.29358738E+2	
4.25886293E+6	5.27699031E+2	
4.26686643E+6	5.29759182E+2	
4.27486993E+6	5.30105048E+2	
4.28287344E+6	5.30117928E+2	
4.29087694E+6	5.31420633E+2	
4.29888044E+6	5.32352146E+2	
4.30688394E+6	5.33021208E+2	
4.31488744E+6	5.34534758E+2	
4.32289095E+6	5.35107327E+2	
4.33089445E+6	5.34664263E+2	
4.33889795E+6	5.37654387E+2	
4.34690145E+6	5.38126876E+2	
4.35490495E+6	5.42006139E+2	
4.36290845E+6	5.39101825E+2	
4.37091196E+6	5.43801750E+2	
4.37891546E+6	5.43793857E+2	
4.38691896E+6	5.44012340E+2	
4.39492246E+6	5.43591227E+2	
4.40292596E+6	5.48385305E+2	
4.41092946E+6	5.45324762E+2	
4.41893297E+6	5.46810981E+2	
4.42693647E+6	5.48400516E+2	
4.43493997E+6	5.49793826E+2	
4.44294347E+6	5.51080558E+2	
4.45094697E+6	5.49128336E+2	
4.45895048E+6	5.53589069E+2	
4.46695398E+6	5.53942863E+2	
4.47495748E+6	5.53309401E+2	
4.48296098E+6	5.55782426E+2	
4.49096448E+6	5.55924809E+2	
4.49896798E+6	5.59274455E+2	
4.50697149E+6	5.59935446E+2	
4.51497499E+6	5.59215688E+2	
4.52297849E+6	5.62898522E+2	
4.53098199E+6	5.62715278E+2	
4.53898549E+6	5.63865059E+2	
4.54698899E+6	5.65724696E+2	
4.55499250E+6	5.64778955E+2	
4.56299600E+6	5.68907541E+2	
4.57099950E+6	5.65426840E+2	
4.57900300E+6	5.66329144E+2	
4.58700650E+6	5.69915625E+2	
4.59501001E+6	5.71935105E+2	
4.60301351E+6	5.72169713E+2	
4.61101701E+6	5.72415764E+2	
4.61902051E+6	5.76413160E+2	
4.62702401E+6	5.75586214E+2	
4.63502751E+6	5.75400190E+2	
4.64303102E+6	5.77124716E+2	
4.65103452E+6	5.79279863E+2	
4.65903802E+6	5.80855695E+2	
4.66704152E+6	5.79051230E+2	
4.67504502E+6	5.81409160E+2	
4.68304852E+6	5.81889384E+2	
4.69105203E+6	5.83938851E+2	
4.69905553E+6	5.85158423E+2	
4.70705903E+6	5.88076806E+2	
4.71506253E+6	5.88445467E+2	
4.72306603E+6	5.85946821E+2	
4.73106953E+6	5.86426372E+2	
4.73907304E+6	5.89376469E+2	
4.74707654E+6	5.91080854E+2	
4.75508004E+6	5.91734988E+2	
4.76308354E+6	5.93461802E+2	
4.77108704E+6	5.94230351E+2	
4.77909055E+6	5.94433426E+2	
4.78709405E+6	5.95825805E+2	
4.79509755E+6	5.95570555E+2	
4.80310105E+6	5.97639682E+2	
4.81110455E+6	5.98588970E+2	
4.81910805E+6	5.99351272E+2	
4.82711156E+6	6.02210513E+2	
4.83511506E+6	6.01865805E+2	
4.84311856E+6	6.02983300E+2	
4.85112206E+6	6.04867596E+2	
4.85912556E+6	6.05190883E+2	
4.86712906E+6	6.04691218E+2	
4.87513257E+6	6.09384323E+2	
4.88313607E+6	6.08030239E+2	
4.89113957E+6	6.09535993E+2	
4.89914307E+6	6.09157060E+2	
4.90714657E+6	6.10229104E+2	
4.91515008E+6	6.11830242E+2	
4.92315358E+6	6.14301342E+2	
4.93115708E+6	6.15373019E+2	
4.93916058E+6	6.15236323E+2	
4.94716408E+6	6.16313596E+2	
4.95516758E+6	6.17114050E+2	
4.96317109E+6	6.19753806E+2	
4.97117459E+6	6.20448041E+2	
4.97917809E+6	6.20421399E+2	
4.98718159E+6	6.22901891E+2	
4.99518509E+6	6.22606016E+2	
5.00318859E+6	6.22485714E+2	
5.01119210E+6	6.23576627E+2	
5.01919560E+6	6.25388101E+2	
5.02719910E+6	6.24039634E+2	
5.03520260E+6	6.28728162E+2	
5.04320610E+6	6.29447771E+2	
5.05120960E+6	6.30244447E+2	
5.05921311E+6	6.30814302E+2	
5.06721661E+6	6.33248615E+2	
5.07522011E+6	6.32925770E+2	
5.08322361E+6	6.33901994E+2	
5.09122711E+6	6.34326215E+2	
5.09923062E+6	6.35718202E+2	
5.10723412E+6	6.36019143E+2	
5.11523762E+6	6.38458807E+2	
5.12324112E+6	6.38393205E+2	
5.13124462E+6	6.40538974E+2	
5.13924812E+6	6.40505084E+2	
5.14725163E+6	6.41945146E+2	
5.15525513E+6	6.43518350E+2	
5.16325863E+6	6.42698505E+2	
5.17126213E+6	6.44705980E+2	
5.17926563E+6	6.46125096E+2	
5.18726913E+6	6.46476956E+2	
5.19527264E+6	6.47351537E+2	
5.20327614E+6	6.46144427E+2	
5.21127964E+6	6.48510292E+2	
5.21928314E+6	6.50674306E+2	
5.22728664E+6	6.50997217E+2	
5.23529015E+6	6.52991205E+2	
5.24329365E+6	6.53105242E+2	
5.25129715E+6	6.56242888E+2	
5.25930065E+6	6.56623287E+2	
5.26730415E+6	6.56155097E+2	
5.27530765E+6	6.59350673E+2	
5.28331116E+6	6.58286560E+2	
5.29131466E+6	6.58287207E+2	
5.29931816E+6	6.60767320E+2	
5.30732166E+6	6.62486960E+2	
5.31532516E+6	6.63705523E+2	
5.32332866E+6	6.63198669E+2	
5.33133217E+6	6.64481222E+2	
5.33933567E+6	6.62638948E+2	
5.34733917E+6	6.69252179E+2	
5.35534267E+6	6.67339876E+2	
5.36334617E+6	6.69186007E+2	
5.37134967E+6	6.70086861E+2	
5.37935318E+6	6.70978642E+2	
5.38735668E+6	6.71274964E+2	
5.39536018E+6	6.73002192E+2	
5.40336368E+6	6.75704264E+2	
5.41136718E+6	6.76214262E+2	
5.41937069E+6	6.75515796E+2	
5.42737419E+6	6.77149261E+2	
5.43537769E+6	6.76262287E+2	
5.44338119E+6	6.79739895E+2	
5.45138469E+6	6.80967716E+2	
5.45938819E+6	6.81387857E+2	
5.46739170E+6	6.82437507E+2	
5.47539520E+6	6.83365431E+2	
5.48339870E+6	6.85048343E+2	
5.49140220E+6	6.85269889E+2	
5.49940570E+6	6.86163604E+2	
5.50740920E+6	6.86573679E+2	
5.51541271E+6	6.88780470E+2	
5.52341621E+6	6.90147268E+2	
5.53141971E+6	6.90275128E+2	
5.53942321E+6	6.92862296E+2	
5.54742671E+6	6.92392439E+2	
5.55543022E+6	6.94314789E+2	
5.56343372E+6	6.94618283E+2	
5.57143722E+6	6.95463028E+2	
5.57944072E+6	6.96656783E+2	
5.58744422E+6	6.99050178E+2	
5.59544772E+6	6.97587073E+2	
5.60345123E+6	7.00247969E+2	
5.61145473E+6	7.00717726E+2	
5.61945823E+6	7.02816139E+2	
5.62746173E+6	7.03020355E+2	
5.63546523E+6	7.05228682E+2	
5.64346873E+6	7.05607626E+2	
5.65147224E+6	7.06482663E+2	
5.65947574E+6	7.07296061E+2	
5.66747924E+6	7.07757904E+2	
5.67548274E+6	7.10246091E+2	
5.68348624E+6	7.09613858E+2	
5.69148974E+6	7.13894600E+2	
5.69949325E+6	7.14593065E+2	
5.70749675E+6	7.13073241E+2	
5.71550025E+6	7.15975009E+2	
5.72350375E+6	7.18130751E+2	
5.73150725E+6	7.16219477E+2	
5.73951076E+6	7.19067969E+2	
5.74751426E+6	7.19793538E+2	
5.75551776E+6	7.20919089E+2	
5.76352126E+6	7.21132644E+2	
5.77152476E+6	7.23331685E+2	
5.77952826E+6	7.23271459E+2	
5.78753177E+6	7.25956453E+2	
5.79553527E+6	7.26796558E+2	
5.80353877E+6	7.27136726E+2	
5.81154227E+6	7.27794327E+2	
5.81954577E+6	7.29567316E+2	
5.82754927E+6	7.28977352E+2	
5.83555278E+6	7.31256740E+2	
5.84355628E+6	7.32710001E+2	
5.85155978E+6	7.32370073E+2	
5.85956328E+6	7.34417032E+2	
5.86756678E+6	7.36110001E+2	
5.87557029E+6	7.34720883E+2	
5.88357379E+6	7.36669354E+2	
5.89157729E+6	7.37675466E+2	
5.89958079E+6	7.39320291E+2	
5.90758429E+6	7.38940982E+2	
5.91558779E+6	7.42317071E+2	
5.92359130E+6	7.43004732E+2	
5.93159480E+6	7.42941396E+2	
5.93959830E+6	7.42874443E+2	
5.94760180E+6	7.43824932E+2	
5.95560530E+6	7.45850816E+2	
5.96360880E+6	7.46456269E+2	
5.97161231E+6	7.47830836E+2	
5.97961581E+6	7.49281918E+2	
5.98761931E+6	7.49422755E+2	
5.99562281E+6	7.50697036E+2	
6.00362631E+6	7.52602341E+2	
6.01162981E+6	7.52962239E+2	
6.01963332E+6	7.54961171E+2	
6.02763682E+6	7.56247344E+2	
6.03564032E+6	7.57509288E+2	
6.04364382E+6	7.57209650E+2	
6.05164732E+6	7.58413064E+2	
6.05965083E+6	7.58490637E+2	
6.06765433E+6	7.61079000E+2	
6.07565783E+6	7.61335568E+2	
6.08366133E+6	7.63155966E+2	
6.09166483E+6	7.65071461E+2	
6.09966833E+6	7.65676954E+2	
6.10767184E+6	7.64743826E+2	
6.11567534E+6	7.67511252E+2	
6.12367884E+6	7.68080527E+2	
6.13168234E+6	7.68947767E+2	
6.13968584E+6	7.70666640E+2	
6.14768934E+6	7.70753702E+2	
6.15569285E+6	7.73281643E+2	
6.16369635E+6	7.73588477E+2	
6.17169985E+6	7.72710880E+2	
6.17970335E+6	7.74557491E+2	
6.18770685E+6	7.76364120E+2	
6.19571036E+6	7.75606696E+2	
6.20371386E+6	7.78503809E+2	
6.21171736E+6	7.79230027E+2	
6.21972086E+6	7.79314997E+2	
6.22772436E+6	7.79925734E+2	
6.23572786E+6	7.83058778E+2	
6.24373137E+6	7.82948481E+2	
6.25173487E+6	7.83969248E+2	
6.25973837E+6	7.86718640E+2	
6.26774187E+6	7.86686018E+2	
6.27574537E+6	7.86769627E+2	
6.28374887E+6	7.86516124E+2	
6.29175238E+6	7.89081170E+2	
6.29975588E+6	7.90796932E+2	
6.30775938E+6	7.91843176E+2	
6.31576288E+6	7.92519471E+2	
6.32376638E+6	7.92005588E+2	
6.33176988E+6	7.95905464E+2	
6.33977339E+6	7.96702529E+2	
6.34777689E+6	7.95604297E+2	
6.35578039E+6	7.98453563E+2	
6.36378389E+6	7.99132212E+2	
6.37178739E+6	7.99201745E+2	
6.37979090E+6	8.01728838E+2	
6.38779440E+6	8.02976184E+2	
6.39579790E+6	8.03405173E+2	
6.40380140E+6	8.04155372E+2	
6.41180490E+6	8.04721152E+2	
6.41980840E+6	8.06004947E+2	
6.42781191E+6	8.06900838E+2	
6.43581541E+6	8.08315171E+2	
6.44381891E+6	8.09626696E+2	
6.45182241E+6	8.12119936E+2	
6.45982591E+6	8.10687660E+2	
6.46782941E+6	8.12272382E+2	
6.47583292E+6	8.13827850E+2	
6.48383642E+6	8.13643704E+2	
6.49183992E+6	8.16091465E+2	
6.49984342E+6	8.18137939E+2	
6.50784692E+6	8.17545067E+2	
6.51585043E+6	8.19145868E+2	
6.52385393E+6	8.20356294E+2	
6.53185743E+6	8.20608492E+2	
6.53986093E+6	8.21953489E+2	
6.54786443E+6	8.22471775E+2	
6.55586793E+6	8.24160737E+2	
6.56387144E+6	8.24979287E+2	
6.57187494E+6	8.26348573E+2	
6.57987844E+6	8.27668793E+2	
6.58788194E+6	8.27993327E+2	
6.59588544E+6	8.27885999E+2	
6.60388894E+6	8.29931736E+2	
6.61189245E+6	8.30784888E+2	
6.61989595E+6	8.32916694E+2	
6.62789945E+6	8.31741113E+2	
6.63590295E+6	8.35080030E+2	
6.64390645E+6	8.34306050E+2	
6.65190995E+6	8.38224316E+2	
6.65991346E+6	8.37131999E+2	
6.66791696E+6	8.38604944E+2	
6.67592046E+6	8.39293405E+2	
6.68392396E+6	8.38812241E+2	
6.69192746E+6	8.42030374E+2	
6.69993097E+6	8.42827473E+2	
6.70793447E+6	8.44403136E+2	
6.71593797E+6	8.45289958E+2	
6.72394147E+6	8.45074422E+2	
6.73194497E+6	8.47451814E+2	
6.73994847E+6	8.48863797E+2	
6.74795198E+6	8.48625045E+2	
6.75595548E+6	8.49767040E+2	
6.76395898E+6	8.52330649E+2	
6.77196248E+6	8.52456138E+2	
6.77996598E+6	8.54424007E+2	
6.78796948E+6	8.55463688E+2	
6.79597299E+6	8.55591679E+2	
6.80397649E+6	8.55661057E+2	
6.81197999E+6	8.57045248E+2	
6.81998349E+6	8.59347013E+2	
6.82798699E+6	8.61838340E+2	
6.83599050E+6	8.61781101E+2	
6.84399400E+6	8.62470753E+2	
6.85199750E+6	8.62990093E+2	
6.86000100E+6	8.63308819E+2	
6.86800450E+6	8.63806783E+2	
6.87600800E+6	8.67806079E+2	
6.88401151E+6	8.67517327E+2	
6.89201501E+6	8.67712827E+2	
6.90001851E+6	8.69027138E+2	
6.90802201E+6	8.69445883E+2	
6.91602551E+6	8.71315900E+2	
6.92402901E+6	8.72293808E+2	
6.93203252E+6	8.74522115E+2	
6.94003602E+6	8.75485043E+2	
6.94803952E+6	8.75040484E+2	
6.95604302E+6	8.76448826E+2	
6.96404652E+6	8.76123962E+2	
6.97205003E+6	8.79433482E+2	
6.98005353E+6	8.80541445E+2	
6.98805703E+6	8.80981335E+2	
6.99606053E+6	8.82103348E+2	
7.00406403E+6	8.83820635E+2	
7.01206753E+6	8.83342611E+2	
7.02007104E+6	8.85460576E+2	
7.02807454E+6	8.87180065E+2	
7.03607804E+6	8.86968505E+2	
7.04408154E+6	8.87869021E+2	
7.05208504E+6	8.89195912E+2	
7.06008854E+6	8.90881657E+2	
7.06809205E+6	8.91732282E+2	
7.07609555E+6	8.92644353E+2	
7.08409905E+6	8.93245403E+2	
7.09210255E+6	8.94112121E+2	
7.10010605E+6	8.97232581E+2	
7.10810955E+6	8.96480814E+2	
7.11611306E+6	8.98341666E+2	
7.12411656E+6	9.00595139E+2	
7.13212006E+6	9.00295366E+2	
7.14012356E+6	9.01655032E+2	
7.14812706E+6	9.03042957E+2	
7.15613057E+6	9.03332064E+2	
7.16413407E+6	9.04291923E+2	
7.17213757E+6	9.06437767E+2	
7.18014107E+6	9.07649679E+2	
7.18814457E+6	9.07944606E+2	
7.19614807E+6	9.08383877E+2	
7.20415158E+6	9.09247959E+2	
7.21215508E+6	9.10985381E+2	
7.22015858E+6	9.11414164E+2	
7.22816208E+6	9.12951047E+2	
7.23616558E+6	9.13851636E+2	
7.24416908E+6	9.15603560E+2	
7.25217259E+6	9.14964341E+2	
7.26017609E+6	9.19170632E+2	
7.26817959E+6	9.17331617E+2	
7.27618309E+6	9.19283831E+2	
7.28418659E+6	9.21380071E+2	
7.29219010E+6	9.21522028E+2	
7.30019360E+6	9.22103117E+2	
7.30819710E+6	9.25130763E+2	
7.31620060E+6	9.24216378E+2	
7.32420410E+6	9.27000443E+2	
7.33220760E+6	9.27877592E+2	
7.34021111E+6	9.27139265E+2	
7.34821461E+6	9.29135563E+2	
7.35621811E+6	9.30483041E+2	
7.36422161E+6	9.31353575E+2	
7.37222511E+6	9.33038904E+2	
7.38022861E+6	9.31577506E+2	
7.38823212E+6	9.33974802E+2	
7.39623562E+6	9.35239651E+2	
7.40423912E+6	9.35944107E+2	
7.41224262E+6	9.37821389E+2	
7.42024612E+6	9.38327877E+2	
7.42824962E+6	9.39281434E+2	
7.43625313E+6	9.40588977E+2	
7.44425663E+6	9.41203611E+2	
7.45226013E+6	9.42991892E+2	
7.46026363E+6	9.43006855E+2	
7.46826713E+6	9.46100182E+2	
7.47627064E+6	9.45685274E+2	
7.48427414E+6	9.45946424E+2	
7.49227764E+6	9.48681484E+2	
7.50028114E+6	9.50447494E+2	
7.50828464E+6	9.50068042E+2	
7.51628814E+6	9.51673007E+2	
7.52429165E+6	9.52507504E+2	
7.53229515E+6	9.53644003E+2	
7.54029865E+6	9.54153010E+2	
7.54830215E+6	9.56739081E+2	
7.55630565E+6	9.58280521E+2	
7.56430915E+6	9.58253242E+2	
7.57231266E+6	9.60446651E+2	
7.58031616E+6	9.60804269E+2	
7.58831966E+6	9.61992941E+2	
7.59632316E+6	9.63541334E+2	
7.60432666E+6	9.63336150E+2	
7.61233017E+6	9.65542292E+2	
7.62033367E+6	9.65788850E+2	
7.62833717E+6	9.67814410E+2	
7.63634067E+6	9.67510348E+2	
7.64434417E+6	9.69496210E+2	
7.65234767E+6	9.69820229E+2	
7.66035118E+6	9.70668310E+2	
7.66835468E+6	9.72950909E+2	
7.67635818E+6	9.73423479E+2	
7.68436168E+6	9.75008677E+2	
7.69236518E+6	9.75406634E+2	
7.70036868E+6	9.75988194E+2	
7.70837219E+6	9.76908559E+2	
7.71637569E+6	9.79121435E+2	
7.72437919E+6	9.77639612E+2	
7.73238269E+6	9.81803622E+2	
7.74038619E+6	9.82176815E+2	
7.74838969E+6	9.85722775E+2	
7.75639320E+6	9.84128036E+2	
7.76439670E+6	9.84437740E+2	
7.77240020E+6	9.85230726E+2	
7.78040370E+6	9.87503828E+2	
7.78840720E+6	9.88344256E+2	
7.79641071E+6	9.89178050E+2	
7.80441421E+6	9.89847375E+2	
7.81241771E+6	9.91086946E+2	
7.82042121E+6	9.93100833E+2	
7.82842471E+6	9.92540901E+2	
7.83642821E+6	9.94174672E+2	
7.84443172E+6	9.96048525E+2	
7.85243522E+6	9.95620103E+2	
7.86043872E+6	9.97291239E+2	
7.86844222E+6	9.98386976E+2	
7.87644572E+6	1.00047897E+3	
7.88444922E+6	1.00104859E+3	
7.89245273E+6	1.00249748E+3	
7.90045623E+6	1.00335480E+3	
7.90845973E+6	1.00511468E+3	
7.91646323E+6	1.00574890E+3	
7.92446673E+6	1.00674548E+3	
7.93247024E+6	1.00706498E+3	
7.94047374E+6	1.01013291E+3	
7.94847724E+6	1.01057902E+3	
7.95648074E+6	1.01196420E+3	
7.96448424E+6	1.01219281E+3	
7.97248774E+6	1.01463156E+3	
7.98049125E+6	1.01432057E+3	
7.98849475E+6	1.01576597E+3	
7.99649825E+6	1.01785676E+3	
8.00450175E+6	1.01873516E+3	
8.01250525E+6	1.01891013E+3	
8.02050875E+6	1.02087738E+3	
8.02851226E+6	1.02123188E+3	
8.03651576E+6	1.02259331E+3	
8.04451926E+6	1.02452486E+3	
8.05252276E+6	1.02599059E+3	
8.06052626E+6	1.02525433E+3	
8.06852976E+6	1.02788038E+3	
8.07653327E+6	1.02816325E+3	
8.08453677E+6	1.02913542E+3	
8.09254027E+6	1.02959464E+3	
8.10054377E+6	1.03064950E+3	
8.10854727E+6	1.03210363E+3	
8.11655078E+6	1.03359793E+3	
8.12455428E+6	1.03370416E+3	
8.13255778E+6	1.03442076E+3	
8.14056128E+6	1.03786724E+3	
8.14856478E+6	1.03813484E+3	
8.15656828E+6	1.03795163E+3	
8.16457179E+6	1.03910367E+3	
8.17257529E+6	1.04170293E+3	
8.18057879E+6	1.04157686E+3	
8.18858229E+6	1.04312469E+3	
8.19658579E+6	1.04480758E+3	
8.20458929E+6	1.04621830E+3	
8.21259280E+6	1.04729561E+3	
8.22059630E+6	1.04818640E+3	
8.22859980E+6	1.04921733E+3	
8.23660330E+6	1.04981596E+3	
8.24460680E+6	1.05211892E+3	
8.25261031E+6	1.05237821E+3	
8.26061381E+6	1.05347455E+3	
8.26861731E+6	1.05556373E+3	
8.27662081E+6	1.05642846E+3	
8.28462431E+6	1.05630729E+3	
8.29262781E+6	1.05756279E+3	
8.30063132E+6	1.05829665E+3	
8.30863482E+6	1.06118437E+3	
8.31663832E+6	1.06062333E+3	
8.32464182E+6	1.06118655E+3	
8.33264532E+6	1.06406560E+3	
8.34064882E+6	1.06331834E+3	
8.34865233E+6	1.06607462E+3	
8.35665583E+6	1.06524272E+3	
8.36465933E+6	1.06616788E+3	
8.37266283E+6	1.06886150E+3	
8.38066633E+6	1.07005863E+3	
8.38866983E+6	1.07041906E+3	
8.39667334E+6	1.07119080E+3	
8.40467684E+6	1.07303090E+3	
8.41268034E+6	1.07276833E+3	
8.42068384E+6	1.07512751E+3	
8.42868734E+6	1.07493373E+3	
8.43669085E+6	1.07740082E+3	
8.44469435E+6	1.07818983E+3	
8.45269785E+6	1.07923008E+3	
8.46070135E+6	1.08020138E+3	
8.46870485E+6	1.08127490E+3	
8.47670835E+6	1.08194299E+3	
8.48471186E+6	1.08474080E+3	
8.49271536E+6	1.08486747E+3	
8.50071886E+6	1.08681038E+3	
8.50872236E+6	1.08611672E+3	
8.51672586E+6	1.08768259E+3	
8.52472936E+6	1.09018665E+3	
8.53273287E+6	1.09078897E+3	
8.54073637E+6	1.09192700E+3	
8.54873987E+6	1.09301777E+3	
8.55674337E+6	1.09278138E+3	
8.56474687E+6	1.09463777E+3	
8.57275038E+6	1.09711900E+3	
8.58075388E+6	1.09762170E+3	
8.58875738E+6	1.09771399E+3	
8.59676088E+6	1.09949589E+3	
8.60476438E+6	1.10052813E+3	
8.61276788E+6	1.10089405E+3	
8.62077139E+6	1.10341404E+3	
8.62877489E+6	1.10391406E+3	
8.63677839E+6	1.10491400E+3	
8.64478189E+6	1.10645059E+3	
8.65278539E+6	1.10607602E+3	
8.66078889E+6	1.10867894E+3	
8.66879240E+6	1.11002769E+3	
8.67679590E+6	1.10975452E+3	
8.68479940E+6	1.11173809E+3	
8.69280290E+6	1.11381232E+3	
8.70080640E+6	1.11385984E+3	
8.70880990E+6	1.11574433E+3	
8.71681341E+6	1.11520450E+3	
8.72481691E+6	1.11792194E+3	
8.73282041E+6	1.11726283E+3	
8.74082391E+6	1.11916634E+3	
8.74882741E+6	1.11964001E+3	
8.75683092E+6	1.12172986E+3	
8.76483442E+6	1.12373483E+3	
8.77283792E+6	1.12517703E+3	
8.78084142E+6	1.12452979E+3	
8.78884492E+6	1.12541221E+3	
8.79684842E+6	1.12725796E+3	
8.80485193E+6	1.12755421E+3	
8.81285543E+6	1.12922493E+3	
8.82085893E+6	1.13030530E+3	
8.82886243E+6	1.13219149E+3	
8.83686593E+6	1.13150619E+3	
8.84486943E+6	1.13336842E+3	
8.85287294E+6	1.13509248E+3	
8.86087644E+6	1.13600120E+3	
8.86887994E+6	1.13794135E+3	
8.87688344E+6	1.13778368E+3	
8.88488694E+6	1.13883739E+3	
8.89289045E+6	1.13971309E+3	
8.90089395E+6	1.14081804E+3	
8.90889745E+6	1.14222886E+3	
8.91690095E+6	1.14353406E+3	
8.92490445E+6	1.14419881E+3	
8.93290795E+6	1.14543945E+3	
8.94091146E+6	1.14640046E+3	
8.94891496E+6	1.14786724E+3	
8.95691846E+6	1.14880454E+3	
8.96492196E+6	1.15043226E+3	
8.97292546E+6	1.15185522E+3	
8.98092896E+6	1.15164752E+3	
8.98893247E+6	1.15279820E+3	
8.99693597E+6	1.15471629E+3	
9.00493947E+6	1.15577747E+3	
9.01294297E+6	1.15625284E+3	
9.02094647E+6	1.15845913E+3	
9.02894997E+6	1.15805268E+3	
9.03695348E+6	1.16024967E+3	
9.04495698E+6	1.16106756E+3	
9.05296048E+6	1.16229318E+3	
9.06096398E+6	1.16268156E+3	
9.06896748E+6	1.16450462E+3	
9.07697099E+6	1.16559543E+3	
9.08497449E+6	1.16635694E+3	
9.09297799E+6	1.16911433E+3	
9.10098149E+6	1.16871319E+3	
9.10898499E+6	1.16985081E+3	
9.11698849E+6	1.17140383E+3	
9.12499200E+6	1.17131327E+3	
9.13299550E+6	1.17358735E+3	
9.14099900E+6	1.17526728E+3	
9.14900250E+6	1.17699862E+3	
9.15700600E+6	1.17706045E+3	
9.16500950E+6	1.17756552E+3	
9.17301301E+6	1.17979172E+3	
9.18101651E+6	1.18063928E+3	
9.18902001E+6	1.18146719E+3	
9.19702351E+6	1.18319872E+3	
9.20502701E+6	1.18398937E+3	
9.21303052E+6	1.18500666E+3	
9.22103402E+6	1.18672557E+3	
9.22903752E+6	1.18847514E+3	
9.23704102E+6	1.18937501E+3	
9.24504452E+6	1.18971471E+3	
9.25304802E+6	1.19008102E+3	
9.26105153E+6	1.19173969E+3	
9.26905503E+6	1.19361940E+3	
9.27705853E+6	1.19371835E+3	
9.28506203E+6	1.19447393E+3	
9.29306553E+6	1.19641761E+3	
9.30106903E+6	1.19751703E+3	
9.30907254E+6	1.19928797E+3	
9.31707604E+6	1.19919246E+3	
9.32507954E+6	1.20049021E+3	
9.33308304E+6	1.20091104E+3	
9.34108654E+6	1.20287681E+3	
9.34909005E+6	1.20348267E+3	
9.35709355E+6	1.20594186E+3	
9.36509705E+6	1.20704888E+3	
9.37310055E+6	1.20740336E+3	
9.38110405E+6	1.20798584E+3	
9.38910755E+6	1.21008859E+3	
9.39711106E+6	1.21003942E+3	
9.40511456E+6	1.21242857E+3	
9.41311806E+6	1.21334703E+3	
9.42112156E+6	1.21418295E+3	
9.42912506E+6	1.21541206E+3	
9.43712856E+6	1.21591711E+3	
9.44513207E+6	1.21741621E+3	
9.45313557E+6	1.21830251E+3	
9.46113907E+6	1.21906261E+3	
9.46914257E+6	1.21990584E+3	
9.47714607E+6	1.22111354E+3	
9.48514957E+6	1.22230707E+3	
9.49315308E+6	1.22419652E+3	
9.50115658E+6	1.22447561E+3	
9.50916008E+6	1.22605903E+3	
9.51716358E+6	1.22759165E+3	
9.52516708E+6	1.22565815E+3	
9.53317059E+6	1.22897772E+3	
9.54117409E+6	1.23041468E+3	
9.54917759E+6	1.23166269E+3	
9.55718109E+6	1.23316232E+3	
9.56518459E+6	1.23344719E+3	
9.57318809E+6	1.23371982E+3	
9.58119160E+6	1.23617540E+3	
9.58919510E+6	1.23662625E+3	
9.59719860E+6	1.23766474E+3	
9.60520210E+6	1.23917671E+3	
9.61320560E+6	1.24102886E+3	
9.62120910E+6	1.24206360E+3	
9.62921261E+6	1.24312203E+3	
9.63721611E+6	1.24448390E+3	
9.64521961E+6	1.24625623E+3	
9.65322311E+6	1.24582917E+3	
9.66122661E+6	1.24689093E+3	
9.66923012E+6	1.24916023E+3	
9.67723362E+6	1.24953025E+3	
9.68523712E+6	1.25090199E+3	
9.69324062E+6	1.25191615E+3	
9.70124412E+6	1.25435606E+3	
9.70924762E+6	1.25465252E+3	
9.71725113E+6	1.25561693E+3	
9.72525463E+6	1.25717878E+3	
9.73325813E+6	1.25835666E+3	
9.74126163E+6	1.25937848E+3	
9.74926513E+6	1.26001207E+3	
9.75726863E+6	1.26179278E+3	
9.76527214E+6	1.26314901E+3	
9.77327564E+6	1.26368615E+3	
9.78127914E+6	1.26430109E+3	
9.78928264E+6	1.26435880E+3	
9.79728614E+6	1.26671366E+3	
9.80528964E+6	1.26783454E+3	
9.81329315E+6	1.26973237E+3	
9.82129665E+6	1.27016828E+3	
9.82930015E+6	1.27034154E+3	
9.83730365E+6	1.27169724E+3	
9.84530715E+6	1.27292967E+3	
9.85331066E+6	1.27525112E+3	
9.86131416E+6	1.27509244E+3	
9.86931766E+6	1.27713271E+3	
9.87732116E+6	1.27728479E+3	
9.88532466E+6	1.27856459E+3	
9.89332816E+6	1.27955894E+3	
9.90133167E+6	1.28173929E+3	
9.90933517E+6	1.28306524E+3	
9.91733867E+6	1.28498690E+3	
9.92534217E+6	1.28501981E+3	
9.93334567E+6	1.28655542E+3	
9.94134917E+6	1.28771745E+3	
9.94935268E+6	1.28849726E+3	
9.95735618E+6	1.28987823E+3	
9.96535968E+6	1.29029801E+3	
9.97336318E+6	1.29188304E+3	
9.98136668E+6	1.29255713E+3	
9.98937019E+6	1.29371531E+3	
9.99737369E+6	1.29619623E+3	
1.00053772E+7	1.29598250E+3	
1.00133807E+7	1.29793806E+3	
1.00213842E+7	1.29859059E+3	
1.00293877E+7	1.29907373E+3	
1.00373912E+7	1.30071227E+3	
1.00453947E+7	1.30210955E+3	
1.00533982E+7	1.30254952E+3	
1.00614017E+7	1.30526370E+3	
1.00694052E+7	1.30581609E+3	
1.00774087E+7	1.30793215E+3	
1.00854122E+7	1.30836551E+3	
1.00934157E+7	1.30927332E+3	
1.01014192E+7	1.31028723E+3	
1.01094227E+7	1.31234043E+3	
1.01174262E+7	1.31403258E+3	
1.01254297E+7	1.31477336E+3	
1.01334332E+7	1.31606174E+3	
1.01414367E+7	1.31667765E+3	
1.01494402E+7	1.31809297E+3	
1.01574437E+7	1.31839095E+3	
1.01654472E+7	1.32022713E+3	
1.01734507E+7	1.32155002E+3	
1.01814542E+7	1.32236847E+3	
1.01894577E+7	1.32334049E+3	
1.01974612E+7	1.32455919E+3	
1.02054647E+7	1.32605055E+3	
1.02134682E+7	1.32641551E+3	
1.02214717E+7	1.32797715E+3	
1.02294752E+7	1.32821621E+3	
1.02374787E+7	1.33106557E+3	
1.02454822E+7	1.33210135E+3	
1.02534857E+7	1.33271325E+3	
1.02614892E+7	1.33368660E+3	
1.02694927E+7	1.33619163E+3	
1.02774962E+7	1.33692079E+3	
1.02854997E+7	1.33775193E+3	
1.02935033E+7	1.33926715E+3	
1.03015068E+7	1.33871470E+3	
1.03095103E+7	1.34111096E+3	
1.03175138E+7	1.34128039E+3	
1.03255173E+7	1.34404792E+3	
1.03335208E+7	1.34335898E+3	
1.03415243E+7	1.34636861E+3	
1.03495278E+7	1.34718127E+3	
1.03575313E+7	1.34896265E+3	
1.03655348E+7	1.34875830E+3	
1.03735383E+7	1.34969504E+3	
1.03815418E+7	1.35135235E+3	
1.03895453E+7	1.35263494E+3	
1.03975488E+7	1.35317118E+3	
1.04055523E+7	1.35498812E+3	
1.04135558E+7	1.35527315E+3	
1.04215593E+7	1.35667981E+3	
1.04295628E+7	1.35796637E+3	
1.04375663E+7	1.35953959E+3	
1.04455698E+7	1.36184655E+3	
1.04535733E+7	1.36268547E+3	
1.04615768E+7	1.36363428E+3	
1.04695803E+7	1.36411252E+3	
1.04775838E+7	1.36517437E+3	
1.04855873E+7	1.36638022E+3	
1.04935908E+7	1.36884070E+3	
1.05015943E+7	1.36891946E+3	
1.05095978E+7	1.36992902E+3	
1.05176013E+7	1.37099757E+3	
1.05256048E+7	1.37195111E+3	
1.05336083E+7	1.37439422E+3	
1.05416118E+7	1.37498307E+3	
1.05496153E+7	1.37655490E+3	
1.05576188E+7	1.37693977E+3	
1.05656223E+7	1.37739813E+3	
1.05736258E+7	1.37888028E+3	
1.05816293E+7	1.37911386E+3	
1.05896328E+7	1.38204462E+3	
1.05976363E+7	1.38271672E+3	
1.06056398E+7	1.38258960E+3	
1.06136433E+7	1.38503397E+3	
1.06216468E+7	1.38627439E+3	
1.06296503E+7	1.38747261E+3	
1.06376538E+7	1.38955047E+3	
1.06456573E+7	1.38979328E+3	
1.06536608E+7	1.39123750E+3	
1.06616643E+7	1.39212219E+3	
1.06696678E+7	1.39323911E+3	
1.06776713E+7	1.39349944E+3	
1.06856748E+7	1.39544443E+3	
1.06936783E+7	1.39732193E+3	
1.07016818E+7	1.39818893E+3	
1.07096853E+7	1.39819110E+3	
1.07176888E+7	1.40034853E+3	
1.07256923E+7	1.40151503E+3	
1.07336958E+7	1.40198523E+3	
1.07416993E+7	1.40322708E+3	
1.07497029E+7	1.40479204E+3	
1.07577064E+7	1.40588561E+3	
1.07657099E+7	1.40691675E+3	
1.07737134E+7	1.40796163E+3	
1.07817169E+7	1.41043303E+3	
1.07897204E+7	1.41090474E+3	
1.07977239E+7	1.41281495E+3	
1.08057274E+7	1.41310088E+3	
1.08137309E+7	1.41423732E+3	
1.08217344E+7	1.41653923E+3	
1.08297379E+7	1.41622738E+3	
1.08377414E+7	1.41825977E+3	
1.08457449E+7	1.41953326E+3	
1.08537484E+7	1.42017101E+3	
1.08617519E+7	1.42128170E+3	
1.08697554E+7	1.42294017E+3	
1.08777589E+7	1.42281972E+3	
1.08857624E+7	1.42574666E+3	
1.08937659E+7	1.42610506E+3	
1.09017694E+7	1.42718962E+3	
1.09097729E+7	1.42824700E+3	
1.09177764E+7	1.43043146E+3	
1.09257799E+7	1.43074450E+3	
1.09337834E+7	1.43199371E+3	
1.09417869E+7	1.43331839E+3	
1.09497904E+7	1.43433090E+3	
1.09577939E+7	1.43575544E+3	
1.09657974E+7	1.43801746E+3	
1.09738009E+7	1.43754792E+3	
1.09818044E+7	1.43963011E+3	
1.09898079E+7	1.44115903E+3	
1.09978114E+7	1.44182345E+3	
1.10058149E+7	1.44239088E+3	
1.10138184E+7	1.44432110E+3	
1.10218219E+7	1.44443961E+3	
1.10298254E+7	1.44621691E+3	
1.10378289E+7	1.44644311E+3	
1.10458324E+7	1.44960387E+3	
1.10538359E+7	1.45030354E+3	
1.10618394E+7	1.45145798E+3	
1.10698429E+7	1.45260857E+3	
1.10778464E+7	1.45356900E+3	
1.10858499E+7	1.45579505E+3	
1.10938534E+7	1.45569458E+3	
1.11018569E+7	1.45662726E+3	
1.11098604E+7	1.45749688E+3	
1.11178639E+7	1.45942342E+3	
1.11258674E+7	1.46128213E+3	
1.11338709E+7	1.46102756E+3	
1.11418744E+7	1.46214131E+3	
1.11498779E+7	1.46492932E+3	
1.11578814E+7	1.46618966E+3	
1.11658849E+7	1.46595128E+3	
1.11738884E+7	1.46777612E+3	
1.11818919E+7	1.46874472E+3	
1.11898954E+7	1.47006303E+3	
1.11978989E+7	1.47135562E+3	
1.12059025E+7	1.47188018E+3	
1.12139060E+7	1.47261403E+3	
1.12219095E+7	1.47550750E+3	
1.12299130E+7	1.47574034E+3	
1.12379165E+7	1.47765466E+3	
1.12459200E+7	1.47806330E+3	
1.12539235E+7	1.48052756E+3	
1.12619270E+7	1.48091825E+3	
1.12699305E+7	1.48202042E+3	
1.12779340E+7	1.48323641E+3	
1.12859375E+7	1.48485290E+3	
1.12939410E+7	1.48488191E+3	
1.13019445E+7	1.48748360E+3	
1.13099480E+7	1.48749262E+3	
1.13179515E+7	1.49024566E+3	
1.13259550E+7	1.49036122E+3	
1.13339585E+7	1.49171324E+3	
1.13419620E+7	1.49252510E+3	
1.13499655E+7	1.49408458E+3	
1.13579690E+7	1.49520496E+3	
1.13659725E+7	1.49589986E+3	
1.13739760E+7	1.49679093E+3	
1.13819795E+7	1.49898604E+3	
1.13899830E+7	1.49877038E+3	
1.13979865E+7	1.50046851E+3	
1.14059900E+7	1.50242205E+3	
1.14139935E+7	1.50391826E+3	
1.14219970E+7	1.50462419E+3	
1.14300005E+7	1.50602020E+3	
1.14380040E+7	1.50733072E+3	
1.14460075E+7	1.50839922E+3	
1.14540110E+7	1.50978055E+3	
1.14620145E+7	1.50966095E+3	
1.14700180E+7	1.51215290E+3	
1.14780215E+7	1.51326846E+3	
1.14860250E+7	1.51424648E+3	
1.14940285E+7	1.51605418E+3	
1.15020320E+7	1.51584663E+3	
1.15100355E+7	1.51781077E+3	
1.15180390E+7	1.51883947E+3	
1.15260425E+7	1.51965948E+3	
1.15340460E+7	1.52130832E+3	
1.15420495E+7	1.52271205E+3	
1.15500530E+7	1.52382241E+3	
1.15580565E+7	1.52452512E+3	
1.15660600E+7	1.52668569E+3	
1.15740635E+7	1.52694969E+3	
1.15820670E+7	1.52829519E+3	
1.15900705E+7	1.53061953E+3	
1.15980740E+7	1.53068170E+3	
1.16060775E+7	1.53152694E+3	
1.16140810E+7	1.53405698E+3	
1.16220845E+7	1.53479141E+3	
1.16300880E+7	1.53520431E+3	
1.16380915E+7	1.53698703E+3	
1.16460950E+7	1.53827596E+3	
1.16540985E+7	1.54043038E+3	
1.16621021E+7	1.54041668E+3	
1.16701056E+7	1.54211387E+3	
1.16781091E+7	1.54354226E+3	
1.16861126E+7	1.54383277E+3	
1.16941161E+7	1.54542766E+3	
1.17021196E+7	1.54620862E+3	
1.17101231E+7	1.54839854E+3	
1.17181266E+7	1.54949685E+3	
1.17261301E+7	1.55093167E+3	
1.17341336E+7	1.55186945E+3	
1.17421371E+7	1.55382597E+3	
1.17501406E+7	1.55443279E+3	
1.17581441E+7	1.55593434E+3	
1.17661476E+7	1.55596277E+3	
1.17741511E+7	1.55723819E+3	
1.17821546E+7	1.55814585E+3	
1.17901581E+7	1.56050365E+3	
1.17981616E+7	1.56231634E+3	
1.18061651E+7	1.56206175E+3	
1.18141686E+7	1.56370750E+3	
1.18221721E+7	1.56486816E+3	
1.18301756E+7	1.56633206E+3	
1.18381791E+7	1.56749281E+3	
1.18461826E+7	1.56835919E+3	
1.18541861E+7	1.56974082E+3	
1.18621896E+7	1.57129375E+3	
1.18701931E+7	1.57206887E+3	
1.18781966E+7	1.57336969E+3	
1.18862001E+7	1.57577843E+3	
1.18942036E+7	1.57550663E+3	
1.19022071E+7	1.57763347E+3	
1.19102106E+7	1.57734135E+3	
1.19182141E+7	1.57856943E+3	
1.19262176E+7	1.58012240E+3	
1.19342211E+7	1.58138787E+3	
1.19422246E+7	1.58197938E+3	
1.19502281E+7	1.58461659E+3	
1.19582316E+7	1.58639789E+3	
1.19662351E+7	1.58660669E+3	
1.19742386E+7	1.58751418E+3	
1.19822421E+7	1.58951134E+3	
1.19902456E+7	1.58862771E+3	
1.19982491E+7	1.59194352E+3	
1.20062526E+7	1.59219631E+3	
1.20142561E+7	1.59346348E+3	
1.20222596E+7	1.59523516E+3	
1.20302631E+7	1.59556333E+3	
1.20382666E+7	1.59716140E+3	
1.20462701E+7	1.59905154E+3	
1.20542736E+7	1.60054786E+3	
1.20622771E+7	1.60213570E+3	
1.20702806E+7	1.60359269E+3	
1.20782841E+7	1.60448916E+3	
1.20862876E+7	1.60564541E+3	
1.20942911E+7	1.60635473E+3	
1.21022946E+7	1.60878782E+3	
1.21102981E+7	1.60835303E+3	
1.21183017E+7	1.61006861E+3	
1.21263052E+7	1.61067009E+3	
1.21343087E+7	1.61278016E+3	
1.21423122E+7	1.61284572E+3	
1.21503157E+7	1.61436985E+3	
1.21583192E+7	1.61674236E+3	
1.21663227E+7	1.61757530E+3	
1.21743262E+7	1.61902312E+3	
1.21823297E+7	1.62066155E+3	
1.21903332E+7	1.62080777E+3	
1.21983367E+7	1.62276639E+3	
1.22063402E+7	1.62434887E+3	
1.22143437E+7	1.62531636E+3	
1.22223472E+7	1.62605220E+3	
1.22303507E+7	1.62732683E+3	
1.22383542E+7	1.62940160E+3	
1.22463577E+7	1.63078365E+3	
1.22543612E+7	1.63079901E+3	
1.22623647E+7	1.63241235E+3	
1.22703682E+7	1.63387527E+3	
1.22783717E+7	1.63485503E+3	
1.22863752E+7	1.63589046E+3	
1.22943787E+7	1.63774011E+3	
1.23023822E+7	1.63866781E+3	
1.23103857E+7	1.63955387E+3	
1.23183892E+7	1.64044717E+3	
1.23263927E+7	1.64297269E+3	
1.23343962E+7	1.64297887E+3	
1.23423997E+7	1.64449628E+3	
1.23504032E+7	1.64581524E+3	
1.23584067E+7	1.64798607E+3	
1.23664102E+7	1.64880402E+3	
1.23744137E+7	1.65060129E+3	
1.23824172E+7	1.65138805E+3	
1.23904207E+7	1.65212295E+3	
1.23984242E+7	1.65300856E+3	
1.24064277E+7	1.65447829E+3	
1.24144312E+7	1.65622418E+3	
1.24224347E+7	1.65661087E+3	
1.24304382E+7	1.65852693E+3	
1.24384417E+7	1.65981330E+3	
1.24464452E+7	1.66170886E+3	
1.24544487E+7	1.66207682E+3	
1.24624522E+7	1.66377928E+3	
1.24704557E+7	1.66512564E+3	
1.24784592E+7	1.66616906E+3	
1.24864627E+7	1.66659622E+3	
1.24944662E+7	1.66842447E+3	
1.25024697E+7	1.66865347E+3	
1.25104732E+7	1.67057623E+3	
1.25184767E+7	1.67149085E+3	
1.25264802E+7	1.67351826E+3	
1.25344837E+7	1.67511782E+3	
1.25424872E+7	1.67573243E+3	
1.25504907E+7	1.67707332E+3	
1.25584942E+7	1.67813096E+3	
1.25664977E+7	1.67832813E+3	
1.25745013E+7	1.68093272E+3	
1.25825048E+7	1.68192183E+3	
1.25905083E+7	1.68325992E+3	
1.25985118E+7	1.68416580E+3	
1.26065153E+7	1.68501622E+3	
1.26145188E+7	1.68768699E+3	
1.26225223E+7	1.68832316E+3	
1.26305258E+7	1.68863408E+3	
1.26385293E+7	1.69138567E+3	
1.26465328E+7	1.69313436E+3	
1.26545363E+7	1.69275768E+3	
1.26625398E+7	1.69432548E+3	
1.26705433E+7	1.69570843E+3	
1.26785468E+7	1.69692540E+3	
1.26865503E+7	1.69918337E+3	
1.26945538E+7	1.70043046E+3	
1.27025573E+7	1.70000465E+3	
1.27105608E+7	1.70267138E+3	
1.27185643E+7	1.70465345E+3	
1.27265678E+7	1.70482075E+3	
1.27345713E+7	1.70616671E+3	
1.27425748E+7	1.70748355E+3	
1.27505783E+7	1.70783027E+3	
1.27585818E+7	1.70937532E+3	
1.27665853E+7	1.71031232E+3	
1.27745888E+7	1.71179871E+3	
1.27825923E+7	1.71403955E+3	
1.27905958E+7	1.71508635E+3	
1.27985993E+7	1.71545915E+3	
1.28066028E+7	1.71807566E+3	
1.28146063E+7	1.71928438E+3	
1.28226098E+7	1.71977058E+3	
1.28306133E+7	1.72101069E+3	
1.28386168E+7	1.72262525E+3	
1.28466203E+7	1.72442672E+3	
1.28546238E+7	1.72520677E+3	
1.28626273E+7	1.72708212E+3	
1.28706308E+7	1.72797885E+3	
1.28786343E+7	1.72849449E+3	
1.28866378E+7	1.73059757E+3	
1.28946413E+7	1.73214960E+3	
1.29026448E+7	1.73247650E+3	
1.29106483E+7	1.73326982E+3	
1.29186518E+7	1.73471229E+3	
1.29266553E+7	1.73637957E+3	
1.29346588E+7	1.73713751E+3	
1.29426623E+7	1.73840614E+3	
1.29506658E+7	1.73959656E+3	
1.29586693E+7	1.74023019E+3	
1.29666728E+7	1.74172911E+3	
1.29746763E+7	1.74331534E+3	
1.29826798E+7	1.74525930E+3	
1.29906833E+7	1.74618496E+3	
1.29986868E+7	1.74742108E+3	
1.30066903E+7	1.74878180E+3	
1.30146938E+7	1.74919618E+3	
1.30226973E+7	1.75137853E+3	
1.30307009E+7	1.75204380E+3	
1.30387044E+7	1.75418993E+3	
1.30467079E+7	1.75362246E+3	
1.30547114E+7	1.75603822E+3	
1.30627149E+7	1.75773297E+3	
1.30707184E+7	1.75830527E+3	
1.30787219E+7	1.75975311E+3	
1.30867254E+7	1.76095630E+3	
1.30947289E+7	1.76271386E+3	
1.31027324E+7	1.76327231E+3	
1.31107359E+7	1.76538696E+3	
1.31187394E+7	1.76596947E+3	
1.31267429E+7	1.76757365E+3	
1.31347464E+7	1.76892408E+3	
1.31427499E+7	1.77098755E+3	
1.31507534E+7	1.77159507E+3	
1.31587569E+7	1.77396542E+3	
1.31667604E+7	1.77454754E+3	
1.31747639E+7	1.77546094E+3	
1.31827674E+7	1.77646614E+3	
1.31907709E+7	1.77743988E+3	
1.31987744E+7	1.78023443E+3	
1.32067779E+7	1.78031205E+3	
1.32147814E+7	1.78224484E+3	
1.32227849E+7	1.78391700E+3	
1.32307884E+7	1.78467223E+3	
1.32387919E+7	1.78455115E+3	
1.32467954E+7	1.78646710E+3	
1.32547989E+7	1.78839144E+3	
1.32628024E+7	1.78990565E+3	
1.32708059E+7	1.79093031E+3	
1.32788094E+7	1.79156196E+3	
1.32868129E+7	1.79352830E+3	
1.32948164E+7	1.79502752E+3	
1.33028199E+7	1.79602353E+3	
1.33108234E+7	1.79756410E+3	
1.33188269E+7	1.79847327E+3	
1.33268304E+7	1.80054834E+3	
1.33348339E+7	1.80081154E+3	
1.33428374E+7	1.80249999E+3	
1.33508409E+7	1.80305763E+3	
1.33588444E+7	1.80601997E+3	
1.33668479E+7	1.80632624E+3	
1.33748514E+7	1.80685174E+3	
1.33828549E+7	1.80930884E+3	
1.33908584E+7	1.81059046E+3	
1.33988619E+7	1.81111473E+3	
1.34068654E+7	1.81350859E+3	
1.34148689E+7	1.81404458E+3	
1.34228724E+7	1.81553098E+3	
1.34308759E+7	1.81657915E+3	
1.34388794E+7	1.81686537E+3	
1.34468829E+7	1.81893789E+3	
1.34548864E+7	1.82071411E+3	
1.34628899E+7	1.82275612E+3	
1.34708934E+7	1.82332282E+3	
1.34788969E+7	1.82491731E+3	
1.34869005E+7	1.82590646E+3	
1.34949040E+7	1.82647622E+3	
1.35029075E+7	1.82769612E+3	
1.35109110E+7	1.82896980E+3	
1.35189145E+7	1.83147043E+3	
1.35269180E+7	1.83128663E+3	
1.35349215E+7	1.83303079E+3	
1.35429250E+7	1.83434780E+3	
1.35509285E+7	1.83583159E+3	
1.35589320E+7	1.83734703E+3	
1.35669355E+7	1.83834518E+3	
1.35749390E+7	1.84034436E+3	
1.35829425E+7	1.84059041E+3	
1.35909460E+7	1.84243853E+3	
1.35989495E+7	1.84332127E+3	
1.36069530E+7	1.84491773E+3	
1.36149565E+7	1.84674834E+3	
1.36229600E+7	1.84783601E+3	
1.36309635E+7	1.84913076E+3	
1.36389670E+7	1.84973705E+3	
1.36469705E+7	1.85061463E+3	
1.36549740E+7	1.85267550E+3	
1.36629775E+7	1.85377212E+3	
1.36709810E+7	1.85519480E+3	
1.36789845E+7	1.85739339E+3	
1.36869880E+7	1.85757276E+3	
1.36949915E+7	1.85951481E+3	
1.37029950E+7	1.85942566E+3	
1.37109985E+7	1.86259828E+3	
1.37190020E+7	1.86396897E+3	
1.37270055E+7	1.86458149E+3	
1.37350090E+7	1.86506316E+3	
1.37430125E+7	1.86686911E+3	
1.37510160E+7	1.86797333E+3	
1.37590195E+7	1.86911011E+3	
1.37670230E+7	1.87044485E+3	
1.37750265E+7	1.87201044E+3	
1.37830300E+7	1.87392845E+3	
1.37910335E+7	1.87366128E+3	
1.37990370E+7	1.87607663E+3	
1.38070405E+7	1.87750503E+3	
1.38150440E+7	1.87860039E+3	
1.38230475E+7	1.87935304E+3	
1.38310510E+7	1.88152344E+3	
1.38390545E+7	1.88286084E+3	
1.38470580E+7	1.88487565E+3	
1.38550615E+7	1.88527996E+3	
1.38630650E+7	1.88663721E+3	
1.38710685E+7	1.88749256E+3	
1.38790720E+7	1.89005291E+3	
1.38870755E+7	1.89151180E+3	
1.38950790E+7	1.89171310E+3	
1.39030825E+7	1.89241065E+3	
1.39110860E+7	1.89440827E+3	
1.39190895E+7	1.89496999E+3	
1.39270930E+7	1.89639627E+3	
1.39350965E+7	1.89835246E+3	
1.39431001E+7	1.90001677E+3	
1.39511036E+7	1.90082946E+3	
1.39591071E+7	1.90139201E+3	
1.39671106E+7	1.90369585E+3	
1.39751141E+7	1.90583162E+3	
1.39831176E+7	1.90581405E+3	
1.39911211E+7	1.90675275E+3	
1.39991246E+7	1.90803326E+3	
1.40071281E+7	1.90991311E+3	
1.40151316E+7	1.91187701E+3	
1.40231351E+7	1.91369076E+3	
1.40311386E+7	1.91371115E+3	
1.40391421E+7	1.91545687E+3	
1.40471456E+7	1.91651683E+3	
1.40551491E+7	1.91823866E+3	
1.40631526E+7	1.91983488E+3	
1.40711561E+7	1.92027420E+3	
1.40791596E+7	1.92251393E+3	
1.40871631E+7	1.92354722E+3	
1.40951666E+7	1.92532560E+3	
1.41031701E+7	1.92671667E+3	
1.41111736E+7	1.92792751E+3	
1.41191771E+7	1.92779767E+3	
1.41271806E+7	1.93024181E+3	
1.41351841E+7	1.93147163E+3	
1.41431876E+7	1.93327334E+3	
1.41511911E+7	1.93373397E+3	
1.41591946E+7	1.93583364E+3	
1.41671981E+7	1.93800660E+3	
1.41752016E+7	1.93782951E+3	
1.41832051E+7	1.93943371E+3	
1.41912086E+7	1.94149683E+3	
1.41992121E+7	1.94180797E+3	
1.42072156E+7	1.94389105E+3	
1.42152191E+7	1.94444826E+3	
1.42232226E+7	1.94647041E+3	
1.42312261E+7	1.94768618E+3	
1.42392296E+7	1.95006044E+3	
1.42472331E+7	1.95142437E+3	
1.42552366E+7	1.95247269E+3	
1.42632401E+7	1.95378709E+3	
1.42712436E+7	1.95513293E+3	
1.42792471E+7	1.95631240E+3	
1.42872506E+7	1.95727813E+3	
1.42952541E+7	1.95832728E+3	
1.43032576E+7	1.96052979E+3	
1.43112611E+7	1.96220862E+3	
1.43192646E+7	1.96275580E+3	
1.43272681E+7	1.96397619E+3	
1.43352716E+7	1.96597294E+3	
1.43432751E+7	1.96702519E+3	
1.43512786E+7	1.96762222E+3	
1.43592821E+7	1.97008074E+3	
1.43672856E+7	1.97076957E+3	
1.43752891E+7	1.97254977E+3	
1.43832926E+7	1.97354382E+3	
1.43912961E+7	1.97582734E+3	
1.43992996E+7	1.97689503E+3	
1.44073032E+7	1.97913566E+3	
1.44153067E+7	1.97909677E+3	
1.44233102E+7	1.98067759E+3	
1.44313137E+7	1.98133062E+3	
1.44393172E+7	1.98306895E+3	
1.44473207E+7	1.98434195E+3	
1.44553242E+7	1.98608510E+3	
1.44633277E+7	1.98611589E+3	
1.44713312E+7	1.98884702E+3	
1.44793347E+7	1.99000057E+3	
1.44873382E+7	1.99093769E+3	
1.44953417E+7	1.99169772E+3	
1.45033452E+7	1.99355669E+3	
1.45113487E+7	1.99542815E+3	
1.45193522E+7	1.99644119E+3	
1.45273557E+7	1.99848250E+3	
1.45353592E+7	1.99912470E+3	
1.45433627E+7	2.00017370E+3	
1.45513662E+7	2.00157987E+3	
1.45593697E+7	2.00302125E+3	
1.45673732E+7	2.00535938E+3	
1.45753767E+7	2.00615807E+3	
1.45833802E+7	2.00801897E+3	
1.45913837E+7	2.00919896E+3	
1.45993872E+7	2.01042801E+3	
1.46073907E+7	2.01130412E+3	
1.46153942E+7	2.01263695E+3	
1.46233977E+7	2.01395125E+3	
1.46314012E+7	2.01605147E+3	
1.46394047E+7	2.01770516E+3	
1.46474082E+7	2.01789099E+3	
1.46554117E+7	2.02081352E+3	
1.46634152E+7	2.02064349E+3	
1.46714187E+7	2.02307997E+3	
1.46794222E+7	2.02292868E+3	
1.46874257E+7	2.02475628E+3	
1.46954292E+7	2.02612703E+3	
1.47034327E+7	2.02774733E+3	
1.47114362E+7	2.03043580E+3	
1.47194397E+7	2.03018400E+3	
1.47274432E+7	2.03182412E+3	
1.47354467E+7	2.03323619E+3	
1.47434502E+7	2.03438272E+3	
1.47514537E+7	2.03531178E+3	
1.47594572E+7	2.03697796E+3	
1.47674607E+7	2.03855038E+3	
1.47754642E+7	2.03999213E+3	
1.47834677E+7	2.04149789E+3	
1.47914712E+7	2.04314482E+3	
1.47994747E+7	2.04412202E+3	
1.48074782E+7	2.04620369E+3	
1.48154817E+7	2.04695071E+3	
1.48234852E+7	2.04846635E+3	
1.48314887E+7	2.04948602E+3	
1.48394922E+7	2.05168118E+3	
1.48474957E+7	2.05249770E+3	
1.48554992E+7	2.05329666E+3	
1.48635028E+7	2.05570264E+3	
1.48715063E+7	2.05649299E+3	
1.48795098E+7	2.05882434E+3	
1.48875133E+7	2.05921625E+3	
1.48955168E+7	2.06048896E+3	
1.49035203E+7	2.06241465E+3	
1.49115238E+7	2.06338937E+3	
1.49195273E+7	2.06437592E+3	
1.49275308E+7	2.06599438E+3	
1.49355343E+7	2.06703089E+3	
1.49435378E+7	2.06861113E+3	
1.49515413E+7	2.07066290E+3	
1.49595448E+7	2.07233125E+3	
1.49675483E+7	2.07376789E+3	
1.49755518E+7	2.07443141E+3	
1.49835553E+7	2.07592710E+3	
1.49915588E+7	2.07757636E+3	
1.49995623E+7	2.07974332E+3	
1.50075658E+7	2.08025247E+3	
1.50155693E+7	2.08216625E+3	
1.50235728E+7	2.08302531E+3	
1.50315763E+7	2.08373043E+3	
1.50395798E+7	2.08553283E+3	
1.50475833E+7	2.08718224E+3	
1.50555868E+7	2.08854948E+3	
1.50635903E+7	2.09032850E+3	
1.50715938E+7	2.09224378E+3	
1.50795973E+7	2.09211438E+3	
1.50876008E+7	2.09377216E+3	
1.50956043E+7	2.09532414E+3	
1.51036078E+7	2.09779429E+3	
1.51116113E+7	2.09835706E+3	
1.51196148E+7	2.09991479E+3	
1.51276183E+7	2.10089770E+3	
1.51356218E+7	2.10147680E+3	
1.51436253E+7	2.10353982E+3	
1.51516288E+7	2.10527600E+3	
1.51596323E+7	2.10743564E+3	
1.51676358E+7	2.10768535E+3	
1.51756393E+7	2.10928530E+3	
1.51836428E+7	2.11011106E+3	
1.51916463E+7	2.11240140E+3	
1.51996498E+7	2.11375465E+3	
1.52076533E+7	2.11497199E+3	
1.52156568E+7	2.11685337E+3	
1.52236603E+7	2.11786791E+3	
1.52316638E+7	2.11933691E+3	
1.52396673E+7	2.12057353E+3	
1.52476708E+7	2.12249061E+3	
1.52556743E+7	2.12300911E+3	
1.52636778E+7	2.12374199E+3	
1.52716813E+7	2.12562288E+3	
1.52796848E+7	2.12731978E+3	
1.52876883E+7	2.12892931E+3	
1.52956918E+7	2.13019268E+3	
1.53036953E+7	2.13144535E+3	
1.53116988E+7	2.13378026E+3	
1.53197024E+7	2.13491347E+3	
1.53277059E+7	2.13668393E+3	
1.53357094E+7	2.13793939E+3	
1.53437129E+7	2.13941126E+3	
1.53517164E+7	2.14025236E+3	
1.53597199E+7	2.14163279E+3	
1.53677234E+7	2.14365517E+3	
1.53757269E+7	2.14381330E+3	
1.53837304E+7	2.14656907E+3	
1.53917339E+7	2.14739500E+3	
1.53997374E+7	2.14931692E+3	
1.54077409E+7	2.15050367E+3	
1.54157444E+7	2.15123872E+3	
1.54237479E+7	2.15405358E+3	
1.54317514E+7	2.15488113E+3	
1.54397549E+7	2.15539958E+3	
1.54477584E+7	2.15682636E+3	
1.54557619E+7	2.15796996E+3	
1.54637654E+7	2.16054295E+3	
1.54717689E+7	2.16081603E+3	
1.54797724E+7	2.16354230E+3	
1.54877759E+7	2.16450484E+3	
1.54957794E+7	2.16547727E+3	
1.55037829E+7	2.16728994E+3	
1.55117864E+7	2.16855485E+3	
1.55197899E+7	2.16971141E+3	
1.55277934E+7	2.17104956E+3	
1.55357969E+7	2.17313155E+3	
1.55438004E+7	2.17321244E+3	
1.55518039E+7	2.17553619E+3	
1.55598074E+7	2.17715411E+3	
1.55678109E+7	2.17865488E+3	
1.55758144E+7	2.17922259E+3	
1.55838179E+7	2.18070109E+3	
1.55918214E+7	2.18262063E+3	
1.55998249E+7	2.18412091E+3	
1.56078284E+7	2.18541954E+3	
1.56158319E+7	2.18678298E+3	
1.56238354E+7	2.18791538E+3	
1.56318389E+7	2.18997415E+3	
1.56398424E+7	2.19127220E+3	
1.56478459E+7	2.19235823E+3	
1.56558494E+7	2.19479696E+3	
1.56638529E+7	2.19489781E+3	
1.56718564E+7	2.19637296E+3	
1.56798599E+7	2.19815860E+3	
1.56878634E+7	2.19884821E+3	
1.56958669E+7	2.20010973E+3	
1.57038704E+7	2.20288528E+3	
1.57118739E+7	2.20405668E+3	
1.57198774E+7	2.20469374E+3	
1.57278809E+7	2.20691538E+3	
1.57358844E+7	2.20845078E+3	
1.57438879E+7	2.21015129E+3	
1.57518914E+7	2.21140235E+3	
1.57598949E+7	2.21262152E+3	
1.57678984E+7	2.21403990E+3	
1.57759020E+7	2.21557374E+3	
1.57839055E+7	2.21621881E+3	
1.57919090E+7	2.21732565E+3	
1.57999125E+7	2.21973668E+3	
1.58079160E+7	2.22113225E+3	
1.58159195E+7	2.22254628E+3	
1.58239230E+7	2.22443212E+3	
1.58319265E+7	2.22501531E+3	
1.58399300E+7	2.22707144E+3	
1.58479335E+7	2.22807692E+3	
1.58559370E+7	2.22991533E+3	
1.58639405E+7	2.23094241E+3	
1.58719440E+7	2.23340453E+3	
1.58799475E+7	2.23436962E+3	
1.58879510E+7	2.23607710E+3	
1.58959545E+7	2.23645333E+3	
1.59039580E+7	2.23859058E+3	
1.59119615E+7	2.24010373E+3	
1.59199650E+7	2.24154085E+3	
1.59279685E+7	2.24311083E+3	
1.59359720E+7	2.24423617E+3	
1.59439755E+7	2.24635986E+3	
1.59519790E+7	2.24800088E+3	
1.59599825E+7	2.24870239E+3	
1.59679860E+7	2.25095516E+3	
1.59759895E+7	2.25183712E+3	
1.59839930E+7	2.25352880E+3	
1.59919965E+7	2.25464377E+3	
1.60000000E+7	2.25589091E+3	
